pos	val	Chromosome	valScaled
60683.0	6.617247217607124e-09	chr10	1.7491231628768662e-08
2825248.0816326533	9.256809007559255e-09	chr10	2.446833028448358e-08
5589813.1632653065	1.1098778350711434e-08	chr10	2.9337169451991085e-08
8354378.24489796	1.183003137405252e-08	chr10	3.127007532506522e-08
11118943.326530613	1.1633301283014658e-08	chr10	3.0750062776412655e-08
13883508.408163266	1.0839977860735225e-08	chr10	2.8653087511729284e-08
16648073.48979592	9.716198102795969e-09	chr10	2.568262390360901e-08
19412638.571428575	8.52961508411091e-09	chr10	2.254615374554091e-08
22177203.653061226	7.577944688126208e-09	chr10	2.003062322612505e-08
24941768.734693877	7.023757222241836e-09	chr10	1.856575105001053e-08
27706333.816326533	6.771017343189517e-09	chr10	1.789768899626582e-08
30470898.897959188	6.609736731852222e-09	chr10	1.7471379318334496e-08
33235463.97959184	6.4724625245011826e-09	chr10	1.710852526762836e-08
36000029.06122449	6.452462680372287e-09	chr10	1.7055660096554356e-08
38764594.14285715	6.573697871966064e-09	chr10	1.7376118551254757e-08
41529159.2244898	6.688240281969603e-09	chr10	1.7678886115893783e-08
44293724.30612245	6.651263179848825e-09	chr10	1.7581145312673643e-08
47058289.3877551	6.460395613629622e-09	chr10	1.7076629053665465e-08
49822854.469387755	6.162831112019614e-09	chr10	1.6290083009517235e-08
52587419.55102041	5.758557878021898e-09	chr10	1.522147599747296e-08
55351984.632653065	5.269819681939396e-09	chr10	1.3929604511886107e-08
58116549.71428572	4.816431317839762e-09	chr10	1.2731172500285533e-08
60881114.795918375	4.562011618878781e-09	chr10	1.2058670213593376e-08
63645679.87755103	4.6153810554571985e-09	chr10	1.2199740532774762e-08
66410244.95918368	4.968141241245245e-09	chr10	1.313218417831494e-08
69174810.04081634	5.474530112164974e-09	chr10	1.4470711324757347e-08
71939375.12244898	5.9310631485432445e-09	chr10	1.5677455583038964e-08
74703940.20408164	6.2354466454049374e-09	chr10	1.6482026135188847e-08
77468505.2857143	6.413161423311858e-09	chr10	1.6951775903031006e-08
80233070.36734694	6.471637417605058e-09	chr10	1.7106344279769813e-08
82997635.4489796	6.359416032070124e-09	chr10	1.6809711830725138e-08
85762200.53061225	6.1010419138567365e-09	chr10	1.6126756910055958e-08
88526765.6122449	5.829630343922808e-09	chr10	1.5409340365029433e-08
91291330.69387756	5.64180129546185e-09	chr10	1.491285575667142e-08
94055895.7755102	5.508154613634747e-09	chr10	1.4559590268564186e-08
96820460.85714287	5.340888538099289e-09	chr10	1.4117459337889396e-08
99585025.93877551	5.105104461182805e-09	chr10	1.3494216202473792e-08
102349591.02040817	4.8740611094354184e-09	chr10	1.2883504127073658e-08
105114156.10204083	4.795937518144769e-09	chr10	1.267700166676054e-08
107878721.18367347	4.993554819312655e-09	chr10	1.3199359359455234e-08
110643286.26530613	5.487913982048152e-09	chr10	1.450608862902264e-08
113407851.34693879	6.209396613050231e-09	chr10	1.6413168627698315e-08
116172416.42857143	7.05718908804681e-09	chr10	1.8654120803980243e-08
118936981.51020409	7.94755760490775e-09	chr10	2.1007613344192385e-08
121701546.59183675	8.827733966387356e-09	chr10	2.333416517254825e-08
124466111.6734694	9.618169018579034e-09	chr10	2.5423505668788923e-08
127230676.75510205	1.0083955599888558e-08	chr10	2.6654709629490166e-08
129995241.8367347	9.812105608408583e-09	chr10	2.5936134213930206e-08
132759806.91836736	8.489450720948657e-09	chr10	2.243998812165071e-08
135524372.0	6.2893231682931014e-09	chr10	1.662443682504219e-08
87267.0	5.174721259852011e-09	chr11	1.3678232835181187e-08
2839495.224489796	7.241157874645497e-09	chr11	1.91404016626278e-08
5591723.448979592	8.227489770730205e-09	chr11	2.1747552202712775e-08
8343951.673469388	8.102138219601892e-09	chr11	2.141621306066337e-08
11096179.897959184	7.456276510308318e-09	chr11	1.9709020267964376e-08
13848408.12244898	6.9293267292299385e-09	chr11	1.831614489630736e-08
16600636.346938776	6.813624924776784e-09	chr11	1.8010312728488123e-08
19352864.57142857	6.822023991029871e-09	chr11	1.8032513805230006e-08
22105092.795918368	6.395565727345231e-09	chr11	1.6905265566678035e-08
24857321.020408165	5.45919683459317e-09	chr11	1.4430181191785586e-08
27609549.24489796	4.572696380273392e-09	chr11	1.2086913020655801e-08
30361777.469387755	4.252346070439506e-09	chr11	1.1240137724616835e-08
33114005.69387755	4.380144679570526e-09	chr11	1.1577945124074017e-08
35866233.91836735	4.448684958217468e-09	chr11	1.1759116213847437e-08
38618462.14285714	4.349122199863223e-09	chr11	1.14959440501508e-08
41370690.36734694	4.769129949983345e-09	chr11	1.2606141780663521e-08
44122918.591836736	7.137531590852267e-09	chr11	1.8866488466845562e-08
46875146.81632653	1.3012407707434425e-08	chr11	3.439542603956304e-08
49627375.04081633	2.1527603700076157e-08	chr11	5.690346610120036e-08
52379603.26530612	2.7380029725502745e-08	chr11	7.237306181595547e-08
55131831.48979592	2.5412086331401717e-08	chr11	6.717123806559942e-08
57884059.71428572	1.7314426740896985e-08	chr11	4.576686327186816e-08
60636287.93877551	9.355412299821366e-09	chr11	2.4728966311459678e-08
63388516.16326531	5.095473598372359e-09	chr11	1.3468759143569574e-08
66140744.3877551	3.918335995993225e-09	chr11	1.0357255857526067e-08
68892972.6122449	4.047340639996251e-09	chr11	1.0698251143819714e-08
71645200.8367347	4.377405362652864e-09	chr11	1.1570704344768699e-08
74397429.06122449	4.5867562751645895e-09	chr11	1.2124077247732543e-08
77149657.28571428	4.67261644890122e-09	chr11	1.2351029655150198e-08
79901885.51020408	4.577533289056733e-09	chr11	1.2099698320813779e-08
82654113.73469388	4.290567345428431e-09	chr11	1.1341167224043623e-08
85406341.95918368	3.9828686204476e-09	chr11	1.0527833598514862e-08
88158570.18367347	3.830260573040608e-09	chr11	1.0124447928034343e-08
90910798.40816326	3.890189607426857e-09	chr11	1.0282857095361384e-08
93663026.63265306	4.122556694973281e-09	chr11	1.0897068174004839e-08
96415254.85714287	4.371927373697823e-09	chr11	1.155622449075667e-08
99167483.08163266	4.438330211088697e-09	chr11	1.1731745726614507e-08
101919711.30612245	4.281280278598195e-09	chr11	1.1316618913887205e-08
104671939.53061225	4.1044829241856394e-09	chr11	1.0849294152443312e-08
107424167.75510204	4.180321947760448e-09	chr11	1.1049757862536693e-08
110176395.97959185	4.619425604396115e-09	chr11	1.2210431404673312e-08
112928624.20408164	5.332405754555909e-09	chr11	1.4095036972979229e-08
115680852.42857143	6.14093251025562e-09	chr11	1.623219889196742e-08
118433080.65306123	6.8807186687800904e-09	chr11	1.818766022339213e-08
121185308.87755102	7.442048883889289e-09	chr11	1.967141267963661e-08
123937537.10204081	7.790653657446367e-09	chr11	2.0592872410649388e-08
126689765.32653062	7.927222753565401e-09	chr11	2.095386265553454e-08
129441993.55102041	7.678941142009103e-09	chr11	2.0297585047326097e-08
132194221.7755102	6.664440925912366e-09	chr11	1.76159777741433e-08
134946450.0	4.803715538534134e-09	chr11	1.2697561145917022e-08
60316.0	7.336989127953639e-09	chr12	1.9393710416822122e-08
2790550.6530612246	9.589807696867417e-09	chr12	2.534853877832185e-08
5520785.306122449	1.089584828253072e-08	chr12	2.880076863300004e-08
8251019.959183674	1.1084915922063909e-08	chr12	2.9300527183319913e-08
10981254.612244898	1.045731930261786e-08	chr12	2.764161412186524e-08
13711489.265306123	9.498260406238913e-09	chr12	2.510655373337616e-08
16441723.918367349	8.607443913129378e-09	chr12	2.2751877066884512e-08
19171958.57142857	7.971823548525697e-09	chr12	2.1071755007115725e-08
21902193.224489797	7.545855438509912e-09	chr12	1.9945802381539015e-08
24632427.877551023	7.1253978977638185e-09	chr12	1.883441572884089e-08
27362662.530612245	6.49949041718517e-09	chr12	1.7179967532943044e-08
30092897.18367347	5.60407335835378e-09	chr12	1.4813130286981094e-08
32823131.836734697	4.5924744751408616e-09	chr12	1.2139192046529611e-08
35553366.48979592	3.7684949528810295e-09	chr12	9.961184151817682e-09
38283601.14285714	3.3980673765435356e-09	chr12	8.982040661128292e-09
41013835.79591837	3.5353661196179154e-09	chr12	9.344959566600467e-09
43744070.448979594	4.0129479660401265e-09	chr12	1.0607341705692837e-08
46474305.10204082	4.5737974469440235e-09	chr12	1.2089823447233715e-08
49204539.755102046	4.999378063047858e-09	chr12	1.3214751818230568e-08
51934774.408163264	5.173900539610317e-09	chr12	1.3676063442474854e-08
54665009.06122449	5.123983452118446e-09	chr12	1.3544118645667102e-08
57395243.71428572	5.016442537905594e-09	chr12	1.3259857988900113e-08
60125478.36734694	5.049309653982376e-09	chr12	1.3346734951685932e-08
62855713.02040817	5.2868878702132066e-09	chr12	1.3974720498150953e-08
65585947.673469394	5.600841288280437e-09	chr12	1.4804587023531176e-08
68316182.32653062	5.785420790033315e-09	chr12	1.5292482172814984e-08
71046416.97959185	5.722360783495371e-09	chr12	1.5125796972066856e-08
73776651.63265306	5.430582154018447e-09	chr12	1.4354544603117118e-08
76506886.28571428	4.996683843977817e-09	chr12	1.3207630245125766e-08
79237120.93877551	4.523784436481855e-09	chr12	1.1957625099238163e-08
81967355.59183674	4.161520092193905e-09	chr12	1.1000059309656576e-08
84697590.24489796	4.115033604096338e-09	chr12	1.0877182544714344e-08
87427824.89795919	4.5345992226962935e-09	chr12	1.1986211598196376e-08
90158059.55102041	5.357892294006284e-09	chr12	1.416240501142218e-08
92888294.20408164	6.288203346281965e-09	chr12	1.662147682286369e-08
95618528.85714287	6.984134048692484e-09	chr12	1.8461015941342605e-08
98348763.51020409	7.295094089077467e-09	chr12	1.928297013389457e-08
101078998.16326532	7.309960116436306e-09	chr12	1.932226519411858e-08
103809232.81632653	7.2220599717806864e-09	chr12	1.9089920574095504e-08
106539467.46938775	7.2108062971779785e-09	chr12	1.906017397060954e-08
109269702.12244898	7.408809363180674e-09	chr12	1.9583551347450524e-08
111999936.7755102	7.855365640996594e-09	chr12	2.076392424779737e-08
114730171.42857143	8.464394725351066e-09	chr12	2.2373758130798812e-08
117460406.08163266	9.150704310533608e-09	chr12	2.4187865950668492e-08
120190640.73469388	9.992528950501045e-09	chr12	2.6413043473021936e-08
122920875.38775511	1.10831981840338e-08	chr12	2.929598672219248e-08
125651110.04081634	1.2120462027234616e-08	chr12	3.203776461637443e-08
128381344.69387756	1.2331015924702063e-08	chr12	3.25943173443946e-08
131111579.34693879	1.1056999389242318e-08	chr12	2.922673599405388e-08
133841814.0	8.434939048716625e-09	chr12	2.2295898554776892e-08
19020094.0	8.8369053036808e-09	chr13	2.3358407577232533e-08
20981109.448979594	1.2107279848489995e-08	chr13	3.2002920438091277e-08
22942124.897959184	1.4630039165366623e-08	chr13	3.867127755156177e-08
24903140.346938774	1.5937539275136215e-08	chr13	4.212736533588523e-08
26864155.795918368	1.6042193389952566e-08	chr13	4.240399537598497e-08
28825171.24489796	1.5283375539304596e-08	chr13	4.039822796950026e-08
30786186.69387755	1.4078078949439133e-08	chr13	3.721229261882957e-08
32747202.14285714	1.2791443891219871e-08	chr13	3.381135699032129e-08
34708217.591836736	1.169877788252323e-08	chr13	3.092313570698434e-08
36669233.04081633	1.0934976067663112e-08	chr13	2.890419429179216e-08
38630248.48979592	1.0459179400306167e-08	chr13	2.76465308793096e-08
40591263.93877551	1.0113776805077366e-08	chr13	2.6733535399520123e-08
42552279.3877551	9.741075541950683e-09	chr13	2.5748381919937595e-08
44513294.8367347	9.25096143907632e-09	chr13	2.4452873528609635e-08
46474310.28571428	8.614481253194572e-09	chr13	2.2770478721180155e-08
48435325.73469388	7.84149657333621e-09	chr13	2.0727264430361902e-08
50396341.18367347	6.97929658065619e-09	chr13	1.8448229162922954e-08
52357356.632653065	6.12200589967762e-09	chr13	1.6182170576766128e-08
54318372.08163266	5.4044262263215324e-09	chr13	1.4285407184675997e-08
56279387.530612245	4.949613235341069e-09	chr13	1.3083209486538753e-08
58240402.97959184	4.784584745966946e-09	chr13	1.264699312072004e-08
60201418.42857143	4.82142273290422e-09	chr13	1.2744366203675584e-08
62162433.87755102	4.96793186691198e-09	chr13	1.3131630743504386e-08
64123449.32653061	5.265087243355351e-09	chr13	1.3917095355628168e-08
66084464.77551021	5.8778992216688935e-09	chr13	1.553692848337433e-08
68045480.22448981	6.908934133175296e-09	chr13	1.826224157225524e-08
70006495.6734694	8.193989486847271e-09	chr13	2.165900160066382e-08
71967511.12244898	9.290173883062979e-09	chr13	2.4556522964386463e-08
73928526.57142857	9.725087511212401e-09	chr13	2.570612109156971e-08
75889542.02040817	9.323258131135177e-09	chr13	2.4643973867649485e-08
77850557.46938775	8.312751146032043e-09	chr13	2.1972921818710153e-08
79811572.91836736	7.126637392859085e-09	chr13	1.8837692060387994e-08
81772588.36734694	6.124795956212012e-09	chr13	1.6189545475042644e-08
83733603.81632653	5.486485250415984e-09	chr13	1.4502312092482324e-08
85694619.26530613	5.279737219044246e-09	chr13	1.395581933097678e-08
87655634.71428572	5.542303210406555e-09	chr13	1.4649854542557732e-08
89616650.16326532	6.268809505062435e-09	chr13	1.657021348664742e-08
91577665.6122449	7.351705307527088e-09	chr13	1.943260938751871e-08
93538681.06122449	8.586759348488024e-09	chr13	2.2697201988353445e-08
95499696.51020409	9.774988522380886e-09	chr13	2.5838023394166977e-08
97460711.95918368	1.0838410097829246e-08	chr13	2.8648943476721113e-08
99421727.40816326	1.1854628441574177e-08	chr13	3.133509224090071e-08
101382742.85714287	1.298545091628024e-08	chr13	3.4324171715439915e-08
103343758.30612245	1.4323890230613527e-08	chr13	3.786204045423543e-08
105304773.75510204	1.5725949687639133e-08	chr13	4.156807498999947e-08
107265789.20408164	1.6752740099479478e-08	chr13	4.42821686813929e-08
109226804.65306123	1.6819580382985262e-08	chr13	4.4458846209447384e-08
111187820.10204083	1.5503224355812738e-08	chr13	4.0979349763261066e-08
113148835.55102041	1.2831544277897659e-08	chr13	3.3917353506503734e-08
115109851.0	9.356685391498082e-09	chr13	2.473233144815018e-08
19000058.0	1.1792934663329974e-08	chr14	3.117201836292136e-08
20801882.020408165	1.5287472042497226e-08	chr14	4.0409056170994623e-08
22603706.040816326	1.706810276732218e-08	chr14	4.511576024732775e-08
24405530.06122449	1.687045693956993e-08	chr14	4.4593327150907273e-08
26207354.08163265	1.5446793951186017e-08	chr14	4.0830188451045795e-08
28009178.102040816	1.3968864591772844e-08	chr14	3.6923608583866303e-08
29811002.12244898	1.3200239628431982e-08	chr14	3.489191824083716e-08
31612826.14285714	1.3066306963807766e-08	chr14	3.453789682036385e-08
33414650.163265307	1.2885990241702063e-08	chr14	3.406126938766055e-08
35216474.18367347	1.2028948491363124e-08	chr14	3.1795868794674314e-08
37018298.20408163	1.0426635979820639e-08	chr14	2.756050953433246e-08
38820122.22448979	8.53778286346593e-09	chr14	2.2567743466446487e-08
40621946.24489796	6.9320099629519265e-09	chr14	1.832323743207065e-08
42423770.26530612	5.951581969098865e-09	chr14	1.5731692553683272e-08
44225594.28571428	5.665312417119944e-09	chr14	1.4975002214443114e-08
46027418.30612245	5.9810911501336145e-09	chr14	1.5809693556771186e-08
47829242.32653061	6.728905343081624e-09	chr14	1.7786375224237178e-08
49631066.346938774	7.678597166182508e-09	chr14	2.0296675823194097e-08
51432890.36734694	8.564831692868871e-09	chr14	2.2639241073353936e-08
53234714.3877551	9.158077549533107e-09	chr14	2.4207355479615115e-08
55036538.408163264	9.338782979327551e-09	chr14	2.468501037524916e-08
56838362.42857143	9.126584512522829e-09	chr14	2.412411059138207e-08
58640186.448979594	8.659914967337806e-09	chr14	2.289057271067477e-08
60442010.469387755	8.131654338390515e-09	chr14	2.1494232402171477e-08
62243834.48979592	7.702337786190933e-09	chr14	2.0359428909171153e-08
64045658.510204084	7.453219276662518e-09	chr14	1.9700939145998784e-08
65847482.530612245	7.408424257504047e-09	chr14	1.9582533405643315e-08
67649306.55102041	7.568607574779762e-09	chr14	2.0005942629055588e-08
69451130.57142857	7.906864617753029e-09	chr14	2.0900050419522463e-08
71252954.59183674	8.353138680864517e-09	chr14	2.2079677347624065e-08
73054778.6122449	8.793561000006981e-09	chr14	2.3243836482876384e-08
74856602.63265306	9.080172920427326e-09	chr14	2.4001431797480828e-08
76658426.65306123	9.078467315012084e-09	chr14	2.3996923406241357e-08
78460250.6734694	8.770767380923905e-09	chr14	2.3183586584704347e-08
80262074.69387755	8.325096765972884e-09	chr14	2.2005554738545975e-08
82063898.71428572	8.027216188563412e-09	chr14	2.1218173217825862e-08
83865722.73469388	8.131603972152226e-09	chr14	2.149409927014373e-08
85667546.75510204	8.770421309423111e-09	chr14	2.3182671821120424e-08
87469370.7755102	9.951479799255033e-09	chr14	2.6304539107234012e-08
89271194.79591838	1.1577187106384671e-08	chr14	3.0601737343069146e-08
91073018.81632653	1.3444258016883998e-08	chr14	3.5536926960284176e-08
92874842.8367347	1.5243390192478547e-08	chr14	4.0292535535759817e-08
94676666.85714287	1.6607913499065113e-08	chr14	4.389935154753784e-08
96478490.87755102	1.724066402145545e-08	chr14	4.557188781320813e-08
98280314.89795919	1.704743775763044e-08	chr14	4.506113685798736e-08
100082138.91836736	1.6138772042109776e-08	chr14	4.265927971397694e-08
101883962.93877551	1.4678184537567342e-08	chr14	3.879853921027317e-08
103685786.95918368	1.2737547732974125e-08	chr14	3.366889439873656e-08
105487610.97959185	1.0331873141963541e-08	chr14	2.7310024900427954e-08
107289435.0	7.604898972048442e-09	chr14	2.0101870922934218e-08
20000446.0	1.3729237018232015e-08	chr15	3.629020601394417e-08
21684535.285714287	1.7606455964858683e-08	chr15	4.653877803199567e-08
23368624.57142857	1.9606290768215926e-08	chr15	5.182489967963809e-08
25052713.85714286	1.953719698650671e-08	chr15	5.164226552675835e-08
26736803.14285714	1.8108870617303992e-08	chr15	4.786680020959023e-08
28420892.42857143	1.630957842342196e-08	chr15	4.3110768661110996e-08
30104981.714285716	1.4843297770907937e-08	chr15	3.923497957805191e-08
31789071.0	1.393444114026998e-08	chr15	3.6832617792091714e-08
33473160.285714284	1.3402346346062748e-08	chr15	3.54261427144829e-08
35157249.57142857	1.2867520785678277e-08	chr15	3.4012449459562677e-08
36841338.85714286	1.1990319668783662e-08	chr15	3.1693762033197097e-08
38525428.14285714	1.0640302970079284e-08	chr15	2.812529103563283e-08
40209517.42857143	8.952113577730282e-09	chr15	2.3662935206423763e-08
41893606.71428572	7.2674179888849804e-09	chr15	1.9209814475185048e-08
43577696.0	5.963278450235698e-09	chr15	1.5762609618450252e-08
45261785.28571428	5.247097105633709e-09	chr15	1.3869542399606604e-08
46945874.57142857	5.0833749509387444e-09	chr15	1.3436779041013774e-08
48629963.85714286	5.3110374711483074e-09	chr15	1.4038554634885975e-08
50314053.14285714	5.8075466127035305e-09	chr15	1.5350966898649628e-08
51998142.42857143	6.5368229362593975e-09	chr15	1.7278647802387302e-08
53682231.71428572	7.484584827818185e-09	chr15	1.978384705352988e-08
55366321.0	8.579265361604333e-09	chr15	2.267739328904162e-08
57050410.28571428	9.645341714641209e-09	chr15	2.5495330689854632e-08
58734499.57142857	1.0413107973179764e-08	chr15	2.7524751236380184e-08
60418588.85714286	1.0637925026437475e-08	chr15	2.811900546677447e-08
62102678.14285714	1.0292498047353923e-08	chr15	2.7205945533650035e-08
63786767.428571425	9.63905021106007e-09	chr15	2.5478700489589768e-08
65470856.71428572	9.044002669444875e-09	chr15	2.3905823727055206e-08
67154946.0	8.680717029140474e-09	chr15	2.2945558367003018e-08
68839035.28571428	8.422069755744466e-09	chr15	2.2261881420933747e-08
70523124.57142857	8.033921641837178e-09	chr15	2.1235897602684154e-08
72207213.85714287	7.465394630473767e-09	chr15	1.9733122004923582e-08
73891303.14285713	6.941461669298885e-09	chr15	1.8348220930429588e-08
75575392.42857143	6.766075879281435e-09	chr15	1.7884627327726147e-08
77259481.71428572	7.028070525254335e-09	chr15	1.85771523139494e-08
78943571.0	7.512646393015733e-09	chr15	1.9858021603851967e-08
80627660.28571428	7.935813076979574e-09	chr15	2.0976569278343422e-08
82311749.57142857	8.268969654583036e-09	chr15	2.1857195115021355e-08
83995838.85714287	8.792317482176603e-09	chr15	2.3240549518117412e-08
85679928.14285713	9.829897325999552e-09	chr15	2.598316269015658e-08
87364017.42857143	1.149061076510551e-08	chr15	3.037289190491537e-08
89048106.71428572	1.364802896694831e-08	chr15	3.6075550464829315e-08
90732196.0	1.602787167321835e-08	chr15	4.2366139080688456e-08
92416285.28571428	1.8230397458175857e-08	chr15	4.8188029574747755e-08
94100374.57142857	1.97667469092114e-08	chr15	5.224903005230158e-08
95784463.85714285	2.0206686116367308e-08	chr15	5.3411912187710674e-08
97468553.14285713	1.932056987020366e-08	chr15	5.106965958599087e-08
99152642.42857143	1.711114301192229e-08	chr15	4.522952762867271e-08
100836731.71428572	1.3826252317620944e-08	chr15	3.65466445324615e-08
102520821.0	9.994925100043312e-09	chr15	2.6419377165157456e-08
60179.0	8.15074541456589e-09	chr16	2.1544695445857898e-08
1901660.7959183673	1.1300684044132835e-08	chr16	2.987086256253471e-08
3743142.5918367347	1.4060299780109103e-08	chr16	3.716529731115976e-08
5584624.387755102	1.594299121925955e-08	chr16	4.2141776346136536e-08
7426106.183673469	1.668562794704775e-08	chr16	4.410477252787379e-08
9267587.979591837	1.6346576146740505e-08	chr16	4.320856397191333e-08
11109069.775510203	1.527024473144317e-08	chr16	4.036351957880179e-08
12950551.57142857	1.3902838413472281e-08	chr16	3.674908296313014e-08
14792033.367346939	1.2601081783002655e-08	chr16	3.33081767979131e-08
16633515.163265307	1.1565476832960574e-08	chr16	3.057078382143675e-08
18474996.959183674	1.0890125300270798e-08	chr16	2.878564119329229e-08
20316478.755102042	1.0610418444245593e-08	chr16	2.8046297891462218e-08
22157960.551020406	1.0639714780277693e-08	chr16	2.8123736285791543e-08
23999442.346938774	1.0673489398351035e-08	chr16	2.8213012029687304e-08
25840924.14285714	1.0291034223153479e-08	chr16	2.7202076237655523e-08
27682405.93877551	9.275125675672225e-09	chr16	2.4516746351481766e-08
29523887.734693877	7.81915675359424e-09	chr16	2.0668214050528423e-08
31365369.530612245	6.365709893503889e-09	chr16	1.6826348263452697e-08
33206851.326530613	5.2641245662411644e-09	chr16	1.3914550731279972e-08
35048333.12244898	4.6025400345845055e-09	chr16	1.2165798129982782e-08
36889814.91836735	4.285621814427575e-09	chr16	1.13280948050424e-08
38731296.71428572	4.177453409818974e-09	chr16	1.1042175515992843e-08
40572778.510204084	4.184966328324803e-09	chr16	1.106203425686682e-08
42414260.30612245	4.2935872786520725e-09	chr16	1.1349149750580878e-08
44255742.10204081	4.580288900568433e-09	chr16	1.2106982171279847e-08
46097223.89795918	5.179240063722938e-09	chr16	1.3690177295255318e-08
47938705.69387755	6.178611647680021e-09	chr16	1.633179537047117e-08
49780187.489795916	7.501055549122594e-09	chr16	1.9827383767809157e-08
51621669.28571428	8.869774187575888e-09	chr16	2.344528921285563e-08
53463151.08163265	9.906773387783022e-09	chr16	2.6186367581729068e-08
55304632.87755102	1.0311285888289314e-08	chr16	2.725560704194777e-08
57146114.67346939	1.0012589707654996e-08	chr16	2.646606965422529e-08
58987596.469387755	9.192085457783942e-09	chr16	2.429724787457393e-08
60829078.26530612	8.147337778524641e-09	chr16	2.153568811254482e-08
62670560.06122449	7.114558378430287e-09	chr16	1.880576385334456e-08
64512041.85714286	6.219522287602186e-09	chr16	1.643993361216414e-08
66353523.653061226	5.58151118183367e-09	chr16	1.4753492156111151e-08
68195005.44897959	5.408092702190539e-09	chr16	1.4295098703910074e-08
70036487.24489796	5.938722619459774e-09	chr16	1.569770170284515e-08
71877969.04081632	7.302010705442744e-09	chr16	1.9301252681750796e-08
73719450.8367347	9.451470674757299e-09	chr16	2.4982875411518218e-08
75560932.63265306	1.2206000267464844e-08	chr16	3.226386606366556e-08
77402414.42857143	1.5288498056996067e-08	chr16	4.041176821373136e-08
79243896.2244898	1.831860945277208e-08	chr16	4.8421198501218086e-08
81085378.02040817	2.0800029051345367e-08	chr16	5.498028319905511e-08
82926859.81632653	2.213410520864378e-08	chr16	5.850661889581366e-08
84768341.6122449	2.1733131247537063e-08	chr16	5.744673278302631e-08
86609823.40816326	1.9318117937297866e-08	chr16	5.106317844285339e-08
88451305.20408162	1.52469688345832e-08	chr16	4.030199488583554e-08
90292787.0	1.0503794939110464e-08	chr16	2.7764462202986286e-08
51.0	8.519687840483942e-09	chr17	2.251991326940266e-08
1656995.2857142857	1.12260937170546e-08	chr17	2.9673699505860697e-08
3313939.5714285714	1.2640867812255213e-08	chr17	3.3413342379666464e-08
4970883.857142857	1.3038415235558174e-08	chr17	3.4464171196505915e-08
6627828.142857143	1.3181865520116717e-08	chr17	3.484335034334963e-08
8284772.428571428	1.3486964984022215e-08	chr17	3.5649813396261536e-08
9941716.714285715	1.3776637976390689e-08	chr17	3.6415499978536105e-08
11598661.0	1.3616356336921075e-08	chr17	3.5991830862118294e-08
13255605.285714285	1.2748169542946467e-08	chr17	3.3696970807616776e-08
14912549.57142857	1.1507610480062576e-08	chr17	3.0417826897089443e-08
16569493.857142856	1.1308792896200203e-08	chr17	2.989229652216922e-08
18226438.14285714	1.4557440682984667e-08	chr17	3.847937949645192e-08
19883382.42857143	2.283326546816097e-08	chr17	6.035469463527007e-08
21540326.714285713	3.381853632419096e-08	chr17	8.939183209271943e-08
23197271.0	4.092663928772092e-08	chr17	1.0818053248242596e-07
24854215.285714284	3.870813889489374e-08	chr17	1.0231641664038756e-07
26511159.57142857	2.8750839329296974e-08	chr17	7.599649426609989e-08
28168103.85714286	1.7934362386495724e-08	chr17	4.740552624085104e-08
29825048.14285714	1.137607342738318e-08	chr17	3.007013774773153e-08
31481992.42857143	9.149573730188586e-09	chr17	2.41848775112103e-08
33138936.714285713	8.729202962499248e-09	chr17	2.3073720223924246e-08
34795881.0	8.18370862201037e-09	chr17	2.1631826404952855e-08
36452825.28571428	7.06007327297017e-09	chr17	1.866174450986514e-08
38109769.57142857	5.740715792997923e-09	chr17	1.517431438606087e-08
39766713.85714286	4.694512167819689e-09	chr17	1.2408906152534537e-08
41423658.14285714	4.154364131359328e-09	chr17	1.0981144107553964e-08
43080602.428571425	4.162851660318781e-09	chr17	1.1003579015923513e-08
44737546.71428572	4.657159187603797e-09	chr17	1.2310171798581045e-08
46394491.0	5.401681293208008e-09	chr17	1.4278151560197228e-08
48051435.28571428	6.037558612567109e-09	chr17	1.5958952823114605e-08
49708379.57142857	6.426198101384793e-09	chr17	1.6986235482421765e-08
51365323.85714286	6.764030265399163e-09	chr17	1.7879220199193507e-08
53022268.14285714	7.123670520598242e-09	chr17	1.882984978878761e-08
54679212.428571425	7.171707971085138e-09	chr17	1.8956826180282568e-08
56336156.71428572	6.657326727331689e-09	chr17	1.7597172961335855e-08
57993101.0	5.8965272495717145e-09	chr17	1.55861675612145e-08
59650045.28571428	5.4718155406852896e-09	chr17	1.4463535954552395e-08
61306989.57142857	5.668846154676685e-09	chr17	1.498434286926341e-08
62963933.85714286	6.365625507379986e-09	chr17	1.6826125207370475e-08
64620878.14285714	7.294533449774868e-09	chr17	1.9281488207712962e-08
66277822.428571425	8.331771147343642e-09	chr17	2.2023196991690764e-08
67934766.71428572	9.538310002111774e-09	chr17	2.5212415995282726e-08
69591711.0	1.0892277540799534e-08	chr17	2.8791330165816813e-08
71248655.28571428	1.2164645853137325e-08	chr17	3.215455480233773e-08
72905599.57142857	1.3192740445162812e-08	chr17	3.487209580602793e-08
74562543.85714285	1.392545035264714e-08	chr17	3.680885263058804e-08
76219488.14285713	1.4001264847663867e-08	chr17	3.700925150485516e-08
77876432.42857143	1.278255116213136e-08	chr17	3.37878510248973e-08
79533376.71428572	1.0115614438822591e-08	chr17	2.673839277849201e-08
81190321.0	6.7242339432092406e-09	chr17	1.7774027410333378e-08
10718.0	1.0768062345976354e-08	chr18	2.8462994730700555e-08
1602684.4081632653	1.5023345734418308e-08	chr18	3.9710896606762646e-08
3194650.8163265307	1.823282251897788e-08	chr18	4.819443968741351e-08
4786617.224489796	1.9826861390946076e-08	chr18	5.240792940873893e-08
6378583.632653061	1.999084098891603e-08	chr18	5.284137326177394e-08
7970550.040816327	1.943566422977279e-08	chr18	5.137388610741082e-08
9562516.448979592	1.9120600119482796e-08	chr18	5.054108371243139e-08
11154482.857142858	2.0146143162921394e-08	chr18	5.325188026093082e-08
12746449.265306123	2.3312679969206252e-08	chr18	6.162192099212452e-08
14338415.673469387	2.800272168911518e-08	chr18	7.401901050288643e-08
15930382.081632653	3.1626585127956244e-08	chr18	8.359789318859576e-08
17522348.48979592	3.12747362069701e-08	chr18	8.266785827031045e-08
19114314.897959184	2.643853702164022e-08	chr18	6.988443377796447e-08
20706281.30612245	1.951459828089929e-08	chr18	5.1582530839313395e-08
22298247.714285716	1.3449580786593685e-08	chr18	3.555099652650062e-08
23890214.12244898	9.521965161953202e-09	chr18	2.516921202001215e-08
25482180.530612245	7.3756616921456106e-09	chr18	1.949593279959186e-08
27074146.93877551	6.239378659232366e-09	chr18	1.6492419545373083e-08
28666113.346938774	5.634353651534223e-09	chr18	1.4893169554729303e-08
30258079.755102042	5.356153922592939e-09	chr18	1.4157810010502953e-08
31850046.163265307	5.288314381273051e-09	chr18	1.3978491165098736e-08
33442012.57142857	5.324047143171477e-09	chr18	1.4072942829748348e-08
35033978.97959184	5.381441476045994e-09	chr18	1.42246520734072e-08
36625945.3877551	5.446361972172425e-09	chr18	1.4396255067501262e-08
38217911.79591837	5.584338694694516e-09	chr18	1.4760966061914578e-08
39809878.20408163	5.904873899131896e-09	chr18	1.5608230086004695e-08
41401844.6122449	6.479035111863251e-09	chr18	1.712589845079195e-08
42993811.02040816	7.218240589854017e-09	chr18	1.907982488146665e-08
44585777.42857143	7.825447726735713e-09	chr18	2.0684842848693174e-08
46177743.8367347	7.966088854901395e-09	chr18	2.1056596611002642e-08
47769710.24489796	7.575909708590081e-09	chr18	2.0025244207137894e-08
49361676.653061226	6.995972189571564e-09	chr18	1.849230745235326e-08
50953643.06122449	6.762177322336328e-09	chr18	1.7874322353421518e-08
52545609.469387755	7.209517672193525e-09	chr18	1.9056767775050498e-08
54137575.87755102	8.205314477294351e-09	chr18	2.1688936711834577e-08
55729542.28571428	9.236039595111432e-09	chr18	2.4413430929514388e-08
57321508.69387755	9.801492701517249e-09	chr18	2.5908081338378428e-08
58913475.10204082	9.770516848260836e-09	chr18	2.5826203511180884e-08
60505441.510204084	9.395985254500248e-09	chr18	2.4836211956788382e-08
62097407.91836735	9.072035371322614e-09	chr18	2.397992198356572e-08
63689374.32653061	9.101917971868168e-09	chr18	2.405891003866233e-08
65281340.73469388	9.59697838058042e-09	chr18	2.536749289710209e-08
66873307.14285714	1.049838487445982e-08	chr18	2.7750161891872137e-08
68465273.55102041	1.1650786801588719e-08	chr18	3.079628188316059e-08
70057239.95918368	1.2822009404367668e-08	chr18	3.3892150174063575e-08
71649206.36734694	1.3671764088876251e-08	chr18	3.613828901784484e-08
73241172.7755102	1.3770840966704308e-08	chr18	3.640017686367515e-08
74833139.18367347	1.2734316864265148e-08	chr18	3.366035431082803e-08
76425105.59183674	1.0477161835175968e-08	chr18	2.7694063474543465e-08
78017072.0	7.435637502646347e-09	chr18	1.9654465609247242e-08
64704.0	1.7124669274425013e-08	chr19	4.526528131638097e-08
1269889.2653061224	2.2136295467453418e-08	chr19	5.8512408361267565e-08
2475074.5306122447	2.5554879828341796e-08	chr19	6.75486811394225e-08
3680259.795918367	2.7039061812644053e-08	chr19	7.147178843963059e-08
4885445.0612244895	2.6943317868935684e-08	chr19	7.121871046908132e-08
6090630.326530612	2.5805261703212555e-08	chr19	6.821051032986847e-08
7295815.591836734	2.392667117827499e-08	chr19	6.324487115594393e-08
8501000.857142856	2.144939889199644e-08	chr19	5.6696748962241724e-08
9706186.122448979	1.8712454213776473e-08	chr19	4.946224014798853e-08
10911371.387755102	1.635235097486965e-08	chr19	4.322382845472643e-08
12116556.653061224	1.495569675332755e-08	chr19	3.953208146523971e-08
13321741.918367347	1.4627728172284628e-08	chr19	3.8665168951722537e-08
14526927.183673467	1.4914738830470777e-08	chr19	3.942381824155134e-08
15732112.44897959	1.511135495117423e-08	chr19	3.994352953479477e-08
16937297.714285713	1.4661156541495797e-08	chr19	3.875352946321873e-08
18142482.979591835	1.3402894180190328e-08	chr19	3.5427590793012316e-08
19347668.244897958	1.1591925246333011e-08	chr19	3.06406943611669e-08
20552853.51020408	9.725899364895978e-09	chr19	2.5708267047487804e-08
21758038.775510203	8.2759500463001e-09	chr19	2.1875646238935514e-08
22963224.040816326	7.482684838583236e-09	chr19	1.9778824851591855e-08
24168409.30612245	7.322639211374204e-09	chr19	1.935577958146259e-08
25373594.57142857	7.616582799344276e-09	chr19	2.0132754540067062e-08
26578779.836734693	8.17151047474578e-09	chr19	2.1599583296567987e-08
27783965.102040816	8.86365180358571e-09	chr19	2.3429106042880125e-08
28989150.367346935	9.636460895651709e-09	chr19	2.547185620614709e-08
30194335.632653058	1.0451948441732693e-08	chr19	2.7627417437247146e-08
31399520.89795918	1.1239967268689e-08	chr19	2.971037117569121e-08
32604706.163265303	1.1858710778255451e-08	chr19	3.134588299635092e-08
33809891.428571425	1.210124635733587e-08	chr19	3.1986972236696275e-08
35015076.69387755	1.1810485526634576e-08	chr19	3.121841019403337e-08
36220261.95918367	1.1051771813006013e-08	chr19	2.921291805076124e-08
37425447.22448979	1.0144700655283187e-08	chr19	2.6815275768138082e-08
38630632.489795916	9.464046151024553e-09	chr19	2.5016115905790118e-08
39835817.75510204	9.210021011220958e-09	chr19	2.4344656549093793e-08
41041003.02040816	9.387940513721717e-09	chr19	2.481494746118721e-08
42246188.28571428	9.947937112364466e-09	chr19	2.6295174796826172e-08
43451373.551020406	1.0862503493075529e-08	chr19	2.8712629046130534e-08
44656558.81632653	1.2094847671195203e-08	chr19	3.197005872300611e-08
45861744.08163265	1.3599454301207507e-08	chr19	3.5947154063452363e-08
47066929.346938774	1.5407839945130407e-08	chr19	4.0727222138864774e-08
48272114.6122449	1.7675049600517676e-08	chr19	4.672009015924677e-08
49477299.87755102	2.0565676939480227e-08	chr19	5.436082514700933e-08
50682485.14285714	2.4009804611597875e-08	chr19	6.346461602726691e-08
51887670.408163264	2.7489903980656493e-08	chr19	7.266349014419128e-08
53092855.67346939	3.004830781972305e-08	chr19	7.942606568012934e-08
54298040.93877551	3.061391915500854e-08	chr19	8.092113433209262e-08
55503226.20408163	2.8537636439295616e-08	chr19	7.543293951133509e-08
56708411.469387755	2.4009955490001592e-08	chr19	6.346501484100629e-08
57913596.73469387	1.8043117124676152e-08	chr19	4.769299537320844e-08
59118782.0	1.2003642434307385e-08	chr19	3.172897782158281e-08
11007.0	3.777400073271836e-09	chr1	9.984722870912719e-09
5097323.959183673	5.204822240194285e-09	chr1	1.3757798129042177e-08
10183640.918367347	6.004555857033284e-09	chr1	1.587171732737949e-08
15269957.87755102	6.016632910553504e-09	chr1	1.5903640351194156e-08
20356274.836734693	5.379415728171578e-09	chr1	1.4219297456279007e-08
25442591.795918368	4.49467390167242e-09	chr1	1.188067782940754e-08
30528908.75510204	3.7857332485780775e-09	chr1	1.0006749779488354e-08
35615225.71428572	3.364465008644754e-09	chr1	8.893220222528262e-09
40701542.67346939	3.0978295679731165e-09	chr1	8.188428320418718e-09
45787859.63265306	2.948628489696313e-09	chr1	7.794048220419172e-09
50874176.591836736	3.003712896270218e-09	chr1	7.939651684039782e-09
55960493.551020406	3.198129880480449e-09	chr1	8.453550045633337e-09
61046810.51020408	3.2851916547555056e-09	chr1	8.68367861870594e-09
66133127.469387755	3.1390199991425903e-09	chr1	8.29730612848324e-09
71219444.42857143	2.9089562872812563e-09	chr1	7.689183514772573e-09
76305761.3877551	2.811430689209985e-09	chr1	7.43139613438577e-09
81392078.34693877	2.8722125386975583e-09	chr1	7.592059530092565e-09
86478395.30612245	2.9460697843928537e-09	chr1	7.787284848028689e-09
91564712.26530612	2.940644053319883e-09	chr1	7.772943126186981e-09
96651029.2244898	2.928867980956497e-09	chr1	7.741815679589993e-09
101737346.18367347	3.0411112060529223e-09	chr1	8.038505856692299e-09
106823663.14285713	3.3230840262255505e-09	chr1	8.783838734317516e-09
111909980.10204081	3.738477830729483e-09	chr1	9.881840518564154e-09
116996297.06122449	4.261195282521737e-09	chr1	1.1263528662445265e-08
122082614.02040815	4.858350615890145e-09	chr1	1.284197690698258e-08
127168930.97959183	5.396184013976709e-09	chr1	1.4263620716600087e-08
132255247.93877551	5.687723143494739e-09	chr1	1.5034240020301035e-08
137341564.89795917	5.615774431154677e-09	chr1	1.4844059488797976e-08
142427881.85714287	5.185310762320519e-09	chr1	1.3706223846309992e-08
147514198.81632653	4.572664024578273e-09	chr1	1.2086827495521375e-08
152600515.7755102	4.081902184342465e-09	chr1	1.0789606953528482e-08
157686832.73469388	3.875069752485662e-09	chr1	1.0242891097980155e-08
162773149.69387755	3.788137063249274e-09	chr1	1.001310373269939e-08
167859466.6530612	3.554887664699529e-09	chr1	9.396560459773297e-09
172945783.6122449	3.138537308536984e-09	chr1	8.296030242467492e-09
178032100.57142857	2.712517681855657e-09	chr1	7.16994144396266e-09
183118417.53061223	2.4242282808492703e-09	chr1	6.407912079893484e-09
188204734.48979592	2.3392365142859485e-09	chr1	6.183255115054429e-09
193291051.4489796	2.507690526644605e-09	chr1	6.628526094370538e-09
198377368.40816325	2.891450462537954e-09	chr1	7.642910733150782e-09
203463685.36734694	3.2842257646992313e-09	chr1	8.681125501654901e-09
208550002.3265306	3.473392635809892e-09	chr1	9.181146348734947e-09
213636319.28571427	3.4585268286674974e-09	chr1	9.14185187060447e-09
218722636.24489796	3.452635630451576e-09	chr1	9.126279789166816e-09
223808953.20408162	3.7215539008573485e-09	chr1	9.837105847525283e-09
228895270.1632653	4.34670530883159e-09	chr1	1.1489555532468809e-08
233981587.12244898	5.023259866448935e-09	chr1	1.3277878091326347e-08
239067904.08163264	5.179943092757906e-09	chr1	1.3692035597248277e-08
244154221.0408163	4.450235638833484e-09	chr1	1.1763215095594641e-08
249240538.0	3.0510113466723502e-09	chr1	8.0646746920157e-09
61097.0	1.4656528176637938e-08	chr20	3.874129540287173e-08
1344811.3673469387	1.8711947665258858e-08	chr20	4.946090119885131e-08
2628525.7346938774	2.157724490935279e-08	chr20	5.703468167487266e-08
3912240.102040816	2.2989028588927222e-08	chr20	6.076642004539123e-08
5195954.469387755	2.3110120445501616e-08	chr20	6.108649962562282e-08
6479668.8367346935	2.2327056041955752e-08	chr20	5.901664181130087e-08
7763383.204081632	2.107148642388872e-08	chr20	5.569782081316434e-08
9047097.57142857	1.9692537360838435e-08	chr20	5.205287350004159e-08
10330811.93877551	1.840480455682865e-08	chr20	4.864903622296856e-08
11614526.306122448	1.7340969626768944e-08	chr20	4.5837023528786945e-08
12898240.673469387	1.6609364386704197e-08	chr20	4.390318664858937e-08
14181955.040816326	1.6231983187882023e-08	chr20	4.2905662792539756e-08
15465669.408163264	1.6034670013991844e-08	chr20	4.2384108993138467e-08
16749383.775510203	1.568344874181341e-08	chr20	4.145573312586275e-08
18033098.14285714	1.4895371103169067e-08	chr20	3.937262393170968e-08
19316812.51020408	1.3628237836458604e-08	chr20	3.602323698216699e-08
20600526.87755102	1.2073955947814264e-08	chr20	3.191483606609708e-08
21884241.244897958	1.0491336460465893e-08	chr20	2.7731530966091517e-08
23167955.612244897	9.052277950266811e-09	chr20	2.3927697604347328e-08
24451669.979591835	7.819065590890025e-09	chr20	2.0667973082052725e-08
25735384.346938774	6.8132450532899975e-09	chr20	1.8009308622105808e-08
27019098.714285713	6.057102291467053e-09	chr20	1.601061222214803e-08
28302813.08163265	5.546819846933637e-09	chr20	1.4661793273737056e-08
29586527.44897959	5.23094128034267e-09	chr20	1.382683804339522e-08
30870241.81632653	5.060015820028253e-09	chr20	1.3375034337216856e-08
32153956.183673467	5.065117920105772e-09	chr20	1.338852061199462e-08
33437670.551020406	5.366178311786658e-09	chr20	1.4184307269492724e-08
34721384.91836734	6.0821680077992495e-09	chr20	1.6076867907615076e-08
36005099.28571428	7.226880389391356e-09	chr20	1.9102662283480527e-08
37288813.653061226	8.682774201549246e-09	chr20	2.295099604794781e-08
38572528.02040816	1.0248716198327042e-08	chr20	2.7090217884783097e-08
39856242.387755096	1.1704088157815495e-08	chr20	3.0937172246967666e-08
41139956.75510204	1.2874677543234872e-08	chr20	3.403136676762399e-08
42423671.12244898	1.3701351203795895e-08	chr20	3.6216496021946105e-08
43707385.489795916	1.4261024224284194e-08	chr20	3.769586805019464e-08
44991099.85714285	1.4703329458942199e-08	chr20	3.886500425677839e-08
46274814.22448979	1.516360418175976e-08	chr20	4.0081638836826695e-08
47558528.591836736	1.5730416438971066e-08	chr20	4.157988186068235e-08
48842242.95918367	1.6459233582157443e-08	chr20	4.350634902252132e-08
50125957.326530606	1.7388081495335834e-08	chr20	4.5961553348887204e-08
51409671.69387755	1.8546430820823843e-08	chr20	4.902339397428027e-08
52693386.06122449	1.9945459498089673e-08	chr20	5.272141731308419e-08
53977100.428571425	2.1523486310418414e-08	chr20	5.689258269094815e-08
55260814.79591836	2.307604631536079e-08	chr20	6.099643218772264e-08
56544529.1632653	2.4241944286250144e-08	chr20	6.407822599014784e-08
57828243.530612245	2.4561445345518914e-08	chr20	6.49227564798713e-08
59111957.89795918	2.358441847857398e-08	chr20	6.234020172934112e-08
60395672.265306115	2.1049323103867828e-08	chr20	5.563923697136431e-08
61679386.63265306	1.7111179595464924e-08	chr20	4.5229624329188345e-08
62963101.0	1.2431003129788744e-08	chr20	3.2858611439291174e-08
9411244.0	2.1106652409036756e-08	chr21	5.5790774328644536e-08
10201211.122448979	2.4583768818567345e-08	chr21	6.498176365083052e-08
10991178.24489796	2.5583779078238086e-08	chr21	6.76250699242466e-08
11781145.367346939	2.491099278954832e-08	chr21	6.584670795209291e-08
12571112.48979592	2.4000234398691706e-08	chr21	6.343931928299037e-08
13361079.612244898	2.3902873231619563e-08	chr21	6.318196653963587e-08
14151046.734693877	2.4807391426790925e-08	chr21	6.557286062956519e-08
14941013.857142858	2.6227808120703644e-08	chr21	6.932741846692243e-08
15730980.979591837	2.751417755939542e-08	chr21	7.272765198887074e-08
16520948.102040816	2.8289628757284947e-08	chr21	7.477738597538434e-08
17310915.224489797	2.8550685964157627e-08	chr21	7.54674330483756e-08
18100882.346938774	2.8445318017256797e-08	chr21	7.518891615080733e-08
18890849.469387755	2.8028533109705973e-08	chr21	7.408723729287544e-08
19680816.591836736	2.7246251834628347e-08	chr21	7.201944950570868e-08
20470783.714285716	2.6064241217315926e-08	chr21	6.889506548087371e-08
21260750.836734697	2.4520732277099128e-08	chr21	6.481514047481204e-08
22050717.959183674	2.2692800035731035e-08	chr21	5.998340528583639e-08
22840685.08163265	2.0720479859261496e-08	chr21	5.4770012477882996e-08
23630652.204081632	1.8881438108434186e-08	chr21	4.990891175413994e-08
24420619.326530613	1.756521044469882e-08	chr21	4.642975460835122e-08
25210586.448979594	1.71147682628891e-08	chr21	4.523911017898218e-08
26000553.571428575	1.763951163040949e-08	chr21	4.662615338367572e-08
26790520.69387755	1.8864688331959717e-08	chr21	4.9864637419146753e-08
27580487.816326533	2.0095879273582978e-08	chr21	5.311901877003145e-08
28370454.93877551	2.0485477233150114e-08	chr21	5.414883493509059e-08
29160422.06122449	1.960162249227702e-08	chr21	5.181256012316253e-08
29950389.18367347	1.7844427849133345e-08	chr21	4.716780415299464e-08
30740356.306122452	1.6223875113696002e-08	chr21	4.28842308890628e-08
31530323.42857143	1.5641197988554932e-08	chr21	4.1344052590523584e-08
32320290.55102041	1.6333041948026646e-08	chr21	4.317278930658361e-08
33110257.67346939	1.789558858659223e-08	chr21	4.730303626383537e-08
33900224.79591837	1.9691088015422494e-08	chr21	5.2049042475516334e-08
34690191.91836735	2.1208656475521763e-08	chr21	5.60603995512323e-08
35480159.04081633	2.221128449605689e-08	chr21	5.8710625297372e-08
36270126.1632653	2.2770108650883826e-08	chr21	6.018775353671311e-08
37060093.28571428	2.3253711576517406e-08	chr21	6.146605106897093e-08
37850060.408163264	2.4197044080725895e-08	chr21	6.39595422128644e-08
38640027.530612245	2.602445754159291e-08	chr21	6.878990612015592e-08
39429994.653061226	2.8787997014559883e-08	chr21	7.609471240097523e-08
40219961.77551021	3.211258517101496e-08	chr21	8.488252697137373e-08
41009928.89795919	3.53516406476498e-08	chr21	9.344425479219689e-08
41799896.02040817	3.780003429825014e-08	chr21	9.991604269020793e-08
42589863.14285715	3.887088143118516e-08	chr21	1.027465905940752e-07
43379830.26530612	3.8264497989106936e-08	chr21	1.0114374988215214e-07
44169797.3877551	3.6089485821037095e-08	chr21	9.539458555806982e-08
44959764.510204084	3.276012871512855e-08	chr21	8.659416532299333e-08
45749731.632653065	2.8662593404818343e-08	chr21	7.576323565347869e-08
46539698.755102046	2.3937570484127657e-08	chr21	6.32736810639e-08
47329665.87755102	1.8666657326088263e-08	chr21	4.934118618943311e-08
48119633.0	1.322262993687332e-08	chr21	3.495110207639721e-08
16050606.0	1.934914826656678e-08	chr22	5.114520026535918e-08
16768843.346938776	2.7129167683850135e-08	chr22	7.170996341066448e-08
17487080.69387755	3.418999377680031e-08	chr22	9.037369783388965e-08
18205318.040816326	3.926277480374237e-08	chr22	1.0378247417644138e-07
18923555.387755103	4.191144792425386e-08	chr22	1.1078365662229126e-07
19641792.734693877	4.26644624246662e-08	chr22	1.1277408415407336e-07
20360030.08163265	4.2382104492428965e-08	chr22	1.1202773331775571e-07
21078267.42857143	4.147098644524862e-08	chr22	1.0961939397658998e-07
21796504.775510203	3.977744967993017e-08	chr22	1.0514290354788081e-07
22514742.12244898	3.7183502784651417e-08	chr22	9.8286377792379e-08
23232979.469387755	3.414983926576968e-08	chr22	9.02675582519336e-08
23951216.81632653	3.1637353154897634e-08	chr22	8.362635608974226e-08
24669454.163265307	3.051701466627583e-08	chr22	8.066498871707294e-08
25387691.510204084	3.092143931992464e-08	chr22	8.17339959735245e-08
26105928.85714286	3.1963864571070034e-08	chr22	8.448941690973289e-08
26824166.204081632	3.209954672614778e-08	chr22	8.484806272185256e-08
27542403.551020406	3.0054406515168095e-08	chr22	7.944218623466729e-08
28260640.897959184	2.5725993907816296e-08	chr22	6.80009834186948e-08
28978878.24489796	2.031133089203124e-08	chr22	5.3688517541823504e-08
29697115.591836736	1.5534786824334308e-08	chr22	4.106277817836056e-08
30415352.93877551	1.26606302974892e-08	chr22	3.346558014492148e-08
31133590.285714284	1.2024001684254683e-08	chr22	3.178279300256451e-08
31851827.63265306	1.3165075059437711e-08	chr22	3.4798968468646696e-08
32570064.97959184	1.5227981547814247e-08	chr22	4.0251806186523543e-08
33288302.326530613	1.739729180734296e-08	chr22	4.59858987746197e-08
34006539.67346939	1.925801106091883e-08	chr22	5.090429918949407e-08
34724777.02040817	2.0864710135602655e-08	chr22	5.5151253360746184e-08
35443014.36734694	2.240039943178028e-08	chr22	5.921050886472551e-08
36161251.71428572	2.3717548359273444e-08	chr22	6.269210116780077e-08
36879489.06122449	2.4260825930427396e-08	chr22	6.412813544659938e-08
37597726.408163264	2.3492354409423212e-08	chr22	6.209685069450017e-08
38315963.75510204	2.13734389206957e-08	chr22	5.649596555354564e-08
39034201.10204081	1.84226351123072e-08	chr22	4.869616735857357e-08
39752438.44897959	1.5415220047882405e-08	chr22	4.07467298106253e-08
40470675.79591837	1.3146640032846232e-08	chr22	3.475023954714953e-08
41188913.14285714	1.239081657096681e-08	chr22	3.275238714607642e-08
41907150.48979592	1.3785114154774653e-08	chr22	3.643790488416608e-08
42625387.8367347	1.7487405794791257e-08	chr22	4.622409519914744e-08
43343625.18367347	2.285123829962645e-08	chr22	6.040220184602548e-08
44061862.530612245	2.8507336657337295e-08	chr22	7.535284872930657e-08
44780099.87755102	3.298980703325531e-08	chr22	8.720126923347923e-08
45498337.22448979	3.557949625713755e-08	chr22	9.404654077493303e-08
46216574.57142857	3.669095378349958e-08	chr22	9.698443328519149e-08
46934811.91836734	3.7350740242512155e-08	chr22	9.872843307855076e-08
47653049.26530612	3.811125269613143e-08	chr22	1.0073867979374424e-07
48371286.6122449	3.836663736371949e-08	chr22	1.0141373276189285e-07
49089523.95918368	3.6753787023886654e-08	chr22	9.715051907970013e-08
49807761.30612245	3.232563341605839e-08	chr22	8.544567295634492e-08
50525998.653061226	2.54491950553814e-08	chr22	6.726932678213545e-08
51244236.0	1.7661287339992858e-08	chr22	4.6683712662886274e-08
10180.0	3.80414755389916e-09	chr2	1.0055423928883424e-08
4972951.693877551	5.2080116796846714e-09	chr2	1.3766228707960833e-08
9935723.387755102	5.896437727206331e-09	chr2	1.5585930928612244e-08
14898495.081632651	5.807460314932564e-09	chr2	1.5350738789550574e-08
19861266.775510203	5.3410520660276415e-09	chr2	1.4117891587853545e-08
24824038.469387755	4.96382670661025e-09	chr2	1.3120779658854001e-08
29786810.163265303	4.877686599666908e-09	chr2	1.2893087309826464e-08
34749581.85714286	4.98328488425282e-09	chr2	1.317221305419615e-08
39712353.551020406	5.055459837253248e-09	chr2	1.3362991602920599e-08
44675125.244897954	4.9309902039737515e-09	chr2	1.3033983615936722e-08
49637896.93877551	4.610453078372446e-09	chr2	1.218671451367405e-08
54600668.63265306	4.258819488044402e-09	chr2	1.1257248774428561e-08
59563440.326530606	4.072123708705299e-09	chr2	1.0763759712716493e-08
64526212.02040816	4.093998835320462e-09	chr2	1.0821581778894765e-08
69488983.71428572	4.178348009973974e-09	chr2	1.1044540193933933e-08
74451755.40816326	4.134405432993254e-09	chr2	1.092838769621711e-08
79414527.10204081	3.887368515410538e-09	chr2	1.0275400161642448e-08
84377298.79591836	3.507521408655202e-09	chr2	9.271358222556826e-09
89340070.48979591	3.122913956304e-09	chr2	8.25473336119066e-09
94302842.18367347	2.8410714664956375e-09	chr2	7.509744983100472e-09
99265613.87755102	2.7235704480654525e-09	chr2	7.199156990481726e-09
104228385.57142857	2.7627802390936364e-09	chr2	7.302799413748721e-09
109191157.26530612	2.8966898151677075e-09	chr2	7.656759804738734e-09
114153928.95918366	3.0797811158585585e-09	chr2	8.140721223177967e-09
119116700.65306121	3.2951606131468966e-09	chr2	8.710029358611414e-09
124079472.34693877	3.4935198918593377e-09	chr2	9.234348305082544e-09
129042244.04081632	3.5822560285325124e-09	chr2	9.468902685378741e-09
134005015.73469387	3.4973070662121594e-09	chr2	9.244358864102838e-09
138967787.42857143	3.2728321468997e-09	chr2	8.651008989233997e-09
143930559.12244898	3.025034681062578e-09	chr2	7.996011113312667e-09
148893330.81632653	2.8609299936834155e-09	chr2	7.56223661404988e-09
153856102.51020408	2.827586754014828e-09	chr2	7.474101123699e-09
158818874.20408162	2.9505059312721027e-09	chr2	7.799010822599765e-09
163781645.89795917	3.2297027696900185e-09	chr2	8.537006005520192e-09
168744417.59183672	3.5384494711007427e-09	chr2	9.353109725300227e-09
173707189.28571427	3.639875154072193e-09	chr2	9.621206118803448e-09
178669960.97959182	3.419442945405793e-09	chr2	9.038542256711968e-09
183632732.67346936	3.03446487378191e-09	chr2	8.020937745148166e-09
188595504.36734694	2.759681480662773e-09	chr2	7.294608530184388e-09
193558276.0612245	2.7502273981260152e-09	chr2	7.26961875089249e-09
198521047.75510204	2.9892138568648904e-09	chr2	7.901326675423143e-09
203483819.4489796	3.3712256931412045e-09	chr2	8.91109059892614e-09
208446591.14285713	3.781651385505494e-09	chr2	9.995960275918122e-09
213409362.83673468	4.153372117896833e-09	chr2	1.0978521939047822e-08
218372134.53061223	4.491740072075332e-09	chr2	1.1872922898791456e-08
223334906.22448978	4.832216092815922e-09	chr2	1.2772896066934424e-08
228297677.91836733	5.1294191744887494e-09	chr2	1.3558486777296773e-08
233260449.61224487	5.158125415907157e-09	chr2	1.3634365386834698e-08
238223221.30612242	4.619805869104386e-09	chr2	1.2211436550449778e-08
243185993.0	3.475224735649444e-09	chr2	9.185989100049325e-09
60196.0	5.597777116413683e-09	chr3	1.4796487561910769e-08
4099016.0816326533	7.278674458123975e-09	chr3	1.9239568465674852e-08
8137836.1632653065	7.984707162156617e-09	chr3	2.1105809994457648e-08
12176656.24489796	7.735034158606637e-09	chr3	2.0445854548796924e-08
16215476.326530613	7.02989242904137e-09	chr3	1.8581968114250706e-08
20254296.408163264	6.36295760914277e-09	chr3	1.6819073207574404e-08
24293116.48979592	5.895497790691183e-09	chr3	1.5583446414015442e-08
28331936.571428575	5.507419910935853e-09	chr3	1.4557648244235635e-08
32370756.653061226	5.041607831125982e-09	chr3	1.332637688387996e-08
36409576.73469388	4.471157054725959e-09	chr3	1.1818516238100451e-08
40448396.81632653	3.90817141404537e-09	chr3	1.0330388029951714e-08
44487216.89795919	3.549941644400204e-09	chr3	9.383486747419632e-09
48526036.97959184	3.606973401875717e-09	chr3	9.534237603084458e-09
52564857.06122449	4.164503104126164e-09	chr3	1.100794424291397e-08
56603677.14285715	5.050194086170938e-09	chr3	1.3349072752853298e-08
60642497.2244898	5.888231916697204e-09	chr3	1.5564240680749805e-08
64681317.30612245	6.3239570644034045e-09	chr3	1.6715983880660744e-08
68720137.38775511	6.1876880475206936e-09	chr3	1.6355786828965585e-08
72758957.46938775	5.497794400138572e-09	chr3	1.4532205332196248e-08
76797777.55102041	4.42585484577712e-09	chr3	1.1698769853544857e-08
80836597.63265306	3.269172994342931e-09	chr3	8.641336827558497e-09
84875417.71428572	2.3424496012885888e-09	chr3	6.191748200949275e-09
88914237.79591838	1.8335224065489035e-09	chr3	4.846511556066862e-09
92953057.87755102	1.7662288858605252e-09	chr3	4.6686359956157e-09
96991877.95918368	2.0594235291835687e-09	chr3	5.4436312844470024e-09
101030698.04081634	2.576865323562892e-09	chr3	6.81137439306359e-09
105069518.12244898	3.156685318458876e-09	chr3	8.344000498785011e-09
109108338.20408164	3.6557356148039677e-09	chr3	9.663129744032426e-09
113147158.2857143	3.9902418329969855e-09	chr3	1.0547323057546451e-08
117185978.36734694	4.1473808200378255e-09	chr3	1.0962685266310251e-08
121224798.4489796	4.172522028863565e-09	chr3	1.1029140499511782e-08
125263618.53061225	4.135854511679084e-09	chr3	1.0932218015700222e-08
129302438.6122449	4.097481582938971e-09	chr3	1.0830787653074257e-08
133341258.69387756	4.099486814005459e-09	chr3	1.0836088038551742e-08
137380078.77551022	4.16334476117068e-09	chr3	1.1004882419126277e-08
141418898.85714287	4.257794834132728e-09	chr3	1.125454032810352e-08
145457718.9387755	4.278599063597035e-09	chr3	1.1309531714166596e-08
149496539.02040818	4.116945977762327e-09	chr3	1.0882237482160775e-08
153535359.10204083	3.79185078494548e-09	chr3	1.0022920135843626e-08
157574179.18367347	3.504443569343942e-09	chr3	9.263222634065264e-09
161612999.26530612	3.51697657859679e-09	chr3	9.296350876163243e-09
165651819.3469388	3.935538946072188e-09	chr3	1.0402728056861262e-08
169690639.42857143	4.607260370247636e-09	chr3	1.2178275294842162e-08
173729459.51020408	5.281247443685204e-09	chr3	1.3959811276288448e-08
177768279.59183675	5.875466764357645e-09	chr3	1.5530498819669922e-08
181807099.6734694	6.474620307109803e-09	chr3	1.7114228889417116e-08
185845919.75510204	7.0154436122714744e-09	chr3	1.8543775858079373e-08
189884739.8367347	7.117535952884046e-09	chr3	1.8813634413828387e-08
193923559.91836736	6.379591213357243e-09	chr3	1.6863040466854438e-08
197962380.0	4.833126809575746e-09	chr3	1.2775303345561086e-08
10455.0	4.3495440661663735e-09	chr4	1.1497059160555794e-08
3909096.326530612	6.248082110372519e-09	chr4	1.6515425196341813e-08
7807737.653061224	7.102876014517332e-09	chr4	1.8774884104341175e-08
11706378.979591835	6.743492817514903e-09	chr4	1.7824933991319707e-08
15605020.306122448	5.851388725887969e-09	chr4	1.5466853842507983e-08
19503661.63265306	5.138495221923286e-09	chr4	1.3582477304283398e-08
23402302.95918367	4.764770052997491e-09	chr4	1.259461735584617e-08
27300944.285714284	4.552048572900195e-09	chr4	1.2032335101845421e-08
31199585.612244897	4.481543926787843e-09	chr4	1.1845971640499413e-08
35098226.93877551	4.914157807501311e-09	chr4	1.2989490893225181e-08
38996868.26530612	6.5232307647906675e-09	chr4	1.724271989888312e-08
42895509.591836736	9.819208314226718e-09	chr4	2.5954908648157996e-08
46794150.91836734	1.3950379998346044e-08	chr4	3.6874748643386596e-08
50692792.244897954	1.6296491381353443e-08	chr4	4.3076175955620593e-08
54591433.57142857	1.4844337982942574e-08	chr4	3.923772914883905e-08
58490074.89795918	1.0671714308958855e-08	chr4	2.8208319972900037e-08
62388716.22448979	6.587644615298766e-09	chr4	1.7412983687175655e-08
66287357.551020406	4.160535976334429e-09	chr4	1.0997458016719862e-08
70185998.87755102	3.1824092777032276e-09	chr4	8.411996104020184e-09
74084640.20408162	2.923224114562399e-09	chr4	7.726897365201146e-09
77983281.53061225	2.905077970068873e-09	chr4	7.67893203973154e-09
81881922.85714285	2.9129854693161356e-09	chr4	7.699833767654016e-09
85780564.18367347	2.872609654859893e-09	chr4	7.593109218966276e-09
89679205.51020408	2.801076296153188e-09	chr4	7.404026583063907e-09
93577846.83673468	2.7498786083032386e-09	chr4	7.268696802024732e-09
97476488.1632653	2.747727640043422e-09	chr4	7.263011192462122e-09
101375129.48979591	2.8019220521764805e-09	chr4	7.406262152329851e-09
105273770.81632653	2.9004595444834204e-09	chr4	7.666724251656094e-09
109172412.14285713	2.9793511632105885e-09	chr4	7.875256822882048e-09
113071053.46938775	2.9617861720973963e-09	chr4	7.828827648028096e-09
116969694.79591836	2.8609300364977145e-09	chr4	7.562236727220024e-09
120868336.12244898	2.7708924315983173e-09	chr4	7.324242203091545e-09
124766977.44897959	2.76135339516071e-09	chr4	7.29902786692446e-09
128665618.77551019	2.8533789397515486e-09	chr4	7.542277070599216e-09
132564260.10204081	3.0420491233011786e-09	chr4	8.04098503380302e-09
136462901.42857143	3.2507042470763653e-09	chr4	8.592518772903815e-09
140361542.75510204	3.3429130188221227e-09	chr4	8.83625229709766e-09
144260184.08163264	3.2903900541814582e-09	chr4	8.697419439543986e-09
148158825.40816325	3.239545275313336e-09	chr4	8.56302249545982e-09
152057466.73469388	3.3121515060713056e-09	chr4	8.754941031690466e-09
155956108.0612245	3.456758893182823e-09	chr4	9.137178723591783e-09
159854749.3877551	3.573663167066322e-09	chr4	9.44618935378987e-09
163753390.7142857	3.6702173115052557e-09	chr4	9.701408911041e-09
167652032.0408163	3.872063210802691e-09	chr4	1.0234943969023198e-08
171550673.36734694	4.357683342839661e-09	chr4	1.1518573540916906e-08
175449314.69387755	5.184890126874464e-09	chr4	1.37051119894039e-08
179347956.02040815	6.067981082466505e-09	chr4	1.6039367903620237e-08
183246597.34693876	6.41457776241332e-09	chr4	1.695551968265324e-08
187145238.67346936	5.747473161339574e-09	chr4	1.5192175996935893e-08
191043880.0	4.177118096772022e-09	chr4	1.1041289190005688e-08
10042.0	5.643872282699523e-09	chr5	1.491832995406546e-08
3701171.7551020407	7.318441089511069e-09	chr5	1.9344682773454795e-08
7392301.510204081	8.040114935271236e-09	chr5	2.1252268206114506e-08
11083431.265306123	7.762655234524048e-09	chr5	2.051886476298716e-08
14774561.020408163	6.897578950925801e-09	chr5	1.823222665572253e-08
18465690.775510203	5.965968535566563e-09	chr5	1.576972026492846e-08
22156820.530612245	5.339294207375921e-09	chr5	1.4113245076723348e-08
25847950.285714284	5.133783170804106e-09	chr5	1.3570022037786347e-08
29539080.040816326	5.19096878534545e-09	chr5	1.3721179580626014e-08
33230209.795918368	5.2043806161583524e-09	chr5	1.3756630793433984e-08
36921339.551020406	4.989491131754652e-09	chr5	1.318861789884381e-08
40612469.306122445	4.648092864471584e-09	chr5	1.2286206975640042e-08
44303599.06122449	4.42219949248847e-09	chr5	1.1689107734395579e-08
47994728.81632653	4.411517668086981e-09	chr5	1.1660872690625845e-08
51685858.57142857	4.493042876312537e-09	chr5	1.187636657407372e-08
55376988.32653061	4.4931447016471175e-09	chr5	1.187663572685799e-08
59068118.08163265	4.373110018497693e-09	chr5	1.155935055110304e-08
62759247.83673469	4.248067728954507e-09	chr5	1.1228828873754807e-08
66450377.591836736	4.266830437872114e-09	chr5	1.1278423951113836e-08
70141507.34693877	4.47104309755063e-09	chr5	1.181821501747443e-08
73832637.10204081	4.728502077456527e-09	chr5	1.249875097213217e-08
77523766.85714285	4.800762220965181e-09	chr5	1.268975470315115e-08
81214896.61224489	4.53313124622004e-09	chr5	1.1982331326577775e-08
84906026.36734694	4.0103197953333086e-09	chr5	1.0600394716849716e-08
88597156.12244898	3.4991148749236267e-09	chr5	9.249137407184717e-09
92288285.87755102	3.2291170114195356e-09	chr5	8.5354576828944e-09
95979415.63265306	3.2558607366699797e-09	chr5	8.606148814355682e-09
99670545.3877551	3.5124147448296684e-09	chr5	9.284292676061492e-09
103361675.14285713	3.9086651208240366e-09	chr5	1.0331693034788072e-08
107052804.89795919	4.3544110114007805e-09	chr5	1.1509923855438742e-08
110743934.65306123	4.7508959071597955e-09	chr5	1.2557944115370471e-08
114435064.40816326	5.011702047049299e-09	chr5	1.3247327548238792e-08
118126194.1632653	5.089462576717733e-09	chr5	1.3452870335334203e-08
121817323.91836734	4.9807461643337176e-09	chr5	1.3165502508755527e-08
125508453.67346938	4.730168465224604e-09	chr5	1.2503155700182411e-08
129199583.42857142	4.441915992377568e-09	chr5	1.174122394754705e-08
132890713.18367347	4.255585214202686e-09	chr5	1.1248699685803642e-08
136581842.9387755	4.272747956347768e-09	chr5	1.1294065604345373e-08
140272972.69387755	4.490025325917882e-09	chr5	1.1868390346018653e-08
143964102.4489796	4.7925388360056e-09	chr5	1.2668018001110181e-08
147655232.20408162	5.030478365195313e-09	chr5	1.3296958598587572e-08
151346361.95918366	5.15612514594651e-09	chr5	1.3629078114944862e-08
155037491.7142857	5.3104440461535566e-09	chr5	1.4036986046967743e-08
158728621.46938774	5.738568651382117e-09	chr5	1.5168638891386605e-08
162419751.22448978	6.5631498016984305e-09	chr5	1.734823705699884e-08
166110880.97959185	7.595376424608935e-09	chr5	2.0076700171792084e-08
169802010.73469388	8.35151504657169e-09	chr5	2.2075385628943723e-08
173493140.48979592	8.300271891021696e-09	chr5	2.1939935664080828e-08
177184270.24489796	7.204968917976882e-09	chr5	1.9044744147851875e-08
180875400.0	5.323935282490452e-09	chr5	1.4072647150742015e-08
63978.0	6.093349419302357e-09	chr6	1.6106423499556244e-08
3553558.1428571427	7.781628481703076e-09	chr6	2.0569016351743774e-08
7043138.285714285	8.585926144595345e-09	chr6	2.2694999597872692e-08
10532718.42857143	8.550925667887157e-09	chr6	2.26024835674014e-08
14022298.57142857	8.08761349572335e-09	chr6	2.1377820160814095e-08
17511878.714285713	7.58429188142288e-09	chr6	2.004740062985409e-08
21001458.85714286	7.231400799438316e-09	chr6	1.9114610989126285e-08
24491039.0	7.1021263512955595e-09	chr6	1.8772902535174362e-08
27980619.14285714	7.20183205662519e-09	chr6	1.9036452547631197e-08
31470199.285714284	7.4011113397102515e-09	chr6	1.9563203322482287e-08
34959779.428571425	7.46053690015971e-09	chr6	1.9720281667647506e-08
38449359.57142857	7.199678513406427e-09	chr6	1.9030760131733283e-08
41938939.71428572	6.603508614972241e-09	chr6	1.7454916666815457e-08
45428519.85714286	5.7863648203042335e-09	chr6	1.5294977508351077e-08
48918100.0	4.914314778347965e-09	chr6	1.2989905810991964e-08
52407680.14285714	4.132297693412158e-09	chr6	1.0922816352119829e-08
55897260.28571428	3.5193145994357418e-09	chr6	9.302530917909028e-09
59386840.428571425	3.110177546211796e-09	chr6	8.221067473894057e-09
62876420.57142857	2.9243087109864568e-09	chr6	7.729764256319624e-09
66366000.71428571	2.9325834790934597e-09	chr6	7.751636778363053e-09
69855580.85714285	3.0324968719432494e-09	chr6	8.015735766912523e-09
73345161.0	3.114079684106287e-09	chr6	8.231381913647544e-09
76834741.14285713	3.1515812611264622e-09	chr6	8.330509050436184e-09
80324321.28571428	3.205821262141132e-09	chr6	8.47388051444434e-09
83813901.42857143	3.334945310115906e-09	chr6	8.815191418767442e-09
87303481.57142857	3.5183072917755545e-09	chr6	9.299868322568946e-09
90793061.71428572	3.6845383363758035e-09	chr6	9.739263377548705e-09
94282641.85714285	3.8118446663234835e-09	chr6	1.0075769545702498e-08
97772222.0	3.959091567631207e-09	chr6	1.0464984210455973e-08
101261802.14285713	4.163423424263024e-09	chr6	1.1005090347638477e-08
104751382.28571428	4.340787538319635e-09	chr6	1.1473913213034968e-08
108240962.42857142	4.349543661823203e-09	chr6	1.149705809176392e-08
111730542.57142857	4.1607625706985285e-09	chr6	1.0998056968878956e-08
115220122.71428572	3.922850002092724e-09	chr6	1.0369187635750996e-08
118709702.85714285	3.834037707223964e-09	chr6	1.0134431948083983e-08
122199283.0	3.97458112653777e-09	chr6	1.05059274386221e-08
125688863.14285713	4.277628682567419e-09	chr6	1.130696672621934e-08
129178443.28571428	4.61894064615289e-09	chr6	1.2209149524658317e-08
132668023.42857142	4.897008073283715e-09	chr6	1.2944159358267012e-08
136157603.57142857	5.079073309615445e-09	chr6	1.3425408602174869e-08
139647183.7142857	5.243087849292349e-09	chr6	1.3858944815895472e-08
143136763.85714287	5.549911265820772e-09	chr6	1.4669964756838452e-08
146626344.0	6.103161711251174e-09	chr6	1.613236012631989e-08
150115924.14285713	6.841391280088065e-09	chr6	1.8083706956671715e-08
153605504.28571427	7.604804254323157e-09	chr6	2.0101620557545437e-08
157095084.42857143	8.252913176024722e-09	chr6	2.1814753359957627e-08
160584664.57142857	8.625458457654724e-09	chr6	2.2799494536901528e-08
164074244.7142857	8.441375923865792e-09	chr6	2.2312913012677146e-08
167563824.85714287	7.428767360735735e-09	chr6	1.9636305906348235e-08
171053405.0	5.6515928666386065e-09	chr6	1.493873761265022e-08
16863.0	5.342712496225199e-09	chr7	1.4122280568381823e-08
3264040.612244898	7.340904396569903e-09	chr7	1.9404059564738755e-08
6511218.224489796	8.74488466347396e-09	chr7	2.3115171337213766e-08
9758395.836734693	9.338601054079337e-09	chr7	2.4684529496032927e-08
13005573.448979592	9.28030632913427e-09	chr7	2.4530440264783343e-08
16252751.06122449	8.87859480227532e-09	chr7	2.3468604559818242e-08
19499928.673469387	8.369886317124804e-09	chr7	2.2123946025433715e-08
22747106.285714287	7.880262064205323e-09	chr7	2.08297324442802e-08
25994283.897959184	7.47801681417041e-09	chr7	1.976648595996994e-08
29241461.51020408	7.1787300998860006e-09	chr7	1.8975387626960292e-08
32488639.12244898	6.930848389071863e-09	chr7	1.8320167068047366e-08
35735816.73469388	6.656642884248351e-09	chr7	1.7595365373168895e-08
38982994.346938774	6.316289728295119e-09	chr7	1.6695716970957145e-08
42230171.95918367	5.924359030098385e-09	chr7	1.5659734726506095e-08
45477349.571428575	5.515404536920901e-09	chr7	1.4578753839656334e-08
48724527.18367347	5.109144052565972e-09	chr7	1.3504893970168577e-08
51971704.79591837	4.710551190035495e-09	chr7	1.2451301765612006e-08
55218882.408163264	4.3352091327810635e-09	chr7	1.1459167929960952e-08
58466060.02040816	4.033883337588323e-09	chr7	1.0662679736892502e-08
61713237.632653065	3.8923949194128466e-09	chr7	1.0288686350562551e-08
64960415.24489796	3.986871747857942e-09	chr7	1.0538414981750397e-08
68207592.85714285	4.3122066971858295e-09	chr7	1.139836607145527e-08
71454770.46938775	4.7425630588468864e-09	chr7	1.2535918071129495e-08
74701948.08163266	5.067504579766945e-09	chr7	1.3394829219725268e-08
77949125.69387755	5.105315794769051e-09	chr7	1.349477481613691e-08
81196303.30612245	4.838795581650905e-09	chr7	1.2790287492617504e-08
84443480.91836734	4.4480442580749284e-09	chr7	1.1757422664516542e-08
87690658.53061225	4.171407852469873e-09	chr7	1.1026195420276185e-08
90937836.14285715	4.1305831895438334e-09	chr7	1.0918284439784818e-08
94185013.75510204	4.3016596421709896e-09	chr7	1.1370487260795897e-08
97432191.36734694	4.595973406286001e-09	chr7	1.2148440698287689e-08
100679368.97959183	4.8946689147468706e-09	chr7	1.2937976309268104e-08
103926546.59183674	5.036721584744731e-09	chr7	1.3313461170677908e-08
107173724.20408164	4.878723372148085e-09	chr7	1.2895827788913652e-08
110420901.81632653	4.41775460995648e-09	chr7	1.1677358669055714e-08
113668079.42857143	3.834962643628901e-09	chr7	1.0136876813202152e-08
116915257.04081632	3.40141681064938e-09	chr7	8.990894150478778e-09
120162434.65306123	3.3372526326451736e-09	chr7	8.82129031631117e-09
123409612.26530613	3.7191614008006925e-09	chr7	9.830781801999001e-09
126656789.87755102	4.454113659913532e-09	chr7	1.1773465787875243e-08
129903967.48979592	5.321345984219191e-09	chr7	1.4065802912597474e-08
133151145.10204081	6.0870492204897784e-09	chr7	1.6089770315367373e-08
136398322.7142857	6.6431236625149995e-09	chr7	1.755963029617955e-08
139645500.3265306	7.085461190948576e-09	chr7	1.8728851864227075e-08
142892677.9387755	7.651303765997968e-09	chr7	2.0224531747437907e-08
146139855.5510204	8.467455897370916e-09	chr7	2.2381849662986432e-08
149387033.16326532	9.255743056096045e-09	chr7	2.4465512677201444e-08
152634210.7755102	9.366946707343711e-09	chr7	2.4759454970420028e-08
155881388.3877551	8.289758775796405e-09	chr7	2.191214656575967e-08
159128566.0	6.177967809123589e-09	chr7	1.6330093525436253e-08
11739.0	8.021515662106213e-09	chr8	2.120310513507334e-08
2997291.0	1.1227526847908618e-08	chr8	2.9677487670772423e-08
5982843.0	1.3007541871152241e-08	chr8	3.438256427595039e-08
8968395.0	1.300231555569164e-08	chr8	3.436874966523988e-08
11953947.0	1.1867031706521725e-08	chr8	3.136787753258111e-08
14939499.0	1.049164817804821e-08	chr8	2.773235492267887e-08
17925051.0	9.280416707486621e-09	chr8	2.4530732025581193e-08
20910603.0	8.175332851614913e-09	chr8	2.1609686905665824e-08
23896155.0	7.0696279343702464e-09	chr8	1.8687000147169808e-08
26881707.0	6.014255973229422e-09	chr8	1.589735744231447e-08
29867259.0	5.222817355789899e-09	chr8	1.3805364242974244e-08
32852811.0	5.167587192849631e-09	chr8	1.3659375504588828e-08
35838363.0	6.579922152560978e-09	chr8	1.7392571062401448e-08
38823915.0	9.797078450038328e-09	chr8	2.589641323946261e-08
41809467.0	1.3675372770418213e-08	chr8	3.6147827770539005e-08
44795019.0	1.57157954596053e-08	chr8	4.1541234530710217e-08
47780571.0	1.4299500211542179e-08	chr8	3.779757082525257e-08
50766123.0	1.0510679828231983e-08	chr8	2.7782660886880466e-08
53751675.0	6.841732646932302e-09	chr8	1.8084609284535037e-08
56737227.0	4.685388855126071e-09	chr8	1.238479069027386e-08
59722779.0	3.850778587358795e-09	chr8	1.0178682767568051e-08
62708331.0	3.7100924483553196e-09	chr8	9.806810029049333e-09
65693883.0	3.917661795584784e-09	chr8	1.0355473757640654e-08
68679435.0	4.2633368724153204e-09	chr8	1.126918948236791e-08
71664987.0	4.452332323344729e-09	chr8	1.1768757218056237e-08
74650539.0	4.269354577025074e-09	chr8	1.128509595551926e-08
77636091.0	3.796223816975314e-09	chr8	1.003447928024892e-08
80621643.0	3.2919156714258827e-09	chr8	8.701452071803525e-09
83607195.0	2.947216818429585e-09	chr8	7.790316779187187e-09
86592747.0	2.850024720820773e-09	chr8	7.533410933620733e-09
89578299.0	3.0461107751019944e-09	chr8	8.051721113339907e-09
92563851.0	3.4948894262044713e-09	chr8	9.237968366668054e-09
95549403.0	4.015836033715072e-09	chr8	1.0614975674774062e-08
98534955.0	4.368468890178491e-09	chr8	1.1547082753364729e-08
101520507.0	4.391530253762393e-09	chr8	1.1608040374994458e-08
104506059.0	4.067178227630036e-09	chr8	1.0750687425682551e-08
107491611.0	3.530620251629252e-09	chr8	9.332414912677248e-09
110477163.0	3.0587899656232455e-09	chr8	8.085235753337397e-09
113462715.0	2.959990547728315e-09	chr8	7.824081311564454e-09
116448267.0	3.380373293238713e-09	chr8	8.935270259575229e-09
119433819.0	4.2118710438405304e-09	chr8	1.1133150930540361e-08
122419371.0	5.18981186031922e-09	chr8	1.3718121504821159e-08
125404923.0	6.061291350279638e-09	chr8	1.602168507398323e-08
128390475.0	6.699511537167334e-09	chr8	1.770867918980009e-08
131376027.0	7.114706344629134e-09	chr8	1.8806154969313505e-08
134361579.0	7.34241725476209e-09	chr8	1.9408058471261487e-08
137347131.0	7.284852073854912e-09	chr8	1.9255897628559358e-08
140332683.0	6.6926954671905854e-09	chr8	1.7690662414116695e-08
143318235.0	5.410561146240944e-09	chr8	1.4301623490611924e-08
146303787.0	3.671255487874212e-09	chr8	9.704153100995488e-09
10468.0	6.328865528548509e-09	chr9	1.6728958321614847e-08
2890798.897959184	8.418691319872955e-09	chr9	2.2252951271820637e-08
5771129.795918368	9.600214148116187e-09	chr9	2.5376045933977358e-08
8651460.693877552	9.862673834845267e-09	chr9	2.6069800152737296e-08
11531791.591836736	9.581510136796701e-09	chr9	2.5326606010755852e-08
14412122.48979592	9.094862344576264e-09	chr9	2.404026004612154e-08
17292453.387755103	8.553463288981257e-09	chr9	2.26091912083408e-08
20172784.285714287	8.007606953003939e-09	chr9	2.116634053424088e-08
23053115.18367347	7.459327463726131e-09	chr9	1.9717084789534244e-08
25933446.081632655	6.88050647951315e-09	chr9	1.8187099347926073e-08
28813776.97959184	6.321152374346249e-09	chr9	1.6708570301898556e-08
31694107.877551023	5.981380797565368e-09	chr9	1.5810459175789623e-08
34574438.77551021	6.048073646756756e-09	chr9	1.598674699379424e-08
37454769.673469394	6.441973191918184e-09	chr9	1.702793345038496e-08
40335100.571428575	6.8211748257740916e-09	chr9	1.8030269224410897e-08
43215431.469387755	6.875328799925249e-09	chr9	1.8173413295404027e-08
46095762.36734694	6.574209165868975e-09	chr9	1.7377470043770012e-08
48976093.26530613	6.122766852387588e-09	chr9	1.6184181987201752e-08
51856424.16326531	5.745627433005952e-09	chr9	1.5187297221707235e-08
54736755.06122449	5.558313957479008e-09	chr9	1.4692175416538192e-08
57617085.95918368	5.586528202882026e-09	chr9	1.4766753543264666e-08
60497416.857142866	5.805412578152497e-09	chr9	1.534532604960645e-08
63377747.755102046	6.117837403326225e-09	chr9	1.617115207725595e-08
66258078.653061226	6.359049695322387e-09	chr9	1.6808743500436412e-08
69138409.55102041	6.422239889294203e-09	chr9	1.697577282291464e-08
72018740.4489796	6.384951645405226e-09	chr9	1.6877209585144604e-08
74899071.34693879	6.422412572367683e-09	chr9	1.6976229272483057e-08
77779402.24489796	6.574279297473596e-09	chr9	1.737765542117856e-08
80659733.14285715	6.690088874609181e-09	chr9	1.7683772462282665e-08
83540064.04081634	6.626726937841651e-09	chr9	1.7516289175652636e-08
86420394.93877551	6.388880239359052e-09	chr9	1.688759395564823e-08
89300725.8367347	6.0458170632695276e-09	chr9	1.5980782213702643e-08
92181056.73469388	5.6341887631830545e-09	chr9	1.4892733708787882e-08
95061387.63265307	5.209864558045815e-09	chr9	1.3771126382708192e-08
97941718.53061226	4.9013766948640534e-09	chr9	1.2955706844623095e-08
100822049.42857143	4.8255260427745095e-09	chr9	1.2755212397119119e-08
103702380.32653062	4.99129251463503e-09	chr9	1.3193379456660323e-08
106582711.22448981	5.319855889730157e-09	chr9	1.406186417689676e-08
109463042.12244898	5.697571991947313e-09	chr9	1.5060273276109015e-08
112343373.02040817	5.98729477532695e-09	chr9	1.5826091469925463e-08
115223703.91836736	6.063979122698574e-09	chr9	1.602878960678955e-08
118104034.81632654	5.903844065210882e-09	chr9	1.5605507947468945e-08
120984365.71428573	5.647033893843114e-09	chr9	1.4926686974895136e-08
123864696.6122449	5.578233897399541e-09	chr9	1.4744829378483895e-08
126745027.51020409	6.020836317706239e-09	chr9	1.591475112969777e-08
129625358.40816328	7.107166555096864e-09	chr9	1.8786225200815484e-08
132505689.30612245	8.478096072861097e-09	chr9	2.2409974617057105e-08
135386020.20408165	9.254930144090123e-09	chr9	2.4463363923841956e-08
138266351.10204083	8.608188460894963e-09	chr9	2.2753845114472622e-08
141146682.0	6.540945716855377e-09	chr9	1.728954546239417e-08
