pos	val	Chromosome	valScaled
158946.0	3.347958735610645e-09	chr10	1.1387302934296919e-06
2920466.326530612	5.69568220201094e-09	chr10	1.9372538246040292e-06
5681986.653061224	8.10911606539241e-09	chr10	2.7581272189471867e-06
8443506.979591835	9.956514051987416e-09	chr10	3.386476675283319e-06
11205027.306122448	1.0840407977679442e-08	chr10	3.6871126355352067e-06
13966547.632653061	1.0686543968649797e-08	chr10	3.6347793716012834e-06
16728067.959183672	9.78570541015163e-09	chr10	3.3283800886172007e-06
19489588.285714284	8.787128120341887e-09	chr10	2.988737249491863e-06
22251108.612244897	8.340694668519584e-09	chr10	2.8368932944923044e-06
25012628.93877551	8.574816762654164e-09	chr10	2.916524479344294e-06
27774149.265306123	8.984847216936884e-09	chr10	3.055986801431519e-06
30535669.591836732	8.861699599688567e-09	chr10	3.0141010037265586e-06
33297189.918367345	7.851706110769966e-09	chr10	2.670575210004796e-06
36058710.244897954	6.200851922469493e-09	chr10	2.109075555227791e-06
38820230.57142857	4.549842659152562e-09	chr10	1.547523155290843e-06
41581750.89795918	3.487055034798351e-09	chr10	1.186040664344437e-06
44343271.22448979	3.228571633364052e-09	chr10	1.0981235474363942e-06
47104791.551020406	3.640051183386067e-09	chr10	1.2380787457346862e-06
49866311.87755102	4.418143186255392e-09	chr10	1.5027286427953427e-06
52627832.20408163	5.188692670910567e-09	chr10	1.7648131277175994e-06
55389352.530612245	5.6230413145616445e-09	chr10	1.9125467162994096e-06
58150872.85714285	5.643358095636713e-09	chr10	1.9194569968321653e-06
60912393.183673464	5.480451944888846e-09	chr10	1.8640482587048165e-06
63673913.51020408	5.486206900078379e-09	chr10	1.8660056728574898e-06
66435433.83673469	5.864006493142951e-09	chr10	1.994505417162006e-06
69196954.1632653	6.4782185289451055e-09	chr10	2.2034153551243883e-06
71958474.48979591	6.958650943010854e-09	chr10	2.3668232663459823e-06
74719994.81632653	7.111729937511532e-09	chr10	2.4188895258466046e-06
77481515.14285713	7.085781968961169e-09	chr10	2.4100639278704485e-06
80243035.46938775	7.027229845231329e-09	chr10	2.3901487848531165e-06
83004555.79591836	6.8738194434919915e-09	chr10	2.3379698048884965e-06
85766076.12244898	6.614911462965843e-09	chr10	2.2499082772776863e-06
88527596.44897959	6.430915883904469e-09	chr10	2.187326460630502e-06
91289116.77551019	6.451911452463443e-09	chr10	2.194467614937926e-06
94050637.10204081	6.585764006589517e-09	chr10	2.2399944479347182e-06
96812157.42857142	6.621798191632193e-09	chr10	2.252250637854473e-06
99573677.75510204	6.408507063343031e-09	chr10	2.1797046215254016e-06
102335198.08163264	5.995044736849826e-09	chr10	2.0390750279280197e-06
105096718.40816326	5.67735868571186e-09	chr10	1.931021506723292e-06
107858238.73469387	5.8410695235934756e-09	chr10	1.986703940462892e-06
110619759.06122449	6.684095266689886e-09	chr10	2.273439538961798e-06
113381279.3877551	8.066224098113717e-09	chr10	2.743538513905655e-06
116142799.7142857	9.598567194372367e-09	chr10	3.2647293771853105e-06
118904320.04081632	1.0861698647291214e-08	chr10	3.694354161601957e-06
121665840.36734693	1.1566685794279327e-08	chr10	3.934139142287363e-06
124427360.69387755	1.1563285525831629e-08	chr10	3.932982620062043e-06
127188881.02040815	1.0754124947570168e-08	chr10	3.6577654697086794e-06
129950401.34693877	9.095176779741625e-09	chr10	3.0935128360538362e-06
132711921.67346938	6.767661431428671e-09	chr10	2.3018626262243817e-06
135473442.0	4.2819103588988225e-09	chr10	1.4563922152221973e-06
241489.0	4.0924307593757534e-09	chr11	1.3919451365683168e-06
2990535.551020408	5.9664657586001975e-09	chr11	2.0293545531975613e-06
5739582.102040816	7.4806157551051e-09	chr11	2.544357456751004e-06
8488628.653061224	8.419054173332799e-09	chr11	2.8635454574834002e-06
11237675.204081632	8.878514709313295e-09	chr11	3.019820272161188e-06
13986721.75510204	9.125786988178972e-09	chr11	3.103924186488072e-06
16735768.306122448	9.326276212783597e-09	chr11	3.1721159330395346e-06
19484814.85714286	9.311115425691098e-09	chr11	3.166959343936199e-06
22233861.408163264	8.779559275335256e-09	chr11	2.986162882907338e-06
24982907.95918367	7.830760155940577e-09	chr11	2.66345093065352e-06
27731954.51020408	7.066687261129618e-09	chr11	2.4035693071271586e-06
30481001.06122449	6.995387921891607e-09	chr11	2.379318495243411e-06
33230047.612244897	7.4607707276161e-09	chr11	2.537607632227988e-06
35979094.1632653	7.850751345945145e-09	chr11	2.6702504689565983e-06
38728140.71428572	7.757245856291992e-09	chr11	2.6384467515040882e-06
41477187.26530612	7.154392124138828e-09	chr11	2.4334000763440535e-06
44226233.81632653	6.088245335157891e-09	chr11	2.0707750436809937e-06
46975280.367346935	4.664483594948369e-09	chr11	1.5865156031574394e-06
49724326.91836734	3.323270469065238e-09	chr11	1.1303331537909938e-06
52473373.469387755	2.706195400304261e-09	chr11	9.204494217592218e-07
55222420.02040816	3.1288550100748456e-09	chr11	1.0642072573429248e-06
57971466.57142857	4.305927891145716e-09	chr11	1.4645612201899281e-06
60720513.12244898	5.6142750579219326e-09	chr11	1.909565077998602e-06
63469559.67346939	6.59427001317011e-09	chr11	2.2428875682310972e-06
66218606.22448979	7.186952744929885e-09	chr11	2.444474814175579e-06
68967652.7755102	7.536578035321103e-09	chr11	2.563391724734519e-06
71716699.3265306	7.704034471272863e-09	chr11	2.6203481365384587e-06
74465745.87755102	7.605358335492263e-09	chr11	2.5867857440702448e-06
77214792.42857143	7.123506130153705e-09	chr11	2.4228949238702637e-06
79963838.97959183	6.28045481742668e-09	chr11	2.13615062845623e-06
82712885.53061225	5.350805927987806e-09	chr11	1.819952181504873e-06
85461932.08163264	4.746916639957583e-09	chr11	1.6145532860993482e-06
88210978.63265306	4.7472398574541825e-09	chr11	1.6146632210130702e-06
90960025.18367347	5.319054419675924e-09	chr11	1.8091526444639152e-06
93709071.73469387	6.127256174160468e-09	chr11	2.0840436732109334e-06
96458118.28571428	6.726666524928335e-09	chr11	2.2879191622826926e-06
99207164.83673468	6.881190243910766e-09	chr11	2.3404768112128e-06
101956211.3877551	6.757887849465321e-09	chr11	2.2985383696442137e-06
104705257.93877551	6.788317000896469e-09	chr11	2.308888137749013e-06
107454304.48979591	7.32724814899367e-09	chr11	2.492193032723829e-06
110203351.04081632	8.414782835065443e-09	chr11	2.862092661119219e-06
112952397.59183674	9.791441562900106e-09	chr11	3.3303311075568763e-06
115701444.14285713	1.10617392759386e-08	chr11	3.7623933286725002e-06
118450490.69387755	1.1853018188286134e-08	chr11	4.031528446276597e-06
121199537.24489796	1.1933808680803998e-08	chr11	4.059007453192857e-06
123948583.79591836	1.1272324782009555e-08	chr11	3.8340190905343715e-06
126697630.34693877	9.974802815375542e-09	chr11	3.392697172769716e-06
129446676.89795917	8.168797923873634e-09	chr11	2.778426614963595e-06
132195723.44897959	6.020229572691484e-09	chr11	2.0476410640630853e-06
134944770.0	3.8488862273827285e-09	chr11	1.309109128636149e-06
191619.0	2.691770829218637e-09	chr12	9.155432394069073e-07
2917180.93877551	4.631072300660577e-09	chr12	1.5751515285218946e-06
5642742.87755102	6.714442478494305e-09	chr12	2.283761437208407e-06
8368304.816326531	8.405992804160214e-09	chr12	2.859102936554964e-06
11093866.75510204	9.345625734748722e-09	chr12	3.178697222883614e-06
13819428.69387755	9.57474219805161e-09	chr12	3.2566258588346433e-06
16544990.632653061	9.485322383499724e-09	chr12	3.2262117887387268e-06
19270552.57142857	9.46404978224608e-09	chr12	3.2189764082037406e-06
21996114.51020408	9.530128072955227e-09	chr12	3.2414514018672554e-06
24721676.44897959	9.353079697127546e-09	chr12	3.1812325148143562e-06
27447238.3877551	8.59110646549818e-09	chr12	2.92206504288295e-06
30172800.32653061	7.189336263284768e-09	chr12	2.445285512505514e-06
32898362.265306123	5.48495105140711e-09	chr12	1.8655785251418606e-06
35623924.20408163	4.0935996214889635e-09	chr12	1.392342697829451e-06
38349486.14285714	3.543957225584039e-09	chr12	1.205394621046762e-06
41075048.08163265	3.9192215632720415e-09	chr12	1.3330320572026818e-06
43800610.02040816	4.8845679962281e-09	chr12	1.6613721932888752e-06
46526171.95918367	5.997640647013504e-09	chr12	2.039957966391675e-06
49251733.89795918	6.8919671435352006e-09	chr12	2.3441423229591256e-06
51977295.83673469	7.283088748753058e-09	chr12	2.4771732398396436e-06
54702857.7755102	7.060946210589822e-09	chr12	2.4016166223176835e-06
57428419.71428571	6.4580359311414696e-09	chr12	2.196550713910429e-06
60153981.65306122	5.958120526183688e-09	chr12	2.0265161164936343e-06
62879543.59183673	5.888487722416497e-09	chr12	2.0028321378881802e-06
65605105.530612245	6.133746815337942e-09	chr12	2.0862513138410153e-06
68330667.46938775	6.3184871088882365e-09	chr12	2.1490864278002216e-06
71056229.40816326	6.222688104062567e-09	chr12	2.1165026245068664e-06
73781791.34693877	5.9126512424276175e-09	chr12	2.01105079719837e-06
76507353.28571428	5.500518589895825e-09	chr12	1.87087346127195e-06
79232915.2244898	4.9918354341381655e-09	chr12	1.69785671735052e-06
81958477.1632653	4.468809611801659e-09	chr12	1.519961648989731e-06
84684039.10204081	4.253185403700746e-09	chr12	1.446622089828016e-06
87409601.04081632	4.704583527256838e-09	chr12	1.6001546624440543e-06
90135162.97959183	5.827702775550033e-09	chr12	1.9821575520143695e-06
92860724.91836734	7.1550681224852196e-09	chr12	2.4336300014584695e-06
95586286.85714285	8.128823642723273e-09	chr12	2.764830292995878e-06
98311848.79591836	8.582972545466271e-09	chr12	2.91929847917171e-06
101037410.73469387	8.726868232805565e-09	chr12	2.9682412503367957e-06
103762972.67346938	8.754799261396982e-09	chr12	2.977741340061735e-06
106488534.61224489	8.747713670498008e-09	chr12	2.975331341121877e-06
109214096.5510204	8.886063486230543e-09	chr12	3.0223878130518746e-06
111939658.48979591	9.349642797277709e-09	chr12	3.180063533269612e-06
114665220.42857142	9.939542891838902e-09	chr12	3.3807043298926177e-06
117390782.36734693	1.0213128238282006e-08	chr12	3.473758022137841e-06
120116344.30612244	1.013896593019492e-08	chr12	3.448533437990143e-06
122841906.24489795	1.016600669697667e-08	chr12	3.4577307258672083e-06
125567468.18367346	1.0375083289626939e-08	chr12	3.5288432659249927e-06
128293030.12244897	1.0019339264555302e-08	chr12	3.4078452100807355e-06
131018592.06122449	8.361264801699958e-09	chr12	2.8438897468509393e-06
133744154.0	5.686214986874119e-09	chr12	1.93403377157409e-06
19260565.0	8.083012589023639e-09	chr13	2.74924872860357e-06
21215959.14285714	1.1670455519321732e-08	chr13	3.969434000670707e-06
23171353.285714287	1.4439941764287157e-08	chr13	4.911410331153693e-06
25126747.42857143	1.5762642825935317e-08	chr13	5.361296332444463e-06
27082141.57142857	1.5710911521632742e-08	chr13	5.3437011325092325e-06
29037535.714285716	1.4770687085040111e-08	chr13	5.023905659171173e-06
30992929.85714286	1.342393860453964e-08	chr13	4.565840487678975e-06
32948324.0	1.2025748236987042e-08	chr13	4.090278554797703e-06
34903718.14285714	1.0856460239922836e-08	chr13	3.6925724391762147e-06
36859112.28571428	1.0100677986841818e-08	chr13	3.4355106846014745e-06
38814506.42857143	9.785530194261949e-09	chr13	3.3283204930076886e-06
40769900.57142857	9.796730256422277e-09	chr13	3.332129933648221e-06
42725294.71428572	9.933144664234866e-09	chr13	3.378528121590085e-06
44680688.85714286	9.93805096349389e-09	chr13	3.380196885166964e-06
46636083.0	9.572391994017731e-09	chr13	3.255826491596137e-06
48591477.14285715	8.75440045201826e-09	chr13	2.9776056943275085e-06
50546871.28571428	7.623244143918453e-09	chr13	2.592869185798707e-06
52502265.42857143	6.450457039854384e-09	chr13	2.1939729303172748e-06
54457659.571428575	5.5161538317871735e-09	chr13	1.876191425139725e-06
56413053.71428572	5.018369967571351e-09	chr13	1.7068818217286e-06
58368447.85714286	4.979039507566784e-09	chr13	1.6935044805489285e-06
60323842.0	5.226452190588774e-09	chr13	1.777656150083909e-06
62279236.14285714	5.5636544213328474e-09	chr13	1.8923476458529897e-06
64234630.28571429	5.987790024703038e-09	chr13	2.0366075063293243e-06
66190024.42857143	6.709169274134232e-09	chr13	2.281967879395286e-06
68145418.57142857	7.925907373683333e-09	chr13	2.695813043730599e-06
70100812.71428572	9.535377227202888e-09	chr13	3.2432367795940236e-06
72056206.85714287	1.1034768405271124e-08	chr13	3.753219814332985e-06
74011601.0	1.1776644719071988e-08	chr13	4.005551787101136e-06
75966995.14285715	1.1427435381617756e-08	chr13	3.8867763532590225e-06
77922389.2857143	1.0193222191957085e-08	chr13	3.4669874434770298e-06
79877783.42857143	8.602658728909305e-09	chr13	2.925994276587059e-06
81833177.57142857	7.139582113153858e-09	chr13	2.4283627955749593e-06
83788571.71428572	6.09395226375636e-09	chr13	2.072716122705772e-06
85743965.85714287	5.630515823040023e-09	chr13	1.9150889965080317e-06
87699360.0	5.8420432019953474e-09	chr13	1.9870351145244107e-06
89654754.14285715	6.685253744052327e-09	chr13	2.273833568091498e-06
91610148.28571428	7.928816318193674e-09	chr13	2.6968024535463766e-06
93565542.42857143	9.265288139505458e-09	chr13	3.1513722584413287e-06
95520936.57142858	1.0521678346137608e-08	chr13	3.5787041647288392e-06
97476330.71428572	1.1754323129916904e-08	chr13	3.997959617729982e-06
99431724.85714287	1.3138980675760149e-08	chr13	4.4689186760679965e-06
101387119.0	1.4744113941575978e-08	chr13	5.014867422489101e-06
103342513.14285715	1.632260379368009e-08	chr13	5.55175403143784e-06
105297907.28571428	1.7290112010139203e-08	chr13	5.88082944790147e-06
107253301.42857143	1.7006392666880963e-08	chr13	5.784328912347168e-06
109208695.57142858	1.519162954276436e-08	chr13	5.167079445425718e-06
111164089.71428572	1.213120331608736e-08	chr13	4.126146647164037e-06
113119483.85714287	8.538674572667264e-09	chr13	2.9042315540548585e-06
115074878.0	5.218803621165001e-09	chr13	1.7750546670932108e-06
19035752.0	9.7079214166721e-09	chr14	3.3019236724203854e-06
20836765.979591835	1.3592257591406503e-08	chr14	4.623090276114535e-06
22637779.959183674	1.574293979419375e-08	chr14	5.3545948044722435e-06
24438793.93877551	1.5543070467958143e-08	chr14	5.286613901932728e-06
26239807.91836735	1.3834603858795686e-08	chr14	4.7055187222122555e-06
28040821.897959184	1.218717378262385e-08	chr14	4.145183699534059e-06
29841835.87755102	1.1657081836819914e-08	chr14	3.964885253627457e-06
31642849.85714286	1.208139097462922e-08	chr14	4.109204137807003e-06
33443863.836734693	1.237603611383093e-08	chr14	4.209420828727359e-06
35244877.81632653	1.1555969764006671e-08	chr14	3.930494333835279e-06
37045891.79591837	9.569348660666498e-09	chr14	3.2547913725418925e-06
38846905.77551021	7.195300112270702e-09	chr14	2.447313977024353e-06
40647919.75510204	5.2910091113317826e-09	chr14	1.7996136851391297e-06
42448933.73469388	4.271743560625041e-09	chr14	1.4529342152598911e-06
44249947.71428572	4.162001024780929e-09	chr14	1.415607844204517e-06
46050961.69387755	4.847137392590163e-09	chr14	1.6486410440633742e-06
47851975.67346939	6.146210923164078e-09	chr14	2.090490690214215e-06
49652989.653061226	7.747571251396166e-09	chr14	2.635156159671322e-06
51454003.63265306	9.254962702166398e-09	chr14	3.1478603010907696e-06
53255017.6122449	1.0362003636746218e-08	chr14	3.5243945262184967e-06
55056031.591836736	1.0936658185420076e-08	chr14	3.719849905005516e-06
56857045.57142857	1.096912976211346e-08	chr14	3.7308943565583027e-06
58658059.551020406	1.0548830044028115e-08	chr14	3.587939183242391e-06
60459073.530612245	9.8774282389117e-09	chr14	3.3595774754300057e-06
62260087.51020408	9.204276329277662e-09	chr14	3.1306205102717974e-06
64061101.489795916	8.749393561167633e-09	chr14	2.9759027168604142e-06
65862115.469387755	8.689535131640468e-09	chr14	2.9555432643096123e-06
67663129.44897959	9.104632342745076e-09	chr14	3.096728925881627e-06
69464143.42857143	9.886426082823328e-09	chr14	3.3626378827548455e-06
71265157.40816326	1.0772526305703254e-08	chr14	3.664024263678723e-06
73066171.3877551	1.1471662068993227e-08	chr14	3.901819032297093e-06
74867185.36734694	1.1708064630221142e-08	chr14	3.982225864989281e-06
76668199.34693877	1.1270705373786032e-08	chr14	3.833468286493109e-06
78469213.3265306	1.0218486914673354e-08	chr14	3.475580651274398e-06
80270227.30612245	9.015461784035125e-09	chr14	3.0663996343628796e-06
82071241.28571428	8.314449005055768e-09	chr14	2.827966442515451e-06
83872255.26530612	8.575234541639841e-09	chr14	2.9166665771491114e-06
85673269.24489796	9.8774206146594e-09	chr14	3.3595748822179193e-06
87474283.2244898	1.1975701089089875e-08	chr14	4.073256181491819e-06
89275297.20408162	1.4458793500515272e-08	chr14	4.917822310757374e-06
91076311.18367347	1.6908193463648455e-08	chr14	5.750928737392168e-06
92877325.1632653	1.894043135943371e-08	chr14	6.442147189630467e-06
94678339.14285713	2.0133145038784906e-08	chr14	6.847821006221719e-06
96479353.12244898	2.0071692822629462e-08	chr14	6.826919464219342e-06
98280367.10204081	1.858474226329033e-08	chr14	6.321167816583559e-06
100081381.08163264	1.58742134016489e-08	chr14	5.399244468742886e-06
101882395.06122449	1.2409583921481849e-08	chr14	4.220831335208193e-06
103683409.04081632	8.777492702800693e-09	chr14	2.9854599863263118e-06
105484423.02040815	5.548773285448424e-09	chr14	1.8872861736036474e-06
107285437.0	3.1043424494013636e-09	chr14	1.0558698799698024e-06
20161372.0	2.5714420028195342e-09	chr15	8.746161878467845e-07
21839683.408163264	5.177088739837364e-09	chr15	1.7608663204599776e-06
23517994.81632653	8.47271943438076e-09	chr15	2.881798447823492e-06
25196306.224489797	1.146918171582353e-08	chr15	3.900975397857189e-06
26874617.63265306	1.3228986671976274e-08	chr15	4.4995321222229485e-06
28552929.040816326	1.3675013025234373e-08	chr15	4.6512376121146375e-06
30231240.448979594	1.3570562422738847e-08	chr15	4.615711169102207e-06
31909551.85714286	1.3658171943438436e-08	chr15	4.6455095098500606e-06
33587863.26530612	1.4004764539716162e-08	chr15	4.763394920044015e-06
35266174.67346939	1.416929507834087e-08	chr15	4.81935615592588e-06
36944486.08163265	1.3685079484221027e-08	chr15	4.654661484002228e-06
38622797.48979592	1.2308246095750296e-08	chr15	4.18636363081166e-06
40301108.89795919	1.0168011885049836e-08	chr15	3.4584127439514373e-06
41979420.30612245	7.871661509006442e-09	chr15	2.677362574570442e-06
43657731.71428572	6.200663142866172e-09	chr15	2.109011346236564e-06
45336043.12244898	5.513046893126269e-09	chr15	1.875134672218798e-06
47014354.530612245	5.564509324667042e-09	chr15	1.8926384213378385e-06
48692665.93877551	5.953781184128103e-09	chr15	2.025040190222593e-06
50370977.346938774	6.572251506081214e-09	chr15	2.235398485175344e-06
52049288.75510204	7.571312960299343e-09	chr15	2.5752060015629686e-06
53727600.1632653	9.070912586779236e-09	chr15	3.085259935180834e-06
55405911.571428575	1.0981615433346382e-08	chr15	3.7351410672227756e-06
57084222.97959184	1.293990420615372e-08	chr15	4.401207445269768e-06
58762534.3877551	1.4346707332737771e-08	chr15	4.8796988078106136e-06
60440845.79591837	1.4711865096005316e-08	chr15	5.003898727747184e-06
62119157.20408163	1.415504181149608e-08	chr15	4.814508238726704e-06
63797468.6122449	1.344910002867161e-08	chr15	4.574398560865526e-06
65475780.02040816	1.3356294758758108e-08	chr15	4.5428330068709816e-06
67154091.42857143	1.386636404658543e-08	chr15	4.716321211375731e-06
68832402.8367347	1.41695052072179e-08	chr15	4.8194276263759946e-06
70510714.24489796	1.3446593403406547e-08	chr15	4.573545990583449e-06
72189025.65306123	1.1706925528020572e-08	chr15	3.981838425870242e-06
73867337.06122449	9.857717201411406e-09	chr15	3.3528732244851627e-06
75545648.46938775	8.936697892681776e-09	chr15	3.0396099286958224e-06
77223959.87755102	9.204123380373417e-09	chr15	3.1305684882594714e-06
78902271.28571428	9.910514088311783e-09	chr15	3.3708308575565498e-06
80580582.69387755	1.0044618880081029e-08	chr15	3.416443483320848e-06
82258894.10204083	9.44207751964514e-09	chr15	3.2115030541349607e-06
83937205.51020408	9.06008913894652e-09	chr15	3.0815785911441305e-06
85615516.91836736	1.0069666553961016e-08	chr15	3.4249628670049144e-06
87293828.3265306	1.2829887800297312e-08	chr15	4.3637879236996805e-06
88972139.73469388	1.6757565569384587e-08	chr15	5.699696162626724e-06
90650451.14285715	2.0818653600701444e-08	chr15	7.080980799249278e-06
92328762.55102041	2.3867094767938792e-08	chr15	8.11783715830419e-06
94007073.95918368	2.480851756226684e-08	chr15	8.438040225153233e-06
95685385.36734694	2.3017295601283895e-08	chr15	7.828797737325562e-06
97363696.7755102	1.8820751808422473e-08	chr15	6.4014409739919684e-06
99042008.18367347	1.3437442436107766e-08	chr15	4.57043350189998e-06
100720319.59183674	8.31622290268562e-09	chr15	2.8285697925349932e-06
102398631.0	4.432299794839466e-09	chr15	1.5075436839353202e-06
143503.0	3.3254654234195994e-09	chr16	1.1310797164619794e-06
1980193.857142857	5.753006991108486e-09	chr16	1.9567515182928783e-06
3816884.714285714	8.603778195461426e-09	chr16	2.926375037096985e-06
5653575.571428571	1.1336047028965655e-08	chr16	3.855692730714731e-06
7490266.428571428	1.3422045253250446e-08	chr16	4.565196508275593e-06
9326957.285714285	1.4525249489360389e-08	chr16	4.940425769656922e-06
11163648.142857142	1.4595534783320691e-08	chr16	4.964331677625233e-06
13000339.0	1.3962568706397248e-08	chr16	4.749042988777457e-06
14837029.857142856	1.3257728284672998e-08	chr16	4.509307913277857e-06
16673720.714285713	1.3039206864925532e-08	chr16	4.434982934961086e-06
18510411.57142857	1.3480903837776234e-08	chr16	4.585215886804666e-06
20347102.42857143	1.4450169859835057e-08	chr16	4.914889179958071e-06
22183793.285714284	1.5651238864891967e-08	chr16	5.3234048662508134e-06
24020484.14285714	1.6504627556712783e-08	chr16	5.613665180725524e-06
25857175.0	1.6174625823929287e-08	chr16	5.501422766860671e-06
27693865.857142854	1.4137384759187484e-08	chr16	4.808502603070981e-06
29530556.714285713	1.0737153086258678e-08	chr16	3.6519928858337005e-06
31367247.57142857	6.995813236538815e-09	chr16	2.379463156128225e-06
33203938.428571425	3.88631399842426e-09	chr16	1.321839314419866e-06
35040629.28571428	1.8319937976460092e-09	chr16	6.231100797526158e-07
36877320.14285714	7.370254442219382e-10	chr16	2.5068206230771207e-07
38714011.0	2.999996477059033e-10	chr16	1.0203790244703792e-07
40550701.85714286	3.0940311211945747e-10	chr16	1.0523627215124194e-07
42387392.71428571	8.042317447396352e-10	chr16	2.735407222711189e-07
44224083.57142857	2.0724780166765803e-09	chr16	7.049051934107132e-07
46060774.428571425	4.448221558323052e-09	chr16	1.5129591014584622e-06
47897465.28571428	7.960452422578788e-09	chr16	2.707562738625835e-06
49734156.14285714	1.2100588272102207e-08	chr16	4.115733652030685e-06
51570847.0	1.594677402774641e-08	chr16	5.423924278015501e-06
53407537.85714285	1.8532385716229928e-08	chr16	6.303359954866834e-06
55244228.71428571	1.92059916980334e-08	chr16	6.532471362112168e-06
57080919.57142857	1.7906026991320722e-08	chr16	6.090318603125677e-06
58917610.428571425	1.5251801786477492e-08	chr16	5.1875456345728425e-06
60754301.28571428	1.2243694599611672e-08	chr16	4.164407940809449e-06
62590992.14285714	9.679946028918399e-09	chr16	3.2924084949581486e-06
64427683.0	7.805545941285196e-09	chr16	2.6548749019982907e-06
66264373.85714285	6.512559176311311e-09	chr16	2.2150955275936445e-06
68101064.71428572	5.7813017163336655e-09	chr16	1.9663753109685385e-06
69937755.57142857	5.822922379052263e-09	chr16	1.980531611333346e-06
71774446.42857142	6.84050224758651e-09	chr16	2.3266377356290516e-06
73611137.28571428	8.801025478553728e-09	chr16	2.993464112647654e-06
75447828.14285713	1.1458712975385762e-08	chr16	3.897414699290704e-06
77284519.0	1.4442648621240808e-08	chr16	4.912331005587436e-06
79121209.85714285	1.724635673523475e-08	chr16	5.865947108850791e-06
80957900.71428572	1.9236651619574938e-08	chr16	6.542899621302513e-06
82794591.57142857	1.9758296872685005e-08	chr16	6.720325121151718e-06
84631282.42857142	1.8329412866988905e-08	chr16	6.23432346116216e-06
86467973.28571428	1.498467475382428e-08	chr16	5.096688587548721e-06
88304664.14285713	1.0531166005996049e-08	chr16	3.5819311715553115e-06
90141355.0	6.236405368652838e-09	chr16	2.1211682330060952e-06
6888.0	2.9779238976965113e-09	chr17	1.0128715499884247e-06
1660849.081632653	5.5703818690909775e-09	chr17	1.8946358307335752e-06
3314810.163265306	9.086727230332005e-09	chr17	3.090638918351021e-06
4968771.244897959	1.3097066966049827e-08	chr17	4.454662702584961e-06
6622732.326530612	1.6930095430796e-08	chr17	5.758378182097484e-06
8276693.408163265	1.9996755407624347e-08	chr17	6.801431245481761e-06
9930654.489795918	2.197869943594746e-08	chr17	7.475543408492624e-06
11584615.57142857	2.2649627322828752e-08	chr17	7.703743924040241e-06
13238576.653061224	2.167379099789589e-08	chr17	7.371835895183525e-06
14892537.734693877	1.892237375803618e-08	chr17	6.436005316518553e-06
16546498.81632653	1.499067046985741e-08	chr17	5.098727890902465e-06
18200459.897959184	1.0993135400504328e-08	chr17	3.7390593161075475e-06
19854420.979591835	7.76885726664928e-09	chr17	2.6423961026662303e-06
21508382.06122449	5.581733581051088e-09	chr17	1.8984968515262669e-06
23162343.14285714	4.487463672063557e-09	chr17	1.526306393711267e-06
24816304.224489797	4.593969684513145e-09	chr17	1.562531936612597e-06
26470265.30612245	5.966328482376646e-09	chr17	2.0293078618830406e-06
28124226.3877551	8.472772391903458e-09	chr17	2.8818164600930932e-06
29778187.469387755	1.1615654121889327e-08	chr17	3.95079457996495e-06
31432148.551020406	1.4434319654400128e-08	chr17	4.909498101240805e-06
33086109.63265306	1.5863974660923772e-08	chr17	5.395761999229071e-06
34740070.71428572	1.542935593950049e-08	chr17	5.247936549974809e-06
36394031.79591837	1.3548892235604257e-08	chr17	4.6083405589773044e-06
38047992.87755102	1.1161161265207012e-08	chr17	3.796209405856717e-06
39701953.95918367	9.120851279133054e-09	chr17	3.1022454198562256e-06
41355915.04081632	7.884155828466372e-09	chr17	2.681612226728181e-06
43009876.12244898	7.579867938061258e-09	chr17	2.5781157782676486e-06
44663837.20408163	8.129580876252235e-09	chr17	2.7650878483681887e-06
46317798.28571428	9.173846663323545e-09	chr17	3.1202705671639776e-06
47971759.367346935	1.0154276562409215e-08	chr17	3.453740993426396e-06
49625720.448979594	1.0820189698015865e-08	chr17	3.680235857966516e-06
51279681.530612245	1.1452404506650359e-08	chr17	3.895269020379626e-06
52933642.6122449	1.2213884238239166e-08	chr17	4.1542686397506e-06
54587603.69387755	1.2600892655365118e-08	chr17	4.285900551370687e-06
56241564.7755102	1.2054598128894195e-08	chr17	4.100091174507562e-06
57895525.85714286	1.0847543872411069e-08	chr17	3.6895397441537206e-06
59549486.93877551	9.871924395873477e-09	chr17	3.357705471234959e-06
61203448.02040816	9.739651896100857e-09	chr17	3.312716056975861e-06
62857409.10204081	1.0419643416165995e-08	chr17	3.543999356539063e-06
64511370.18367347	1.1599475960075613e-08	chr17	3.945291954513408e-06
66165331.26530612	1.3155472990399865e-08	chr17	4.474528153296393e-06
67819292.34693877	1.517033387029029e-08	chr17	5.1598362177517186e-06
69473253.42857143	1.7424041956601927e-08	chr17	5.926382604101499e-06
71127214.51020408	1.908477559644217e-08	chr17	6.49124252453266e-06
72781175.59183674	1.925400816636698e-08	chr17	6.548803046996265e-06
74435136.67346938	1.7679573552003675e-08	chr17	6.013295732843905e-06
76089097.75510204	1.4710082403568658e-08	chr17	5.003292386378666e-06
77743058.8367347	1.092327719207291e-08	chr17	3.715298671348265e-06
79397019.91836734	7.052796379883933e-09	chr17	2.398844646960757e-06
81050981.0	3.861965985368613e-09	chr17	1.3135579040917218e-06
112535.0	6.074747277910652e-09	chr18	2.066183993460933e-06
1702372.693877551	1.0457229173729391e-08	chr18	3.556783277763569e-06
3292210.387755102	1.5481382988961812e-08	chr18	5.265632340747023e-06
4882048.081632653	2.0167615947411006e-08	chr18	6.859545484028769e-06
6471885.775510204	2.3646673533322352e-08	chr18	8.04286600214771e-06
8061723.469387755	2.5308053583998318e-08	chr18	8.607945784189712e-06
9651561.163265307	2.4715725368626597e-08	chr18	8.406479118748897e-06
11241398.857142856	2.177379940002306e-08	chr18	7.405851427062217e-06
12831236.551020408	1.712476293576107e-08	chr18	5.824589806121479e-06
14421074.24489796	1.2181154651938425e-08	chr18	4.143136432230941e-06
16010911.93877551	8.538220718753243e-09	chr18	2.9040771862022354e-06
17600749.63265306	7.185005874597537e-09	chr18	2.4438126315144717e-06
19190587.326530613	8.039282662260856e-09	chr18	2.7343750111337043e-06
20780425.020408165	1.0066057706382091e-08	chr18	3.4237354014394694e-06
22370262.714285713	1.1931306360853833e-08	chr18	4.058156347263504e-06
23960100.408163264	1.2789215163376681e-08	chr18	4.349954072259829e-06
25549938.102040816	1.2624339339060977e-08	chr18	4.293875395481204e-06
27139775.795918368	1.1918186823198733e-08	chr18	4.0536940416786866e-06
28729613.48979592	1.1079934244841034e-08	chr18	3.768581924146164e-06
30319451.183673467	1.0246745978958204e-08	chr18	3.4851923147106458e-06
31909288.87755102	9.451279154035351e-09	chr18	3.2146327760511083e-06
33499126.57142857	8.732982031087498e-09	chr18	2.9703207166209835e-06
35088964.26530612	8.109699228715374e-09	chr18	2.7583255683876424e-06
36678801.95918367	7.621336502905496e-09	chr18	2.5922203460781518e-06
38268639.653061226	7.432710553058168e-09	chr18	2.5280636165063564e-06
39858477.346938774	7.808935219909648e-09	chr18	2.6560276862908465e-06
41448315.04081633	8.901452263838193e-09	chr18	3.027621947826086e-06
43038152.73469388	1.0468450815672217e-08	chr18	3.560600058265192e-06
44627990.428571425	1.1818987582077804e-08	chr18	4.019953727095916e-06
46217828.12244898	1.2205689707783505e-08	chr18	4.151481460813465e-06
47807665.81632653	1.1440600835614294e-08	chr18	3.891254276219408e-06
49397503.510204084	1.016566515494839e-08	chr18	3.457614558290247e-06
50987341.20408163	9.4647924916587e-09	chr18	3.219229023535695e-06
52577178.89795918	1.00735783237253e-08	chr18	3.426293364506013e-06
54167016.591836736	1.1796992989746318e-08	chr18	4.01247277808866e-06
55756854.28571428	1.3653087429245255e-08	chr18	4.643780130608446e-06
57346691.97959184	1.4666697804007023e-08	chr18	4.988536123924273e-06
58936529.67346939	1.4576269871314421e-08	chr18	4.957779165890707e-06
60526367.367346935	1.3844188566741515e-08	chr18	4.708778737688402e-06
62116205.06122449	1.3161902211164676e-08	chr18	4.476714903201691e-06
63706042.75510204	1.299654241827221e-08	chr18	4.420471615768351e-06
65295880.448979594	1.3429458846538061e-08	chr18	4.567718069598909e-06
66885718.14285714	1.425770951730586e-08	chr18	4.849428270900039e-06
68475555.8367347	1.5159891634509638e-08	chr18	5.1562845341278775e-06
70065393.53061225	1.5710588854260013e-08	chr18	5.343591384707349e-06
71655231.2244898	1.5377319585998134e-08	chr18	5.230237594649441e-06
73245068.91836734	1.3769980410289115e-08	chr18	4.683538559285634e-06
74834906.6122449	1.098232208837948e-08	chr18	3.7353814194961274e-06
76424744.30612245	7.633653233573982e-09	chr18	2.5964095955390357e-06
78014582.0	4.5378832402638375e-09	chr18	1.5434554371210962e-06
261033.0	5.611337811651689e-09	chr19	1.908566041997467e-06
1460972.7959183673	9.66321282714731e-09	chr19	3.2867170855748324e-06
2660912.5918367347	1.4291320129430127e-08	chr19	4.860860138861709e-06
3860852.387755102	1.8608331271287954e-08	chr19	6.329191068994987e-06
5060792.183673469	2.189829443984453e-08	chr19	7.448195519215606e-06
6260731.979591837	2.370698004102199e-08	chr19	8.063377858066986e-06
7460671.775510204	2.377986552666625e-08	chr19	8.08816816075849e-06
8660611.57142857	2.230367928533915e-08	chr19	7.5860777455262134e-06
9860551.367346939	2.014213137761689e-08	chr19	6.8508775003613155e-06
11060491.163265307	1.8506893274150562e-08	chr19	6.294689293624654e-06
12260430.959183674	1.8261570436499428e-08	chr19	6.2112484363846596e-06
13460370.75510204	1.948373856930305e-08	chr19	6.626940500233842e-06
14660310.551020408	2.1509897225903653e-08	chr19	7.316091240661079e-06
15860250.346938776	2.3215769708687476e-08	chr19	7.89630408863089e-06
17060190.14285714	2.3382377022078888e-08	chr19	7.95297169114575e-06
18260129.93877551	2.130023049022551e-08	chr19	7.244777977178556e-06
19460069.734693877	1.735303158966707e-08	chr19	5.902230079425435e-06
20660009.530612245	1.2810007882140541e-08	chr19	4.357026231927548e-06
21859949.326530613	8.851641805490149e-09	chr19	3.0106800789651515e-06
23059889.12244898	5.940347865262198e-09	chr19	2.0204711592571872e-06
24259828.91836735	4.128324915312764e-09	chr19	1.4041536988447299e-06
25459768.714285713	3.6314038322337123e-09	chr19	1.2351375503697696e-06
26659708.51020408	4.869287019381332e-09	chr19	1.6561747244361302e-06
27859648.30612245	7.975812856395285e-09	chr19	2.712787232918736e-06
29059588.102040816	1.235489518963967e-08	chr19	4.202230235082453e-06
30259527.897959184	1.6830033734300376e-08	chr19	5.724344523378942e-06
31459467.69387755	2.032962268393631e-08	chr19	6.914648307327874e-06
32659407.48979592	2.2349396872860922e-08	chr19	7.6016275195720596e-06
33859347.28571428	2.2732412714337593e-08	chr19	7.731901449448737e-06
35059287.08163265	2.1398281183464684e-08	chr19	7.278127639913532e-06
36259226.87755102	1.8669758090700566e-08	chr19	6.350083972885996e-06
37459166.67346939	1.5582925760304275e-08	chr19	5.300169752626258e-06
38659106.469387755	1.332133780569922e-08	chr19	4.5309432123550726e-06
39859046.26530612	1.2339736798937426e-08	chr19	4.197074461055524e-06
41058986.06122449	1.2355066433706397e-08	chr19	4.202288479768768e-06
42258925.85714286	1.3042743284323494e-08	chr19	4.43618576576539e-06
43458865.653061226	1.4324881429280545e-08	chr19	4.872275234400387e-06
44658805.448979594	1.606886938159703e-08	chr19	5.465452172800429e-06
45858745.24489796	1.7989020277351187e-08	chr19	6.118546839020265e-06
47058685.04081633	1.9962341126949116e-08	chr19	6.789726028355084e-06
48258624.8367347	2.2105642385989772e-08	chr19	7.518720100371458e-06
49458564.63265306	2.4356353643888632e-08	chr19	8.284247185240147e-06
50658504.428571425	2.6149816138627623e-08	chr19	8.894251738512151e-06
51858444.22448979	2.665546591779143e-08	chr19	9.066236749938777e-06
53058384.02040816	2.526213446381738e-08	chr19	8.592327463497318e-06
54258323.81632653	2.1865843924984726e-08	chr19	7.437158231355632e-06
55458263.6122449	1.6970886724537266e-08	chr19	5.772252391895024e-06
56658203.408163264	1.1616797689385316e-08	chr19	3.951183537850366e-06
57858143.20408163	6.941770637728011e-09	chr19	2.3610818231246375e-06
59058083.0	3.6097914233452887e-09	chr19	1.2277865921714308e-06
752721.0	2.8644526857336267e-09	chr1	9.742769564768797e-07
5822475.897959184	4.471083945365149e-09	chr1	1.520735210652413e-06
10892230.795918368	5.780656797476147e-09	chr1	1.9661559568193818e-06
15961985.693877552	6.404192969101274e-09	chr1	2.178237282710993e-06
21031740.591836736	6.334301636898231e-09	chr1	2.1544653716712212e-06
26101495.48979592	5.8805978821274426e-09	chr1	2.0001485922243983e-06
31171250.387755103	5.353490214362058e-09	chr1	1.8208651790810045e-06
36241005.28571428	4.846572755092269e-09	chr1	1.6484489957514225e-06
41310760.18367347	4.3638446839981674e-09	chr1	1.4842602701865374e-06
46380515.08163266	4.026320276945844e-09	chr1	1.3694591936397346e-06
51450269.97959184	3.971948640449204e-09	chr1	1.3509659461204284e-06
56520024.87755102	4.098344879435206e-09	chr1	1.3939566869494629e-06
61589779.77551021	4.108166843229106e-09	chr1	1.397297399483975e-06
66659534.673469394	3.856649322711097e-09	chr1	1.3117495649495264e-06
71729289.57142857	3.512217820800961e-09	chr1	1.19459920073961e-06
76799044.46938775	3.313948396836992e-09	chr1	1.1271624677455138e-06
81868799.36734694	3.2859601171383366e-09	chr1	1.1176429053880559e-06
86938554.26530613	3.2813418670932146e-09	chr1	1.1160721150515212e-06
92008309.16326532	3.2414294584801397e-09	chr1	1.1024968375882634e-06
97078064.06122449	3.295248771953851e-09	chr1	1.1208022252778538e-06
102147818.95918368	3.5609770123726315e-09	chr1	1.2111835056580742e-06
107217573.85714287	3.881428621328765e-09	chr1	1.3201776670302804e-06
112287328.75510204	3.8519430878552875e-09	chr1	1.3101488486260837e-06
117357083.65306123	3.209215508744566e-09	chr1	1.0915400118530058e-06
122426838.55102041	2.147685835030074e-09	chr1	7.304853835579075e-07
127496593.4489796	1.1516376504831513e-09	chr1	3.9170276076302014e-07
132566348.34693879	5.865472667952302e-10	chr1	1.9950041024215085e-07
137636103.24489796	5.554805065211865e-10	chr1	1.8893377431964468e-07
142705858.14285713	1.0343686403951917e-09	chr1	3.5181643455257615e-07
147775613.04081634	1.948184284612215e-09	chr1	6.626295714086663e-07
152845367.9387755	3.0873913515033607e-09	chr1	1.0501043582869829e-06
157915122.8367347	4.073770178564494e-09	chr1	1.3855981740335775e-06
162984877.73469388	4.537033776314774e-09	chr1	1.5431665117165844e-06
168054632.63265306	4.380542694820332e-09	chr1	1.4899397101870867e-06
173124387.53061226	3.848261151104113e-09	chr1	1.308896523478686e-06
178194142.42857143	3.2972466842896024e-09	chr1	1.121481768689228e-06
183263897.32653064	2.9595775884640183e-09	chr1	1.0066314796215303e-06
188333652.2244898	2.956041640786232e-09	chr1	1.0054288092618722e-06
193403407.12244898	3.3616565314975888e-09	chr1	1.1433892801023082e-06
198473162.02040818	4.075611501589835e-09	chr1	1.3862244572331412e-06
203542916.91836736	4.746057748860354e-09	chr1	1.6142611542696547e-06
208612671.81632653	5.031630071219816e-09	chr1	1.7113919375666228e-06
213682426.71428573	4.9196700394819e-09	chr1	1.6733113368599178e-06
218752181.6122449	4.727762867943321e-09	chr1	1.6080385760480882e-06
223821936.51020408	4.832223033066994e-09	chr1	1.6435682715660643e-06
228891691.40816328	5.310456091203182e-09	chr1	1.8062281230232458e-06
233961446.30612245	5.7455805264592646e-09	chr1	1.954225579075288e-06
239031201.20408165	5.512530877393089e-09	chr1	1.8749591614692154e-06
244100956.10204083	4.387824586818001e-09	chr1	1.4924164763798805e-06
249170711.0	2.7961879973634625e-09	chr1	9.510583105025992e-07
69094.0	4.093120217643169e-09	chr20	1.3921796397618031e-06
1351490.3265306123	7.180411897847406e-09	chr20	2.4422500971746536e-06
2633886.6530612246	1.1246031627930242e-08	chr20	3.825076085729246e-06
3916282.979591837	1.5713639833691492e-08	chr20	5.344629104397948e-06
5198679.306122449	1.9572507454002282e-08	chr20	6.657133171680417e-06
6481075.632653061	2.196829816202769e-08	chr20	7.472005657093026e-06
7763471.959183674	2.2802776634774528e-08	chr20	7.755834100384293e-06
9045868.285714285	2.2581349677598532e-08	chr20	7.680520871091377e-06
10328264.612244898	2.1784425641149187e-08	chr20	7.409465695824523e-06
11610660.938775511	2.0723475415444063e-08	chr20	7.0486081532923754e-06
12893057.265306123	1.9885784960660277e-08	chr20	6.763687229019034e-06
14175453.591836736	1.987208493872951e-08	chr20	6.759027485209387e-06
15457849.918367349	2.078853918851923e-08	chr20	7.070738082379454e-06
16740246.24489796	2.195420880202735e-08	chr20	7.467213488994664e-06
18022642.57142857	2.235343957175878e-08	chr20	7.603002549572651e-06
19305038.897959184	2.1320324995870363e-08	chr20	7.251612655893649e-06
20587435.224489797	1.888021729470185e-08	chr20	6.421666776036541e-06
21869831.55102041	1.5591785549124795e-08	chr20	5.303183203722893e-06
23152227.877551023	1.2077124559402557e-08	chr20	4.107753015900608e-06
24434624.204081632	8.735665841424253e-09	chr20	2.9712335522840328e-06
25717020.530612245	5.9007289685564204e-09	chr20	2.0069957130423754e-06
26999416.85714286	4.0124604893226205e-09	chr20	1.3647451092458038e-06
28281813.18367347	3.3938637284123827e-09	chr20	1.1543438090226421e-06
29564209.510204084	3.903427234150708e-09	chr20	1.3276599835138523e-06
30846605.836734697	4.983687351783549e-09	chr20	1.6950853366546138e-06
32129002.163265307	6.1501076941058535e-09	chr20	2.0918160862146967e-06
33411398.48979592	7.384306523381725e-09	chr20	2.51160011164581e-06
34693794.81632653	8.945862892948005e-09	chr20	3.0427271903667736e-06
35976191.14285714	1.0884259710432359e-08	chr20	3.7020277824795202e-06
37258587.469387755	1.2943365879000925e-08	chr20	4.402384852773369e-06
38540983.79591837	1.4887320217513514e-08	chr20	5.063575706400963e-06
39823380.12244898	1.664137478687454e-08	chr20	5.66017657044831e-06
41105776.448979594	1.809243545160253e-08	chr20	6.15372110519856e-06
42388172.77551021	1.9024356155692484e-08	chr20	6.47069225706313e-06
43670569.10204082	1.9356967594541805e-08	chr20	6.583822301746873e-06
44952965.42857143	1.9292864457555127e-08	chr20	6.5620191106817684e-06
46235361.755102046	1.9173067109569883e-08	chr20	6.5212728291424135e-06
47517758.08163266	1.9280080678732593e-08	chr20	6.557671005654402e-06
48800154.408163264	1.9741373383321615e-08	chr20	6.714568989869797e-06
50082550.73469388	2.0512723685923126e-08	chr20	6.9769258543902e-06
51364947.06122449	2.1457342617115953e-08	chr20	7.29821601285455e-06
52647343.3877551	2.2429661193394103e-08	chr20	7.628927561326013e-06
53929739.71428572	2.3196463418783177e-08	chr20	7.889737503166762e-06
55212136.04081633	2.3293456079100534e-08	chr20	7.92272730061227e-06
56494532.36734694	2.2137816418880137e-08	chr20	7.529663349320247e-06
57776928.693877555	1.944200573004817e-08	chr20	6.6127460456293415e-06
59059325.02040817	1.551574113297474e-08	chr20	5.2773184642937065e-06
60341721.34693878	1.1125745425406923e-08	chr20	3.784163531689078e-06
61624117.673469394	7.091875829347491e-09	chr20	2.4121366127431825e-06
62906514.0	3.9659756810590705e-09	chr20	1.3489343829095007e-06
14665973.0	1.8546148751184274e-08	chr21	6.3080411310908255e-06
15348194.020408163	2.8299602775559252e-08	chr21	9.625451660974124e-06
16030415.040816326	3.778775806240781e-08	chr21	1.285262699589619e-05
16712636.06122449	4.530643136535451e-08	chr21	1.5409928842361418e-05
17394857.08163265	5.010309192563217e-08	chr21	1.7041401365959103e-05
18077078.102040816	5.221662569998744e-08	chr21	1.7760270720424478e-05
18759299.12244898	5.191373212411437e-08	chr21	1.7657248515621527e-05
19441520.14285714	4.955837832736857e-08	chr21	1.6856129705054737e-05
20123741.163265307	4.5862700405089803e-08	chr21	1.5599130817913272e-05
20805962.18367347	4.179925744088724e-08	chr21	1.4217045205643251e-05
21488183.204081632	3.80203140806166e-08	chr21	1.293172551644753e-05
22170404.224489797	3.453109137176802e-08	chr21	1.1744947568193044e-05
22852625.24489796	3.111863319077175e-08	chr21	1.058427928861412e-05
23534846.265306123	2.795934712758217e-08	chr21	9.509721616352955e-06
24217067.285714287	2.5588924591576632e-08	chr21	8.703477524612196e-06
24899288.306122452	2.4372259339105092e-08	chr21	8.28965713751596e-06
25581509.326530613	2.42669798516669e-08	chr21	8.253848768569395e-06
26263730.346938774	2.505255957792532e-08	chr21	8.521045440583186e-06
26945951.36734694	2.6382512338188418e-08	chr21	8.973397938489886e-06
27628172.387755103	2.7456520450769135e-08	chr21	9.338696817528142e-06
28310393.408163264	2.708925425307437e-08	chr21	9.21377976266143e-06
28992614.42857143	2.4619725434164286e-08	chr21	8.37382697391308e-06
29674835.448979594	2.0763988233697187e-08	chr21	7.062387646129712e-06
30357056.469387755	1.7309101912547553e-08	chr21	5.8872884215177385e-06
31039277.48979592	1.5861938790920843e-08	chr21	5.3950695454000666e-06
31721498.510204084	1.684388895701764e-08	chr21	5.7290570551262855e-06
32403719.530612245	1.9490712984123155e-08	chr21	6.6293126852163275e-06
33085940.55102041	2.2613450986189462e-08	chr21	7.691439384561216e-06
33768161.571428575	2.5373222322224736e-08	chr21	8.630111414731594e-06
34450382.591836736	2.7514659074254593e-08	chr21	9.35847131805499e-06
35132603.612244904	2.9049122373685936e-08	chr21	9.88038331912983e-06
35814824.63265306	2.985905739350558e-08	chr21	1.01558638777664e-05
36497045.653061226	2.9723467124827547e-08	chr21	1.0109746001582427e-05
37179266.673469394	2.8735257448144587e-08	chr21	9.773629464920872e-06
37861487.69387755	2.7558520424125574e-08	chr21	9.373389736038326e-06
38543708.71428572	2.7167141945438535e-08	chr21	9.240271449621911e-06
39225929.73469388	2.8317773021738075e-08	chr21	9.63163184758838e-06
39908150.75510204	3.117396415228597e-08	chr21	1.0603098828225124e-05
40590371.77551021	3.5184098748816166e-08	chr21	1.1967052839135745e-05
41272592.79591837	3.913957624992388e-08	chr21	1.3312416510312951e-05
41954813.81632653	4.146209398342817e-08	chr21	1.4102366897705232e-05
42637034.8367347	4.080557423081745e-08	chr21	1.3879066973909595e-05
43319255.85714286	3.677538693094489e-08	chr21	1.2508292502364789e-05
44001476.87755102	3.0248673029599646e-08	chr21	1.028838257427694e-05
44683697.89795919	2.2917204647438234e-08	chr21	7.794754127399904e-06
45365918.91836735	1.632994697897592e-08	chr21	5.554251645120376e-06
46048139.93877551	1.1210951913859575e-08	chr21	3.813144536910489e-06
46730360.95918368	7.505493451531354e-09	chr21	2.5528190265577044e-06
47412581.97959184	4.8556586455374335e-09	chr21	1.6515393500567616e-06
48094803.0	2.9626119163167205e-09	chr21	1.007663535664909e-06
17087705.0	2.5957976063976146e-08	chr22	8.829001799145857e-06
17784482.55102041	3.4141489521738125e-08	chr22	1.1612433560691582e-05
18481260.102040816	3.9179214238801244e-08	chr22	1.332589845028586e-05
19178037.653061226	4.048560835825535e-08	chr22	1.377023802447403e-05
19874815.204081632	3.920738871798331e-08	chr22	1.333548134406677e-05
20571592.755102042	3.7129490900380365e-08	chr22	1.2628732731430615e-05
21268370.30612245	3.555628696666692e-08	chr22	1.2093644004676787e-05
21965147.85714286	3.4887219618215156e-08	chr22	1.1866076308001535e-05
22661925.408163264	3.478805479647002e-08	chr22	1.1832347700368878e-05
23358702.959183674	3.474077080351628e-08	chr22	1.1816265149948516e-05
24055480.51020408	3.473712220501618e-08	chr22	1.1815024164031805e-05
24752258.06122449	3.5497686729262185e-08	chr22	1.207371249691202e-05
25449035.612244897	3.7711267730982586e-08	chr22	1.282661058875774e-05
26145813.163265307	4.083291457739565e-08	chr22	1.3888366156886468e-05
26842590.714285716	4.2771744606077913e-08	chr22	1.4547814095712084e-05
27539368.265306123	4.116959139585548e-08	chr22	1.4002878945887677e-05
28236145.81632653	3.5346177856113985e-08	chr22	1.2022180277669841e-05
28932923.36734694	2.7057801530220595e-08	chr22	9.203081850544568e-06
29629700.91836735	1.9281531959062203e-08	chr22	6.558164624903053e-06
30326478.469387755	1.4269906029518287e-08	chr22	4.853576630849268e-06
31023256.02040816	1.2593109957072477e-08	chr22	4.2832534475649595e-06
31720033.57142857	1.345294092831378e-08	chr22	4.575704953542962e-06
32416811.12244898	1.5485444060188512e-08	chr22	5.2670136196679466e-06
33113588.673469387	1.7579157812746842e-08	chr22	5.9791416547148515e-06
33810366.22448979	1.9564040908307084e-08	chr22	6.6542534730863805e-06
34507143.77551021	2.2292611354841125e-08	chr22	7.58231324639735e-06
35203921.32653061	2.671425780319871e-08	chr22	9.08623344231405e-06
35900698.87755102	3.252868347931118e-08	chr22	1.106387509776804e-05
36597476.42857143	3.774149639112402e-08	chr22	1.2836892164413588e-05
37294253.97959183	3.9810078507356776e-08	chr22	1.3540472257903452e-05
37991031.530612245	3.7480861429832886e-08	chr22	1.2748243244463577e-05
38687809.08163265	3.160284956025194e-08	chr22	1.074897422425856e-05
39384586.63265306	2.43100324361235e-08	chr22	8.268492103808182e-06
40081364.18367347	1.7699080232578344e-08	chr22	6.019930476533653e-06
40778141.73469388	1.3235795241440287e-08	chr22	4.501847898764973e-06
41474919.28571428	1.181816441829188e-08	chr22	4.019673747080178e-06
42171696.8367347	1.3778145394247881e-08	chr22	4.686315688669076e-06
42868474.3877551	1.8632437349851432e-08	chr22	6.3373901909327974e-06
43565251.93877551	2.4950654229560118e-08	chr22	8.48638470656288e-06
44262029.48979592	3.071300981193867e-08	chr22	1.0446315930736506e-05
44958807.04081632	3.4184683195690326e-08	chr22	1.1627124884240682e-05
45655584.591836736	3.482267884629209e-08	chr22	1.184412426559181e-05
46352362.14285714	3.3442256315169596e-08	chr22	1.1374605649008453e-05
47049139.69387755	3.136146275572039e-08	chr22	1.0666872117135625e-05
47745917.24489796	2.9233536283744354e-08	chr22	9.943107421335659e-06
48442694.79591837	2.6653766945154028e-08	chr22	9.065658883912728e-06
49139472.346938774	2.2863120581642956e-08	chr22	7.776358690366032e-06
49836249.89795919	1.7757191461854468e-08	chr22	6.03969565955736e-06
50533027.448979594	1.2168933635980873e-08	chr22	4.138979737902743e-06
51229805.0	7.259285486102529e-09	chr22	2.469077113691399e-06
118913.0	3.0313112491109913e-09	chr2	1.0310300158306137e-06
5076567.0	4.706129879187021e-09	chr2	1.6006806180863605e-06
10034221.0	5.828516586865304e-09	chr2	1.9824343510047447e-06
14991875.0	6.018350693787767e-09	chr2	2.0470020071050073e-06
19949529.0	5.579390089656787e-09	chr2	1.897699767435983e-06
24907183.0	5.113172266126366e-09	chr2	1.7391266185664772e-06
29864837.0	4.933923771279089e-09	chr2	1.6781594122018382e-06
34822491.0	4.9418824722151516e-09	chr2	1.6808663792130635e-06
39780145.0	4.8822797634718375e-09	chr2	1.6605939041390542e-06
44737799.0	4.5772373585080255e-09	chr2	1.5568408251007057e-06
49695453.0	4.055038330973253e-09	chr2	1.3792269717612283e-06
54653107.0	3.594788603176712e-09	chr2	1.2226837318430999e-06
59610761.0	3.5120433182888525e-09	chr2	1.1945398477688865e-06
64568415.0	3.8164375518236964e-09	chr2	1.298072466371552e-06
69526069.0	4.1721765579231595e-09	chr2	1.4190688151291608e-06
74483723.0	4.200615687019238e-09	chr2	1.4287417234228037e-06
79441377.0	3.765132988230145e-09	chr2	1.2806224123628931e-06
84399031.0	3.032816130182867e-09	chr2	1.0315418661250414e-06
89356685.0	2.36714432213739e-09	chr2	8.051290835417932e-07
94314339.0	2.1129135334192843e-09	chr2	7.18658393937243e-07
99271993.0	2.348326040722817e-09	chr2	7.9872848281481e-07
104229647.0	2.8310196865967503e-09	chr2	9.629054994417542e-07
109187301.0	3.251730891035515e-09	chr2	1.106000630269982e-06
114144955.0	3.5009583851024294e-09	chr2	1.190769565571032e-06
119102609.0	3.642422001115969e-09	chr2	1.238885124242439e-06
124060263.0	3.726361613657174e-09	chr2	1.267435231088958e-06
129017917.0	3.714269524140387e-09	chr2	1.2633223880908745e-06
133975571.0	3.5503072207862955e-09	chr2	1.2075544242196716e-06
138933225.0	3.2688452678181186e-09	chr2	1.1118216874676796e-06
143890879.0	3.0038430520550686e-09	chr2	1.02168734748743e-06
148848533.0	2.8759318693570067e-09	chr2	9.78181333790957e-07
153806187.0	2.92399628636267e-09	chr2	9.945293273006213e-07
158763841.0	3.157368336655747e-09	chr2	1.0739054021852638e-06
163721495.0	3.5596303985253402e-09	chr2	1.2107254862789367e-06
168679149.0	3.975098336567641e-09	chr2	1.3520372419960352e-06
173636803.0	4.1303630429010445e-09	chr2	1.4048469205388813e-06
178594457.0	3.905421404534884e-09	chr2	1.3283382541874324e-06
183552111.0	3.4889901818172587e-09	chr2	1.1866988595931513e-06
188509765.0	3.1728443113925655e-09	chr2	1.0791691950348354e-06
193467419.0	3.1071435545167763e-09	chr2	1.0568226107236417e-06
198425073.0	3.311692708243486e-09	chr2	1.1263952477357067e-06
203382727.0	3.772708104468702e-09	chr2	1.2831989119610949e-06
208340381.0	4.4309416319597e-09	chr2	1.5070817364214065e-06
213298035.0	5.136482920725317e-09	chr2	1.7470551955435946e-06
218255689.0	5.6886183109282425e-09	chr2	1.9348512063519593e-06
223213343.0	5.948282277973409e-09	chr2	2.0231698651936514e-06
228170997.0	5.840651620494491e-09	chr2	1.98656180044382e-06
233128651.0	5.237355329000283e-09	chr2	1.7813645990174582e-06
238086305.0	4.066501634609252e-09	chr2	1.383125947866952e-06
243043959.0	2.5900029732284997e-09	chr2	8.809292702200312e-07
108226.0	3.670917092885666e-09	chr3	1.2485770669378722e-06
4142756.9795918367	5.5799363938474345e-09	chr3	1.8978855800998909e-06
8177287.959183673	6.9151443684974425e-09	chr3	2.352025516948769e-06
12211818.93877551	7.314889975670157e-09	chr3	2.4879896875077557e-06
16246349.918367347	7.083098746420612e-09	chr3	2.4091512921326048e-06
20280880.897959184	6.777262854566058e-09	chr3	2.305128326984157e-06
24315411.87755102	6.615930623995661e-09	chr3	2.2502549211972165e-06
28349942.85714286	6.38444036989306e-09	chr3	2.171518895517889e-06
32384473.836734693	5.824959570507243e-09	chr3	1.9812245146235293e-06
36419004.81632653	4.969776401732306e-09	chr3	1.6903538505507838e-06
40453535.79591837	4.088876845621112e-09	chr3	1.390736355465491e-06
44488066.77551021	3.4784404109789077e-09	chr3	1.183110600420602e-06
48522597.75510204	3.3744569430304522e-09	chr3	1.1477430423592317e-06
52557128.73469388	3.877255794843572e-09	chr3	1.3187583771575073e-06
56591659.71428572	4.805920680735145e-09	chr3	1.6346221381892818e-06
60626190.69387755	5.737973579521712e-09	chr3	1.9516382530051765e-06
64660721.67346939	6.294071676893202e-09	chr3	2.140782086487948e-06
68695252.65306123	6.310537311932707e-09	chr3	2.1463824892708763e-06
72729783.63265306	5.756932457362477e-09	chr3	1.9580866743363836e-06
76764314.6122449	4.713150851552727e-09	chr3	1.6030686385350964e-06
80798845.59183674	3.471069308745338e-09	chr3	1.180603491441016e-06
84833376.57142857	2.443005551127733e-09	chr3	8.309315161193722e-07
88867907.55102041	1.9151926681180388e-09	chr3	6.514082404132946e-07
92902438.53061225	1.949484954400872e-09	chr3	6.630719639848765e-07
96936969.51020408	2.417310783872848e-09	chr3	8.221920386746402e-07
100971500.48979592	3.054694798437106e-09	chr3	1.0389833862537107e-06
105006031.46938775	3.593745918118656e-09	chr3	1.2223290867725122e-06
109040562.44897959	3.922303313683101e-09	chr3	1.33408024292628e-06
113075093.42857143	4.101426505722366e-09	chr3	1.3950048304552037e-06
117109624.40816326	4.240220141618268e-09	chr3	1.4422122574909158e-06
121144155.3877551	4.379770432473197e-09	chr3	1.4896770431118318e-06
125178686.36734694	4.480803302195673e-09	chr3	1.5240410238148779e-06
129213217.34693877	4.5180960240974665e-09	chr3	1.536725275774834e-06
133247748.3265306	4.575327112780659e-09	chr3	1.5561910994471275e-06
137282279.30612245	4.776027908739435e-09	chr3	1.6244548070737466e-06
141316810.2857143	5.087630463275175e-09	chr3	1.730439168405848e-06
145351341.26530612	5.258001175354582e-09	chr3	1.788386803451184e-06
149385872.24489796	5.021185170499799e-09	chr3	1.707839347525641e-06
153420403.2244898	4.392570545393688e-09	chr3	1.494030703802702e-06
157454934.20408162	3.748438400312707e-09	chr3	1.274944136583773e-06
161489465.18367347	3.578961974720117e-09	chr3	1.2173006722866343e-06
165523996.16326532	4.102515742460979e-09	chr3	1.3953753089971827e-06
169558527.14285713	5.076149231539383e-09	chr3	1.7265340944739714e-06
173593058.12244898	6.0394224198969935e-09	chr3	2.0541690646317944e-06
177627589.10204083	6.760549029048087e-09	chr3	2.2994435079826644e-06
181662120.08163264	7.258014180470286e-09	chr3	2.468644708650009e-06
185696651.0612245	7.3755036186671056e-09	chr3	2.5086060083547236e-06
189731182.04081634	6.720311766399582e-09	chr3	2.2857577389750654e-06
193765713.02040815	5.191281229653024e-09	chr3	1.765693565766314e-06
197800244.0	3.2743504065024268e-09	chr3	1.1136941323466066e-06
167596.0	3.6862059999632825e-09	chr4	1.2537772330741904e-06
4060843.5918367347	5.521650096169915e-09	chr4	1.8780608516313822e-06
7954091.183673469	6.6040321939400205e-09	chr4	2.246207946960498e-06
11847338.775510203	6.642947267056779e-09	chr4	2.259444003951804e-06
15740586.367346939	6.135659215255374e-09	chr4	2.0869017721922396e-06
19633833.959183674	5.7631092748425666e-09	chr4	1.960187575135055e-06
23527081.551020406	5.743130740441254e-09	chr4	1.953392341341066e-06
27420329.14285714	5.8631768261178095e-09	chr4	1.9942232252207077e-06
31313576.734693877	5.92000353613675e-09	chr4	2.0135515088958377e-06
35206824.32653061	5.853845677624316e-09	chr4	1.9910494520947096e-06
39100071.91836735	5.561460839964762e-09	chr4	1.8916015501713515e-06
42993319.510204084	4.985119951116579e-09	chr4	1.6955726019967807e-06
46886567.10204081	4.396775107168365e-09	chr4	1.4954607876960594e-06
50779814.69387755	4.203526945200109e-09	chr4	1.429731920179798e-06
54673062.28571428	4.414541802849299e-09	chr4	1.5015037159946771e-06
58566309.87755102	4.610304687339043e-09	chr4	1.5680879078864534e-06
62459557.469387755	4.485403659923919e-09	chr4	1.525605728495986e-06
66352805.06122449	4.171105029232655e-09	chr4	1.4187043595678726e-06
70246052.65306123	3.990859948761688e-09	chr4	1.3573981877830146e-06
74139300.24489796	4.089339690079663e-09	chr4	1.3908937812427242e-06
78032547.8367347	4.334744811793414e-09	chr4	1.4743626254927653e-06
81925795.42857143	4.479519608269064e-09	chr4	1.5236044051833e-06
85819043.02040817	4.3883262340462866e-09	chr4	1.4925871000167216e-06
89712290.6122449	4.13835476688431e-09	chr4	1.4075651195715267e-06
93605538.20408162	3.910559327587547e-09	chr4	1.3300857992103583e-06
97498785.79591836	3.816509194503939e-09	chr4	1.2980968339628928e-06
101392033.3877551	3.854734052448324e-09	chr4	1.311098130317096e-06
105285280.97959183	3.963681227505082e-09	chr4	1.3481539779000234e-06
109178528.57142857	4.0488324589773655e-09	chr4	1.3771161887447897e-06
113071776.1632653	4.026518152755976e-09	chr4	1.3695264964941389e-06
116965023.75510204	3.91951576237333e-09	chr4	1.3331321221841804e-06
120858271.34693877	3.860729779920838e-09	chr4	1.3131374375616804e-06
124751518.93877551	3.96214966216425e-09	chr4	1.3476330515721622e-06
128644766.53061225	4.227993832062417e-09	chr4	1.438053762668381e-06
132538014.12244898	4.574301753348927e-09	chr4	1.5558423472853558e-06
136431261.7142857	4.854211933569833e-09	chr4	1.6510472846301925e-06
140324509.30612245	4.929785136811742e-09	chr4	1.6767517519486597e-06
144217756.89795917	4.83294281196749e-09	chr4	1.6438130876176628e-06
148111004.48979592	4.778059967347951e-09	chr4	1.6251459645455902e-06
152004252.08163264	4.9113677370483326e-09	chr4	1.6704875017911758e-06
155897499.6734694	5.15501736871062e-09	chr4	1.7533592569313202e-06
159790747.26530612	5.384322312727331e-09	chr4	1.8313520002132656e-06
163683994.85714287	5.62352425765321e-09	chr4	1.9127109781591864e-06
167577242.4489796	6.000351333396028e-09	chr4	2.04087994331658e-06
171470490.04081634	6.6104102741099584e-09	chr4	2.2483773025819336e-06
175363737.63265306	7.3792424306304664e-09	chr4	2.5098776782826803e-06
179256985.2244898	7.91563058296911e-09	chr4	2.6923176323980013e-06
183150232.81632653	7.621432849918722e-09	chr4	2.5922531162737563e-06
187043480.40816325	6.2115953758604284e-09	chr4	2.1127296910157213e-06
190936728.0	4.116146513471299e-09	chr4	1.4000114987169534e-06
157856.0	3.744321001377374e-09	chr5	1.27354369910289e-06
3842243.285714286	5.337691484281981e-09	chr5	1.8154916085084206e-06
7526630.571428572	6.2604475023423644e-09	chr5	2.1293456055823307e-06
11211017.857142858	6.332617802511288e-09	chr5	2.1538926545689657e-06
14895405.142857144	5.895149634897623e-09	chr5	2.005098032468584e-06
18579792.42857143	5.489062686951131e-09	chr5	1.8669770023392402e-06
22264179.714285716	5.536154273327834e-09	chr5	1.882994110137623e-06
25948567.0	6.134186635385813e-09	chr5	2.0864009084004826e-06
29632954.285714287	6.927694122902795e-09	chr5	2.356294024013827e-06
33317341.571428575	7.253736978565342e-09	chr5	2.4671899179058852e-06
37001728.85714286	6.659482426419078e-09	chr5	2.265068053816058e-06
40686116.14285714	5.364206584593336e-09	chr5	1.8245101031621068e-06
44370503.42857143	4.1346253541487765e-09	chr5	1.4062966465722977e-06
48054890.71428572	3.6267440816510345e-09	chr5	1.2335526445906504e-06
51739278.0	3.831725807034192e-09	chr5	1.303272410790431e-06
55423665.28571429	4.213331773446421e-09	chr5	1.4330668044563555e-06
59108052.571428575	4.3743016421290905e-09	chr5	1.4878169612753947e-06
62792439.85714286	4.43864595634438e-09	chr5	1.5097021831652471e-06
66476827.14285715	4.745198756754289e-09	chr5	1.6139689880841553e-06
70161214.42857143	5.33535318916099e-09	chr5	1.8146962918096423e-06
73845601.71428572	5.836235035017526e-09	chr5	1.9850596016196086e-06
77529989.0	5.81131251103701e-09	chr5	1.976582784762974e-06
81214376.28571428	5.191566513770516e-09	chr5	1.7657905985234288e-06
84898763.57142858	4.332128882293549e-09	chr5	1.4734728779175371e-06
88583150.85714287	3.6587973457668435e-09	chr5	1.244454816849747e-06
92267538.14285715	3.3298624540325004e-09	chr5	1.1325752641540076e-06
95951925.42857143	3.261265734378205e-09	chr5	1.1092436854611767e-06
99636312.71428572	3.3708147721955113e-09	chr5	1.1465042426633218e-06
103320700.0	3.6597183664203943e-09	chr5	1.244768080602946e-06
107005087.2857143	4.088613924649946e-09	chr5	1.3906469290124528e-06
110689474.57142858	4.526649855299225e-09	chr5	1.5396346625037447e-06
114373861.85714287	4.851757245025616e-09	chr5	1.6502123794157096e-06
118058249.14285715	5.020155072937828e-09	chr5	1.7074889837990728e-06
121742636.42857143	5.030376537520485e-09	chr5	1.7109655772348543e-06
125427023.71428572	4.904892834965614e-09	chr5	1.6682852144480977e-06
129111411.0	4.744069055512442e-09	chr5	1.613584746482569e-06
132795798.2857143	4.717063717127854e-09	chr5	1.604399508750766e-06
136480185.57142857	4.948408365433936e-09	chr5	1.6830860100050666e-06
140164572.85714287	5.423838749482214e-09	chr5	1.8447925970589065e-06
143848960.14285716	5.958412931094354e-09	chr5	2.0266155712229235e-06
147533347.42857143	6.271944355513873e-09	chr5	2.133255992782226e-06
151217734.71428573	6.243350920328145e-09	chr5	2.1235306008612086e-06
154902122.0	6.12633580891428e-09	chr5	2.083730632379305e-06
158586509.2857143	6.380607106406844e-09	chr5	2.1702151001012896e-06
162270896.57142857	7.217042002867121e-09	chr5	2.454708975414039e-06
165955283.85714287	8.289404671027545e-09	chr5	2.8194481948042804e-06
169639671.14285716	8.797165517402653e-09	chr5	2.9921512366413166e-06
173324058.42857143	8.035901532835699e-09	chr5	2.7332249986017455e-06
177008445.71428573	6.048079447056795e-09	chr5	2.057113551065589e-06
180692833.0	3.6557914192335447e-09	chr5	1.2434324208545744e-06
183917.0	3.316720432669814e-09	chr6	1.1281053112590053e-06
3669585.714285714	5.2239794658506196e-09	chr6	1.7768151102775639e-06
7155254.428571428	6.936378056052156e-09	chr6	2.3592476618941616e-06
10640923.142857142	8.064161006299432e-09	chr6	2.7428368012106734e-06
14126591.857142856	8.505551377097304e-09	chr6	2.892965469497269e-06
17612260.57142857	8.315722588091647e-09	chr6	2.8283996221627176e-06
21097929.285714284	7.588014642233805e-09	chr6	2.5808866902069788e-06
24583598.0	6.588891660120074e-09	chr6	2.2410582465367487e-06
28069266.714285713	5.8659448128773914e-09	chr6	1.995164691536114e-06
31554935.428571425	5.933978399787169e-09	chr6	2.018304733723855e-06
35040604.14285714	6.77755525629269e-09	chr6	2.305227780630471e-06
38526272.85714286	7.77284764121981e-09	chr6	2.6437533357638973e-06
42011941.57142857	8.154665466008975e-09	chr6	2.7736197881291024e-06
45497610.28571428	7.60053501014477e-09	chr6	2.5851452021394745e-06
48983279.0	6.384080770933331e-09	chr6	2.1713965862956833e-06
52468947.71428571	4.993116967451083e-09	chr6	1.6982926010996044e-06
55954616.428571425	3.774462130829764e-09	chr6	1.283795503230745e-06
59440285.14285714	2.9591479760549244e-09	chr6	1.0064853569529727e-06
62925953.85714285	2.6906221940680395e-09	chr6	9.15152557876645e-07
66411622.57142857	2.8691898632606954e-09	chr6	9.758881972302529e-07
69897291.28571428	3.1779998811924535e-09	chr6	1.0809227421883827e-06
73382960.0	3.3748904333628554e-09	chr6	1.147890484013206e-06
76868628.71428572	3.4770559974904113e-09	chr6	1.1826397243726939e-06
80354297.42857142	3.6506020039729402e-09	chr6	1.2416673619547791e-06
83839966.14285713	3.978977490976807e-09	chr6	1.3533566461426945e-06
87325634.85714285	4.341672615375332e-09	chr6	1.476718956746717e-06
90811303.57142857	4.534639367532576e-09	chr6	1.5423521092610997e-06
94296972.28571428	4.5473623345418545e-09	chr6	1.5466795305646152e-06
97782641.0	4.6320915533763055e-09	chr6	1.5754982036262546e-06
101268309.7142857	4.97444498694247e-09	chr6	1.691941761222957e-06
104753978.42857142	5.37006125871883e-09	chr6	1.8265014343914757e-06
108239647.14285713	5.405002955230137e-09	chr6	1.8383860397475791e-06
111725315.85714285	4.9685053740263e-09	chr6	1.6899215400395392e-06
115210984.57142857	4.434432573124902e-09	chr6	1.5082690988626198e-06
118696653.28571428	4.274882409298416e-09	chr6	1.4540018216293621e-06
122182322.0	4.6151297290573845e-09	chr6	1.5697290336008466e-06
125667990.7142857	5.236559244695866e-09	chr6	1.7810938294575106e-06
129153659.42857142	5.869321445654624e-09	chr6	1.9963131746378696e-06
132639328.14285713	6.330826777793569e-09	chr6	2.1532834791688464e-06
136124996.85714284	6.516255093647426e-09	chr6	2.2163526079118337e-06
139610665.57142857	6.4991184418505485e-09	chr6	2.2105239743861274e-06
143096334.28571427	6.575290597100641e-09	chr6	2.236432161299097e-06
146582003.0	6.975461312773541e-09	chr6	2.3725409226267834e-06
150067671.7142857	7.567991250531331e-09	chr6	2.5740761992453403e-06
153553340.42857143	8.011607454283122e-09	chr6	2.7249619328403525e-06
157039009.14285713	8.098640184909727e-09	chr6	2.7545640918604954e-06
160524677.85714284	7.753706639199067e-09	chr6	2.6372429691289144e-06
164010346.57142857	6.848631733262334e-09	chr6	2.3294027910972086e-06
167496015.28571427	5.3292430092344754e-09	chr6	1.8126180562248903e-06
170981684.0	3.4885350219685668e-09	chr6	1.1865440475572246e-06
46239.0	3.161383456844029e-09	chr7	1.0752710519292485e-06
3292631.7959183673	5.2173096785791315e-09	chr7	1.774546537270379e-06
6539024.591836735	7.175540231723563e-09	chr7	2.440593113253171e-06
9785417.387755102	8.458174727659029e-09	chr7	2.8768514041288014e-06
13031810.18367347	8.881103751042436e-09	chr7	3.0207008744865892e-06
16278202.979591837	8.692284107266342e-09	chr7	2.9564782644300695e-06
19524595.775510203	8.288350664650147e-09	chr7	2.819089699050243e-06
22770988.57142857	7.976710412207994e-09	chr7	2.713092515652094e-06
26017381.36734694	7.886207751027307e-09	chr7	2.6823101404614225e-06
29263774.163265307	7.953414382326462e-09	chr7	2.705168912932449e-06
32510166.959183674	8.014185922673253e-09	chr7	2.725838938890416e-06
35756559.75510204	7.958865839132728e-09	chr7	2.7070230991691513e-06
39002952.551020406	7.78502539686594e-09	chr7	2.6478953161033605e-06
42249345.346938774	7.507177308808318e-09	chr7	2.5533917514454684e-06
45495738.14285714	7.054157281112268e-09	chr7	2.399307525860245e-06
48742130.93877551	6.297249929775709e-09	chr7	2.141863095282649e-06
51988523.73469388	5.208756181830083e-09	chr7	1.7716372642977784e-06
55234916.530612245	3.9940590636879654e-09	chr7	1.3584862923166718e-06
58481309.32653061	3.05190641616067e-09	chr7	1.0380349828776275e-06
61727702.12244898	2.7480333875845934e-09	chr7	9.346796400189314e-07
64974094.91836735	3.152171280652507e-09	chr7	1.0721377444645779e-06
68220487.71428572	3.98983045898343e-09	chr7	1.35704803077994e-06
71466880.51020408	4.862579228708102e-09	chr7	1.6538932254557673e-06
74713273.30612245	5.466065169575063e-09	chr7	1.8591549317051981e-06
77959666.10204081	5.6260858551892955e-09	chr7	1.9135822459806474e-06
81206058.89795919	5.3246938935040635e-09	chr7	1.8110707803175029e-06
84452451.69387755	4.793691760092373e-09	chr7	1.6304627552662623e-06
87698844.48979592	4.42270016385995e-09	chr7	1.504278592736361e-06
90945237.28571428	4.444635097423729e-09	chr7	1.51173925020139e-06
94191630.08163266	4.781130506322916e-09	chr7	1.6261903369599688e-06
97438022.87755102	5.2185236071595665e-09	chr7	1.7749594268421345e-06
100684415.6734694	5.5944314617366e-09	chr7	1.9028157403002382e-06
103930808.46938775	5.762176458206098e-09	chr7	1.9598702992526306e-06
107177201.26530612	5.553793911563711e-09	chr7	1.8889938228015457e-06
110423594.06122449	4.937601078203951e-09	chr7	1.679410162621501e-06
113669986.85714285	4.151408267924583e-09	chr7	1.4120049643377626e-06
116916379.65306123	3.5893749959557654e-09	chr7	1.2208424192624962e-06
120162772.44897959	3.572830792708053e-09	chr7	1.215215293330972e-06
123409165.24489796	4.197881323652193e-09	chr7	1.4278116933223192e-06
126655558.04081632	5.290794164725374e-09	chr7	1.7995405760504233e-06
129901950.8367347	6.484583102341219e-09	chr7	2.2055801167308628e-06
133148343.63265306	7.410330597022871e-09	chr7	2.52045159499846e-06
136394736.42857143	7.880505555026161e-09	chr7	2.680370671119548e-06
139641129.2244898	7.992209454606125e-09	chr7	2.718364154430128e-06
142887522.02040815	8.093569608267412e-09	chr7	2.7528394531526324e-06
146133914.81632653	8.42962800084049e-09	chr7	2.8671418989724893e-06
149380307.6122449	8.688460341380166e-09	chr7	2.9551776994012185e-06
152626700.40816328	8.160595413011501e-09	chr7	2.7756367216768147e-06
155873093.20408162	6.5248891384536025e-09	chr7	2.219289277432591e-06
159119486.0	4.273838908337539e-09	chr7	1.453646899048407e-06
113565.0	3.856729637991496e-09	chr8	1.3117768823240933e-06
3096563.0816326533	5.761645129241024e-09	chr8	1.959689580063391e-06
6079561.1632653065	7.331276301887059e-09	chr8	2.4935631152393265e-06
9062559.24489796	8.352447375976062e-09	chr8	2.8408907045762936e-06
12045557.326530613	9.016388577353265e-09	chr8	3.066714861553672e-06
15028555.408163266	9.593365800998211e-09	chr8	3.262960244208791e-06
18011553.48979592	1.0084796808571568e-08	chr8	3.4301090711946735e-06
20994551.571428575	1.0246931469862148e-08	chr8	3.485255405127272e-06
23977549.653061226	9.879277554468486e-09	chr8	3.3602064771032416e-06
26960547.734693877	9.01345276618681e-09	chr8	3.0657163136697116e-06
29943545.816326533	7.899371419320131e-09	chr8	2.686787456056223e-06
32926543.897959188	6.869082015390425e-09	chr8	2.336358478908036e-06
35909541.97959184	6.079526788396689e-09	chr8	2.067809632785673e-06
38892540.06122449	5.359046675120205e-09	chr8	1.8227550799696428e-06
41875538.14285715	4.505483355475293e-09	chr8	1.5324353699022515e-06
44858536.2244898	3.7181669603321952e-09	chr8	1.264648010360682e-06
47841534.30612245	3.473185992460633e-09	chr8	1.1813234321746272e-06
50824532.3877551	3.9575019194313765e-09	chr8	1.3460522299838622e-06
53807530.469387755	4.830414402249985e-09	chr8	1.6429531078607735e-06
56790528.55102041	5.567910514558888e-09	chr8	1.8937952569709532e-06
59773526.632653065	5.93880680225326e-09	chr8	2.019947002518427e-06
62756524.71428572	6.136985699708315e-09	chr8	2.0873529450260806e-06
65739522.795918375	6.465847582543175e-09	chr8	2.199207665442782e-06
68722520.87755102	6.896374869593306e-09	chr8	2.345641508458074e-06
71705518.95918368	7.035200892514519e-09	chr8	2.3928599511871524e-06
74688517.04081634	6.587322884319441e-09	chr8	2.2405246639364675e-06
77671515.12244898	5.702945329152831e-09	chr8	1.9397242083675835e-06
80654513.20408164	4.791419600280089e-09	chr8	1.6296899329544934e-06
83637511.2857143	4.179767055451266e-09	chr8	1.4216505463152477e-06
86620509.36734694	4.0400566763854775e-09	chr8	1.3741313104129148e-06
89603507.4489796	4.441575508944644e-09	chr8	1.5106986023434865e-06
92586505.53061225	5.298773757113239e-09	chr8	1.802254648803063e-06
95569503.6122449	6.3025609773550565e-09	chr8	2.143669524586607e-06
98552501.69387756	6.991213928649944e-09	chr8	2.377898808525562e-06
101535499.7755102	6.975706729549701e-09	chr8	2.372624395435022e-06
104518497.85714287	6.213108863400082e-09	chr8	2.113244468599985e-06
107501495.93877551	5.1149638419511206e-09	chr8	1.7397359814128363e-06
110484494.02040817	4.325666819420095e-09	chr8	1.4712749575328622e-06
113467492.10204083	4.322192165712111e-09	chr8	1.4700931348913901e-06
116450490.18367347	5.18320577870593e-09	chr8	1.762946888954336e-06
119433488.26530613	6.6497025266724855e-09	chr8	2.261741648388866e-06
122416486.34693879	8.295456572912996e-09	chr8	2.8215066084688597e-06
125399484.42857143	9.6662177657765e-09	chr8	3.2877391455573997e-06
128382482.51020409	1.0440825906873672e-08	chr8	3.5512040880677283e-06
131365480.59183675	1.0557606289763833e-08	chr8	3.5909242191018672e-06
134348478.6734694	1.0107083225468124e-08	chr8	3.4376892775401627e-06
137331476.75510204	9.098697351824856e-09	chr8	3.0947102767626284e-06
140314474.8367347	7.47075761538923e-09	chr8	2.541004439818053e-06
143297472.91836736	5.365529487389954e-09	chr8	1.8249600577788554e-06
146280471.0	3.24389706352005e-09	chr8	1.1033361360483303e-06
212908.0	4.061399806716247e-09	chr9	1.3813906797730427e-06
3086684.1428571427	6.159679448206381e-09	chr9	2.095071695741659e-06
5960460.285714285	8.184867910202875e-09	chr9	2.7838924470401574e-06
8834236.42857143	9.768922863985489e-09	chr9	3.3226718958856134e-06
11708012.57142857	1.0703561319886008e-08	chr9	3.640567427816102e-06
14581788.714285713	1.098613394178679e-08	chr9	3.7366779327723663e-06
17455564.85714286	1.0811670173890282e-08	chr9	3.6773381399916154e-06
20329341.0	1.0452551894219006e-08	chr9	3.555192409927397e-06
23203117.14285714	1.0051855048000492e-08	chr9	3.4189046975319405e-06
26076893.285714284	9.563292446281839e-09	chr9	3.252731492081013e-06
28950669.428571425	8.917462954603014e-09	chr9	3.0330676118955723e-06
31824445.57142857	8.127053632417534e-09	chr9	2.7642282651592177e-06
34698221.71428572	7.161511834619333e-09	chr9	2.4358216802659793e-06
37571997.85714286	5.886285587003157e-09	chr9	2.0020831327470078e-06
40445774.0	4.284968914635854e-09	chr9	1.457432511816912e-06
43319550.14285714	2.637602608252001e-09	chr9	8.971191789488709e-07
46193326.28571428	1.330533563175346e-09	chr9	4.5255004450834964e-07
49067102.428571425	5.406211648812544e-10	chr9	1.8387971487565165e-07
51940878.57142857	1.7800355903926332e-10	chr9	6.054377040562272e-08
54814654.71428571	6.136248952068417e-11	chr9	2.087102357452452e-08
57688430.85714285	7.863822905715688e-11	chr9	2.6746964559799055e-08
60562207.0	2.387914314410707e-10	chr9	8.12193513322351e-08
63435983.14285714	6.585135954625595e-10	chr9	2.2397808306671102e-07
66309759.28571428	1.5048379836170876e-09	chr9	5.118356389586391e-07
69183535.42857143	2.885186172044803e-09	chr9	9.813289696035112e-07
72057311.57142857	4.724010692249567e-09	chr9	1.6067623607580666e-06
74931087.71428572	6.7135717927494846e-09	chr9	2.2834652937036684e-06
77804863.85714285	8.413039187775986e-09	chr9	2.861499600049367e-06
80678640.0	9.478653881467998e-09	chr9	3.2239436528759537e-06
83552416.14285713	9.843967506279803e-09	chr9	3.348196585491605e-06
86426192.28571428	9.655597245070752e-09	chr9	3.2841268224630332e-06
89299968.42857142	9.072068170734933e-09	chr9	3.085652980185528e-06
92173744.57142857	8.219444019977631e-09	chr9	2.7956527065710395e-06
95047520.71428572	7.3064779176705014e-09	chr9	2.485128521636024e-06
97921296.85714285	6.6344077223071935e-09	chr9	2.2565394764273103e-06
100795073.0	6.440630523400976e-09	chr9	2.1906306693015217e-06
103668849.14285713	6.7664744536312376e-09	chr9	2.301458903334613e-06
106542625.28571428	7.451214182534338e-09	chr9	2.534357195695011e-06
109416401.42857142	8.212075495070184e-09	chr9	2.793146474208988e-06
112290177.57142857	8.767998716661106e-09	chr9	2.9822308277624513e-06
115163953.7142857	8.956511691364622e-09	chr9	3.0463491314667782e-06
118037729.85714285	8.796650696197418e-09	chr9	2.991976132182631e-06
120911506.0	8.496261066804116e-09	chr9	2.8898055865352456e-06
123785282.14285713	8.381015612215993e-09	chr9	2.8506075256620024e-06
126659058.28571428	8.703929496480349e-09	chr9	2.9604391727100066e-06
129532834.42857142	9.387519814143076e-09	chr9	3.192946519571256e-06
132406610.57142857	9.904386297826182e-09	chr9	3.36874663214973e-06
135280386.7142857	9.538774763565997e-09	chr9	3.2443923725643163e-06
138154162.85714287	7.957064060704608e-09	chr9	2.7064102661445612e-06
141027939.0	5.55855438745931e-09	chr9	1.8906129879530753e-06
2737282.0	5.307743419500889e-09	chrX	1.8053054708379981e-06
5832603.612244898	7.086401721312193e-09	chrX	2.410274722217771e-06
8927925.224489797	8.308843669355048e-09	chrX	2.826059917951884e-06
12023246.836734693	8.79093279644012e-09	chrX	2.9900313215733564e-06
15118568.448979592	8.711853691825485e-09	chrX	2.9631344034470475e-06
18213890.06122449	8.43822902866109e-09	chrX	2.8700673385335483e-06
21309211.673469387	8.254076412122388e-09	chrX	2.8074321092410003e-06
24404533.285714287	8.258668633942892e-09	chrX	2.808994046682324e-06
27499854.897959184	8.434790452527124e-09	chrX	2.8688977868397468e-06
30595176.51020408	8.707526662751556e-09	chrX	2.9616626651503284e-06
33690498.12244898	8.95746446720593e-09	chrX	3.046673196008496e-06
36785819.73469388	9.044004177495818e-09	chrX	3.076107665628311e-06
39881141.346938774	8.817090794107618e-09	chrX	2.9989283560686187e-06
42976462.95918367	8.137502143664295e-09	chrX	2.7677820832368943e-06
46071784.571428575	6.970018649909098e-09	chrX	2.370689727444852e-06
49167106.18367347	5.472818920976094e-09	chrX	1.8614520631581175e-06
52262427.79591837	3.9582131511277366e-09	chrX	1.346294138902774e-06
55357749.408163264	2.75967445613778e-09	chrX	9.386390787265854e-07
58453071.02040816	2.1115717040807625e-09	chrX	7.1820200189748e-07
61548392.632653065	2.0566643192738397e-09	chrX	6.995265320514516e-07
64643714.24489796	2.387456365375709e-09	chrX	8.120377526095763e-07
67739035.85714287	2.7251668279815926e-09	chrX	9.26902111625439e-07
70834357.46938775	2.775042698918604e-09	chrX	9.438662290570732e-07
73929679.08163266	2.5527930446407596e-09	chrX	8.68273178480153e-07
77025000.69387755	2.3388845989455266e-09	chrX	7.955171959936502e-07
80120322.30612245	2.416027688361074e-09	chrX	8.217556235799499e-07
83215643.91836734	2.8633655836520454e-09	chrX	9.7390720398884e-07
86310965.53061225	3.547739651098293e-09	chrX	1.2066811251096434e-06
89406287.14285715	4.232997535046001e-09	chrX	1.4397556558566471e-06
92501608.75510204	4.6938360739374054e-09	chrX	1.5964991661734804e-06
95596930.36734694	4.804741935850189e-09	chrX	1.6342212155332025e-06
98692251.97959183	4.611361817059064e-09	chrX	1.5684474659728387e-06
101787573.59183674	4.342224029241848e-09	chrX	1.4769065073480255e-06
104882895.20408164	4.296850085916234e-09	chrX	1.4614736158826488e-06
107978216.81632653	4.655617419952605e-09	chrX	1.5834999799518312e-06
111073538.42857143	5.37086120728098e-09	chrX	1.8267735182888119e-06
114168860.04081632	6.218805580135993e-09	chrX	2.115182074297233e-06
117264181.65306123	6.921064510807512e-09	chrX	2.35403911565839e-06
120359503.26530613	7.24685972498838e-09	chrX	2.4648507800603715e-06
123454824.87755102	7.127604627467149e-09	chrX	2.4242889324040956e-06
126550146.48979592	6.778960077252735e-09	chrX	2.305705597805167e-06
129645468.10204081	6.67448604814783e-09	chrX	2.270171186776439e-06
132740789.71428572	7.261162306239516e-09	chrX	2.4697154704078585e-06
135836111.32653064	8.579641064084641e-09	chrX	2.9181653532669885e-06
138931432.9387755	1.0132066598351445e-08	chrX	3.446186790735796e-06
142026754.5510204	1.1169600874511958e-08	chrX	3.799079942664125e-06
145122076.16326532	1.115886298025399e-08	chrX	3.795427697685973e-06
148217397.7755102	1.0015671129149154e-08	chrX	3.406597579139842e-06
151312719.3877551	8.020954773095185e-09	chrX	2.7281412059241054e-06
154408041.0	5.652102543634855e-09	chrX	1.9224312174307917e-06
