pos	val	Chromosome	valScaled
158946.0	7.128100580472403e-09	chr10	1.9579021489316614e-06
2920466.326530612	9.944154770499283e-09	chr10	2.7313983261974754e-06
5681986.653061224	1.1913162179123225e-08	chr10	3.2722329837734894e-06
8443506.979591835	1.2633618759716695e-08	chr10	3.47012349772334e-06
11205027.306122448	1.222124073954379e-08	chr10	3.356854078646876e-06
13966547.632653061	1.1042269502829476e-08	chr10	3.0330216226044845e-06
16728067.959183672	9.518985381342011e-09	chr10	2.6146154537768096e-06
19489588.285714284	8.102582712152495e-09	chr10	2.2255668147388194e-06
22251108.612244897	7.157521277682088e-09	chr10	1.9659832422944167e-06
25012628.93877551	6.739937612897902e-09	chr10	1.8512839692679506e-06
27774149.265306123	6.5472255647094805e-09	chr10	1.7983510274535793e-06
30535669.591836732	6.157199960620272e-09	chr10	1.6912212304250949e-06
33297189.918367345	5.3513732385609715e-09	chr10	1.4698817791961533e-06
36058710.244897954	4.2544353819632955e-09	chr10	1.1685817396651812e-06
38820230.57142857	3.215426355129329e-09	chr10	8.831932292995211e-07
41581750.89795918	2.561775760587922e-09	chr10	7.036525663620371e-07
44343271.22448979	2.424354491276453e-09	chr10	6.659065503713354e-07
47104791.551020406	2.731028209900755e-09	chr10	7.501417720740561e-07
49866311.87755102	3.2945287278744673e-09	chr10	9.04920575011727e-07
52627832.20408163	3.891799173528139e-09	chr10	1.0689750907746338e-06
55389352.530612245	4.341893762328545e-09	chr10	1.1926042613630802e-06
58150872.85714285	4.592837068739872e-09	chr10	1.2615318015031202e-06
60912393.183673464	4.745912982195722e-09	chr10	1.3035777373764076e-06
63673913.51020408	4.978839859849622e-09	chr10	1.367556637386863e-06
66435433.83673469	5.412133992628758e-09	chr10	1.4865711636425416e-06
69196954.1632653	6.003328541717906e-09	chr10	1.6489567900840832e-06
71958474.48979591	6.575911225217157e-09	chr10	1.8062302255256947e-06
74719994.81632653	6.972317018144723e-09	chr10	1.9151124929768654e-06
77481515.14285713	7.137890627078719e-09	chr10	1.9605912177898025e-06
80243035.46938775	7.0650453018844765e-09	chr10	1.940582518820521e-06
83004555.79591836	6.7735371554338095e-09	chr10	1.8605128817659578e-06
85766076.12244898	6.371878453422048e-09	chr10	1.7501877780545548e-06
88527596.44897959	6.0244079444191944e-09	chr10	1.6547467487667808e-06
91289116.77551019	5.813325523565268e-09	chr10	1.5967679477207088e-06
94050637.10204081	5.683762824778365e-09	chr10	1.5611804748010364e-06
96812157.42857142	5.528186671312133e-09	chr10	1.5184477886169323e-06
99573677.75510204	5.302182210865728e-09	chr10	1.4563702949311134e-06
102335198.08163264	5.086351412013185e-09	chr10	1.3970872390723499e-06
105096718.40816326	5.061971232494152e-09	chr10	1.3903906436283372e-06
107858238.73469387	5.406372672234675e-09	chr10	1.4849886801389892e-06
110619759.06122449	6.181542877758155e-09	chr10	1.697907590870975e-06
113381279.3877551	7.298141789280647e-09	chr10	2.0046080061756864e-06
116142799.7142857	8.570508281884463e-09	chr10	2.3540936878062556e-06
118904320.04081632	9.81925175299264e-09	chr10	2.6970907454298516e-06
121665840.36734693	1.0932368541590674e-08	chr10	3.0028347129572523e-06
124427360.69387755	1.1793717537441643e-08	chr10	3.239424675587237e-06
127188881.02040815	1.212995213087737e-08	chr10	3.331779493760881e-06
129950401.34693877	1.1521867742408072e-08	chr10	3.164754671723798e-06
132711921.67346938	9.733302929307873e-09	chr10	2.6734828593330196e-06
135473442.0	7.072643942931707e-09	chr10	1.9426696660861038e-06
241489.0	6.222927806446365e-09	chr11	1.7092749446137108e-06
2990535.551020408	8.356349664977604e-09	chr11	2.295269936440729e-06
5739582.102040816	9.787532742037269e-09	chr11	2.6883783656015363e-06
8488628.653061224	1.0382740752710354e-08	chr11	2.851866384604902e-06
11237675.204081632	1.0414579384602762e-08	chr11	2.8606116211651103e-06
13986721.75510204	1.0253071308119862e-08	chr11	2.81624959141458e-06
16735768.306122448	1.0050160483607622e-08	chr11	2.760515313415983e-06
19484814.85714286	9.678432947558723e-09	chr11	2.6584115154363285e-06
22233861.408163264	8.978238311300157e-09	chr11	2.466086425810529e-06
24982907.95918367	8.056701213213788e-09	chr11	2.2129643711629817e-06
27731954.51020408	7.268921473025139e-09	chr11	1.996581952201946e-06
30481001.06122449	6.871599839251077e-09	chr11	1.8874481273069388e-06
33230047.612244897	6.764978465208113e-09	chr11	1.8581620341880155e-06
35979094.1632653	6.627663357439104e-09	chr11	1.8204451779867655e-06
38728140.71428572	6.2309352582973475e-09	chr11	1.7114743814776427e-06
41477187.26530612	5.537581235353648e-09	chr11	1.5210282287941582e-06
44226233.81632653	4.5967340740127316e-09	chr11	1.2626022065727444e-06
46975280.367346935	3.530437936121896e-09	chr11	9.697186429634838e-07
49724326.91836734	2.6126829652361166e-09	chr11	7.1763543939414e-07
52473373.469387755	2.185130615394659e-09	chr11	6.001980302155095e-07
55222420.02040816	2.4086870023265015e-09	chr11	6.616031023577778e-07
57971466.57142857	3.13146493438959e-09	chr11	8.601312306313154e-07
60720513.12244898	4.0248440876214295e-09	chr11	1.1055190368465083e-06
63469559.67346939	4.833846982724532e-09	chr11	1.3277308994503502e-06
66218606.22448979	5.485644556293923e-09	chr11	1.506762586160273e-06
68967652.7755102	5.996814982559075e-09	chr11	1.647167686334733e-06
71716699.3265306	6.3524553177975345e-09	chr11	1.7448527524682988e-06
74465745.87755102	6.490084043142265e-09	chr11	1.7826557511865514e-06
77214792.42857143	6.351067702810737e-09	chr11	1.7444716110500669e-06
79963838.97959183	5.946630954802965e-09	chr11	1.6333834510147506e-06
82712885.53061225	5.412375254494063e-09	chr11	1.4866374319449038e-06
85461932.08163264	4.979606944464105e-09	chr11	1.3677673353979463e-06
88210978.63265306	4.8400386232769374e-09	chr11	1.3294315806074284e-06
90960025.18367347	5.011439479912989e-09	chr11	1.376510897425123e-06
93709071.73469387	5.326852630842075e-09	chr11	1.4631466118112458e-06
96458118.28571428	5.564551910849834e-09	chr11	1.528436365494247e-06
99207164.83673468	5.622858549176554e-09	chr11	1.544451668756045e-06
101956211.3877551	5.6010351811216155e-09	chr11	1.5384573623164385e-06
104705257.93877551	5.724505276339462e-09	chr11	1.572371356939084e-06
107454304.48979591	6.184019167005847e-09	chr11	1.6985877625358803e-06
110203351.04081632	7.012549335609775e-09	chr11	1.926163254667451e-06
112952397.59183674	8.076515873872067e-09	chr11	2.2184069384002453e-06
115701444.14285713	9.17161072657157e-09	chr11	2.5192007531309374e-06
118450490.69387755	1.0143205281868477e-08	chr11	2.786072277491505e-06
121199537.24489796	1.0936972276864562e-08	chr11	3.0040992382096806e-06
123948583.79591836	1.1530609422377713e-08	chr11	3.167155781781745e-06
126697630.34693877	1.1782729631236011e-08	chr11	3.236406586135581e-06
129446676.89795917	1.1360407692030867e-08	chr11	3.120405833484033e-06
132195723.44897959	9.940405532656851e-09	chr11	2.7303685089627604e-06
134944770.0	7.593672730507857e-09	chr11	2.085782599375128e-06
191619.0	7.152783916753984e-09	chr12	1.9646820135818467e-06
2917180.93877551	9.556336104438454e-09	chr12	2.624874717123207e-06
5642742.87755102	1.097868373600436e-08	chr12	3.0155562812975145e-06
8368304.816326531	1.1231814280223736e-08	chr12	3.0850845982582876e-06
11093866.75510204	1.0656707023972771e-08	chr12	2.9271177289404406e-06
13819428.69387755	9.75083798697883e-09	chr12	2.6782992794589727e-06
16544990.632653061	8.880788299531722e-09	chr12	2.4393194652014815e-06
19270552.57142857	8.207425874517855e-09	chr12	2.2543644797799496e-06
21996114.51020408	7.683933598139102e-09	chr12	2.1105748907723318e-06
24721676.44897959	7.109066776360801e-09	chr12	1.952674062493804e-06
27447238.3877551	6.278745419401905e-09	chr12	1.7246065779317475e-06
30172800.32653061	5.157898670118756e-09	chr12	1.4167393930807858e-06
32898362.265306123	3.952016240967428e-09	chr12	1.085515138773498e-06
35623924.20408163	3.017809445253774e-09	chr12	8.289130507102142e-07
38349486.14285714	2.6488843038252444e-09	chr12	7.275789969825429e-07
41075048.08163265	2.8965123584342725e-09	chr12	7.955959244629141e-07
43800610.02040816	3.5755494207992083e-09	chr12	9.821095838311212e-07
46526171.95918367	4.4026306419139095e-09	chr12	1.2092870881157447e-06
49251733.89795918	5.107649051621929e-09	chr12	1.40293714170579e-06
51977295.83673469	5.496944175137103e-09	chr12	1.5098662948924111e-06
54702857.7755102	5.539867428717957e-09	chr12	1.5216561861090585e-06
57428419.71428571	5.420285300708944e-09	chr12	1.4888101140370578e-06
60153981.65306122	5.4142384246361076e-09	chr12	1.487149195883102e-06
62879543.59183673	5.643909730886912e-09	chr12	1.5502338758732081e-06
65605105.530612245	5.961774566619437e-09	chr12	1.637543003729156e-06
68330667.46938775	6.107329857347329e-09	chr12	1.6775232219215353e-06
71056229.40816326	5.960796377934735e-09	chr12	1.6372743209705138e-06
73781791.34693877	5.607019010951809e-09	chr12	1.54010096332222e-06
76507353.28571428	5.183958831267965e-09	chr12	1.4238974353866593e-06
79232915.2244898	4.767804764076451e-09	chr12	1.3095908352984042e-06
81958477.1632653	4.43922609415654e-09	chr12	1.2193388983810572e-06
84684039.10204081	4.367130333924438e-09	chr12	1.1995360852341725e-06
87409601.04081632	4.715093736435955e-09	chr12	1.2951124994325425e-06
90135162.97959183	5.446594662997349e-09	chr12	1.4960366053554613e-06
92860724.91836734	6.281766188531708e-09	chr12	1.7254363039301249e-06
95586286.85714285	6.897870314349568e-09	chr12	1.8946639373348863e-06
98311848.79591836	7.163505200874246e-09	chr12	1.9676268689442796e-06
101037410.73469387	7.163206007992747e-09	chr12	1.967544688512197e-06
103762972.67346938	7.064298122802181e-09	chr12	1.940377288336699e-06
106488534.61224489	7.043406764227686e-09	chr12	1.93463898044032e-06
109214096.5510204	7.274149299565024e-09	chr12	1.99801789894556e-06
111939658.48979591	7.822229847821251e-09	chr12	2.148561240906567e-06
114665220.42857142	8.549708975276334e-09	chr12	2.348380664169088e-06
117390782.36734693	9.293228619404437e-09	chr12	2.5526059963703966e-06
120116344.30612244	1.0147866900208057e-08	chr12	2.7873527017029095e-06
122841906.24489795	1.1310338766712607e-08	chr12	3.1066532137828074e-06
125567468.18367346	1.2497103303132117e-08	chr12	3.432626284715212e-06
128293030.12244897	1.2787603581040151e-08	chr12	3.5124190867331223e-06
131018592.06122449	1.1382320009748757e-08	chr12	3.1264245720615247e-06
133744154.0	8.478768748047853e-09	chr12	2.328895245610763e-06
19260565.0	8.212766873132623e-09	chr13	2.255831511922277e-06
21215959.14285714	1.1826346774594854e-08	chr13	3.248387070662762e-06
23171353.285714287	1.4821540230982943e-08	chr13	4.071088102799382e-06
25126747.42857143	1.6561757873443238e-08	chr13	4.549080216310777e-06
27082141.57142857	1.6958247905230356e-08	chr13	4.6579856219657755e-06
29037535.714285716	1.632843406214038e-08	chr13	4.484992289044673e-06
30992929.85714286	1.509803768831225e-08	chr13	4.147034697515266e-06
32948324.0	1.36581903301445e-08	chr13	3.751546417732409e-06
34903718.14285714	1.23428541213619e-08	chr13	3.3902580828289752e-06
36859112.28571428	1.1371722677996286e-08	chr13	3.123513763161332e-06
38814506.42857143	1.0783608227261492e-08	chr13	2.9619741588990275e-06
40769900.57142857	1.0454248468902286e-08	chr13	2.8715076774874583e-06
42725294.71428572	1.0174842660593823e-08	chr13	2.7947622350887104e-06
44680688.85714286	9.731326341154897e-09	chr13	2.6729399424439305e-06
46636083.0	8.988485311734672e-09	chr13	2.4689010078922973e-06
48591477.14285715	7.96095219195475e-09	chr13	2.1866646280035285e-06
50546871.28571428	6.799429323793016e-09	chr13	1.8676247808614713e-06
52502265.42857143	5.6983345276300955e-09	chr13	1.5651829391328606e-06
54457659.571428575	4.821562010887412e-09	chr13	1.3243565401118533e-06
56413053.71428572	4.273914158241654e-09	chr13	1.1739320482787318e-06
58368447.85714286	4.069188268124169e-09	chr13	1.1176992193956683e-06
60323842.0	4.119883703663642e-09	chr13	1.1316239250115901e-06
62279236.14285714	4.316475841476704e-09	chr13	1.1856226256109798e-06
64234630.28571429	4.643373411542851e-09	chr13	1.2754128085197947e-06
66190024.42857143	5.196531208958644e-09	chr13	1.4273507375700201e-06
68145418.57142857	6.06390958408603e-09	chr13	1.6655968124431965e-06
70100812.71428572	7.165143437473511e-09	chr13	1.9680768495417682e-06
72056206.85714287	8.196107175378223e-09	chr13	2.251255530191148e-06
74011601.0	8.76756753470351e-09	chr13	2.4082206926381243e-06
75966995.14285715	8.656175292427259e-09	chr13	2.377624167229313e-06
77922389.2857143	7.943693962893561e-09	chr13	2.181924245431175e-06
79877783.42857143	6.927353375676679e-09	chr13	1.9027621604839218e-06
81833177.57142857	5.933360613986702e-09	chr13	1.629738436679179e-06
83788571.71428572	5.217109661934884e-09	chr13	1.4330030985109202e-06
85743965.85714287	4.959694720830157e-09	chr13	1.3622979701718555e-06
87699360.0	5.256878666094169e-09	chr13	1.4439266001962984e-06
89654754.14285715	6.069602519244872e-09	chr13	1.6671605123174324e-06
91610148.28571428	7.215260843723862e-09	chr13	1.981842785682633e-06
93565542.42857143	8.464555065679577e-09	chr13	2.3249911201093195e-06
95520936.57142858	9.686984989517118e-09	chr13	2.6607605369097303e-06
97476330.71428572	1.0920744728950642e-08	chr13	2.9996419566977453e-06
99431724.85714287	1.2313992323289162e-08	chr13	3.3823305043905545e-06
101387119.0	1.3981449192115667e-08	chr13	3.840337143027226e-06
103342513.14285715	1.584703430408517e-08	chr13	4.352764410081576e-06
105297907.28571428	1.7556827512027897e-08	chr13	4.822399729935322e-06
107253301.42857143	1.8546509293941985e-08	chr13	5.094239340739424e-06
109208695.57142858	1.825849191754844e-08	chr13	5.0151285266025665e-06
111164089.71428572	1.640973530527514e-08	chr13	4.507323606742467e-06
113119483.85714287	1.319825676367e-08	chr13	3.625214738205723e-06
115074878.0	9.316805245164425e-09	chr13	2.5590818766864652e-06
19035752.0	8.946014753158879e-09	chr14	2.457235460112336e-06
20836765.979591835	1.2739368336357843e-08	chr14	3.499170130976738e-06
22637779.959183674	1.5310673817851295e-08	chr14	4.205440261559287e-06
24438793.93877551	1.6030785165122542e-08	chr14	4.403235948976343e-06
26239807.91836735	1.5370799801013354e-08	chr14	4.2219552910977486e-06
28040821.897959184	1.4434538866064993e-08	chr14	3.9647889848985906e-06
29841835.87755102	1.4043973106971744e-08	chr14	3.857510821467131e-06
31642849.85714286	1.416229910325175e-08	chr14	3.890011867120972e-06
33443863.836734693	1.4062517616479486e-08	chr14	3.862604511519087e-06
35244877.81632653	1.3053917772229582e-08	chr14	3.5855686055052365e-06
37045891.79591837	1.1103979514579205e-08	chr14	3.0499717432223653e-06
38846905.77551021	8.810235247989012e-09	chr14	2.4199403936424205e-06
40647919.75510204	6.8750958451117095e-09	chr14	1.8884083883624523e-06
42448933.73469388	5.6780993483722945e-09	chr14	1.5596248664730273e-06
44249947.71428572	5.255707598390378e-09	chr14	1.4436049386333178e-06
46050961.69387755	5.499059298648143e-09	chr14	1.5104472638084313e-06
47851975.67346939	6.261907985410822e-09	chr14	1.719981776721177e-06
49652989.653061226	7.3280334980381925e-09	chr14	2.0128184740487085e-06
51454003.63265306	8.401759991593265e-09	chr14	2.307742961345577e-06
53255017.6122449	9.19668807030844e-09	chr14	2.5260888412881703e-06
55056031.591836736	9.529450503521991e-09	chr14	2.617489948177344e-06
56857045.57142857	9.359987808327184e-09	chr14	2.570942993439554e-06
58658059.551020406	8.805687465359167e-09	chr14	2.418691237112806e-06
60459073.530612245	8.103186417643372e-09	chr14	2.2257326367926144e-06
62260087.51020408	7.49331934263379e-09	chr14	2.0582181575504047e-06
64061101.489795916	7.130053558576481e-09	chr14	1.9584385807599753e-06
65862115.469387755	7.084175197183415e-09	chr14	1.9458369989855786e-06
67663129.44897959	7.360428315012848e-09	chr14	2.0217164800536575e-06
69464143.42857143	7.882669534633676e-09	chr14	2.1651624366044763e-06
71265157.40816326	8.514968795407947e-09	chr14	2.3388384485324395e-06
73066171.3877551	9.112906079051684e-09	chr14	2.5030761271897245e-06
74867185.36734694	9.525776349494379e-09	chr14	2.616480754495948e-06
76668199.34693877	9.59968503355348e-09	chr14	2.636781530237027e-06
78469213.3265306	9.286492004819423e-09	chr14	2.550755625149674e-06
80270227.30612245	8.768649863362778e-09	chr14	2.4085179799145745e-06
82071241.28571428	8.417900451116524e-09	chr14	2.312176321962275e-06
83872255.26530612	8.601982929726915e-09	chr14	2.362738947500882e-06
85673269.24489796	9.504537606762401e-09	chr14	2.610647029288778e-06
87474283.2244898	1.1060537041403055e-08	chr14	3.038039236010065e-06
89275297.20408162	1.3022100217960614e-08	chr14	3.5768291584149944e-06
91076311.18367347	1.509838257840492e-08	chr14	4.147129429771912e-06
92877325.1632653	1.702715950448513e-08	chr14	4.676913829662067e-06
94678339.14285713	1.8519284572123444e-08	chr14	5.086761424182155e-06
96479353.12244898	1.9235770144847538e-08	chr14	5.2835612064913534e-06
98280367.10204081	1.8916887698642248e-08	chr14	5.195972567746227e-06
100081381.08163264	1.7520369216482466e-08	chr14	4.812385593014985e-06
101882395.06122449	1.521633007258416e-08	chr14	4.179526510832647e-06
103683409.04081632	1.2298805424056552e-08	chr14	3.378159061759036e-06
105484423.02040815	9.125240463280608e-09	chr14	2.5064640588153974e-06
107285437.0	6.090440642905678e-09	chr14	1.6728841979801974e-06
20161372.0	3.320380802373487e-09	chr15	9.120214613761303e-07
21839683.408163264	6.180128562218544e-09	chr15	1.6975191155116545e-06
23517994.81632653	9.589199779369702e-09	chr15	2.6339015061034236e-06
25196306.224489797	1.2630899271804323e-08	chr15	3.4693765257681162e-06
26874617.63265306	1.4521568220116899e-08	chr15	3.988693664328221e-06
28552929.040816326	1.5182140328243523e-08	chr15	4.1701354853890185e-06
30231240.448979594	1.5174893776674305e-08	chr15	4.168145047862283e-06
31909551.85714286	1.508174650854624e-08	chr15	4.142559938003611e-06
33587863.26530612	1.5019006474780538e-08	chr15	4.12532689737138e-06
35266174.67346939	1.4711224926103096e-08	chr15	4.040787383828609e-06
36944486.08163265	1.3852895832215884e-08	chr15	3.8050269090092476e-06
38622797.48979592	1.2355436369343077e-08	chr15	3.393714096122085e-06
40301108.89795919	1.0434942734909962e-08	chr15	2.866204899048301e-06
41979420.30612245	8.576432128261002e-09	chr15	2.3557208129316133e-06
43657731.71428572	7.2774201530348805e-09	chr15	1.998916316548563e-06
45336043.12244898	6.691302505529129e-09	chr15	1.8379251817261884e-06
47014354.530612245	6.565105339259407e-09	chr15	1.8032621322589206e-06
48692665.93877551	6.574799052453085e-09	chr15	1.8059247408569283e-06
50370977.346938774	6.6562037064909125e-09	chr15	1.828284462815725e-06
52049288.75510204	6.985366348120011e-09	chr15	1.9186968014349596e-06
53727600.1632653	7.738648755380656e-09	chr15	2.125603708440232e-06
55405911.571428575	8.911954609960721e-09	chr15	2.4478800327011005e-06
57084222.97959184	1.0251857529363912e-08	chr15	2.815916198246544e-06
58762534.3877551	1.1301134297784828e-08	chr15	3.1041249877441847e-06
60440845.79591837	1.1656292516113286e-08	chr15	3.20167762901597e-06
62119157.20408163	1.1324510064975052e-08	chr15	3.1105456974827717e-06
63797468.6122449	1.0781420936067142e-08	chr15	2.9613733674144784e-06
65475780.02040816	1.0550954355887872e-08	chr15	2.89807024654858e-06
67154091.42857143	1.068779159762923e-08	chr15	2.935655845493865e-06
68832402.8367347	1.0717710670932591e-08	chr15	2.9438738296894265e-06
70510714.24489796	1.0129194618761138e-08	chr15	2.7822239160526996e-06
72189025.65306123	8.92631849038135e-09	chr15	2.4518254136655033e-06
73867337.06122449	7.685486643134903e-09	chr15	2.1110014714722447e-06
75545648.46938775	7.061495727550601e-09	chr15	1.939607543911339e-06
77223959.87755102	7.21417189924315e-09	chr15	1.9815436812136674e-06
78902271.28571428	7.693344956858832e-09	chr15	2.113159944006879e-06
80580582.69387755	7.925065126240064e-09	chr15	2.176807392925488e-06
82258894.10204083	7.858164039819025e-09	chr15	2.1584314203377197e-06
83937205.51020408	8.082403931266457e-09	chr15	2.2200242332315064e-06
85615516.91836736	9.276016378287093e-09	chr15	2.5478782454792406e-06
87293828.3265306	1.1624472148700252e-08	chr15	3.1929374092288853e-06
88972139.73469388	1.4782862373689127e-08	chr15	4.060464310520259e-06
90650451.14285715	1.818349445844415e-08	chr15	4.994528692932012e-06
92328762.55102041	2.1221874566269364e-08	chr15	5.829091964763392e-06
94007073.95918368	2.3311997325177867e-08	chr15	6.403193830330322e-06
95685385.36734694	2.401730411115025e-08	chr15	6.596923093311611e-06
97363696.7755102	2.3156787819396626e-08	chr15	6.360561852642436e-06
99042008.18367347	2.0740234521162052e-08	chr15	5.6967980852535356e-06
100720319.59183674	1.6941937487000223e-08	chr15	4.65350557815295e-06
102398631.0	1.2278595354036753e-08	chr15	3.3726078859478775e-06
143503.0	7.843380792430125e-09	chr16	2.1543708502736255e-06
1980193.857142857	1.1278181916941988e-08	chr16	3.09782057112324e-06
3816884.714285714	1.4472253053475443e-08	chr16	3.975148082352745e-06
5653575.571428571	1.680345989519409e-08	chr16	4.61546941809667e-06
7490266.428571428	1.7894681843457443e-08	chr16	4.915199447625044e-06
9326957.285714285	1.775530938014749e-08	chr16	4.876917489853009e-06
11163648.142857142	1.6740085933763953e-08	chr16	4.598062254172763e-06
13000339.0	1.536303563727487e-08	chr16	4.219822679093104e-06
14837029.857142856	1.4086776332623119e-08	chr16	3.869267744161744e-06
16673720.714285713	1.318454215867324e-08	chr16	3.6214476961597017e-06
18510411.57142857	1.2723148908284069e-08	chr16	3.4947150797717816e-06
20347102.42857143	1.262541620601446e-08	chr16	3.4678704715014134e-06
22183793.285714284	1.2683526043370222e-08	chr16	3.4838317187016284e-06
24020484.14285714	1.2516522178261588e-08	chr16	3.4379601400552987e-06
25857175.0	1.1668149876330854e-08	chr16	3.204934534665454e-06
27693865.857142854	9.911586361746052e-09	chr16	2.7224526390869535e-06
29530556.714285713	7.479701923275459e-09	chr16	2.0544778098485752e-06
31367247.57142857	4.941483054287513e-09	chr16	1.357295703346784e-06
33203938.428571425	2.836924349505156e-09	chr16	7.792286623268425e-07
35040629.28571428	1.4125225665881425e-09	chr16	3.879828766886038e-07
36877320.14285714	6.237772821507687e-10	chr16	1.7133524806362958e-07
38714011.0	3.0568487301033023e-10	chr16	8.396361176530465e-08
40550701.85714286	3.4583206982061394e-10	chr16	9.499099304605916e-08
42387392.71428571	7.726645519156176e-10	chr16	2.122306734480237e-07
44224083.57142857	1.7356904636039101e-09	chr16	4.767486162975929e-07
46060774.428571425	3.380740507461267e-09	chr16	9.286006881934395e-07
47897465.28571428	5.675844935670553e-09	chr16	1.5590056384720349e-06
49734156.14285714	8.308028653212888e-09	chr16	2.2819974227178067e-06
51570847.0	1.0746221448713596e-08	chr16	2.951704992066409e-06
53407537.85714285	1.2443604347115558e-08	chr16	3.4179315256040156e-06
55244228.71428571	1.3063894633854342e-08	chr16	3.5883089875458917e-06
57080919.57142857	1.261773454803404e-08	chr16	3.4657605216631037e-06
58917610.428571425	1.1431587178935052e-08	chr16	3.139956970395785e-06
60754301.28571428	9.949614441787466e-09	chr16	2.732897954608567e-06
62590992.14285714	8.505615437530786e-09	chr16	2.3362693266070853e-06
64427683.0	7.254878966944592e-09	chr16	1.992724844334135e-06
66264373.85714285	6.297511412232693e-09	chr16	1.7297611036396045e-06
68101064.71428572	5.814572900849854e-09	chr16	1.597110569522751e-06
69937755.57142857	6.0488193614891876e-09	chr16	1.6614519243461972e-06
71774446.42857142	7.17017592589294e-09	chr16	1.9694591420304387e-06
73611137.28571428	9.177882651431444e-09	chr16	2.5209234862801758e-06
75447828.14285713	1.1889792704656212e-08	chr16	3.265814002480813e-06
77284519.0	1.4965069205861184e-08	chr16	4.110511745209524e-06
79121209.85714285	1.7938825241756732e-08	chr16	4.9273244805725436e-06
80957900.71428572	2.0272103982765187e-08	chr16	5.568214912673357e-06
82794591.57142857	2.1393797280416674e-08	chr16	5.8763146221430205e-06
84631282.42857142	2.0791040664921648e-08	chr16	5.710753199511934e-06
86467973.28571428	1.8263387360100633e-08	chr16	5.016473176188343e-06
88304664.14285713	1.421869041431043e-08	chr16	3.905501080250951e-06
90141355.0	9.641984221259e-09	chr16	2.6484000069366378e-06
6888.0	1.053218346364505e-08	chr17	2.892914375100825e-06
1660849.081632653	1.4215304024557662e-08	chr17	3.904570927863339e-06
3314810.163265306	1.720894224129049e-08	chr17	4.7268447764846934e-06
4968771.244897959	1.937335499427798e-08	chr17	5.321352153647496e-06
6622732.326530612	2.0917766361942992e-08	chr17	5.745561422505121e-06
8276693.408163265	2.1969267300203937e-08	chr17	6.0343811330833805e-06
9930654.489795918	2.2327257546239237e-08	chr17	6.1327116580382676e-06
11584615.57142857	2.1600729473339417e-08	chr17	5.93315346450118e-06
13238576.653061224	1.9547551295512682e-08	chr17	5.369199305728614e-06
14892537.734693877	1.634779701699027e-08	chr17	4.4903107845516134e-06
16546498.81632653	1.2616734140098835e-08	chr17	3.465485735859504e-06
18200459.897959184	9.109940306570836e-09	chr17	2.5022615073274007e-06
19854420.979591835	6.350841976640986e-09	chr17	1.7444096099955314e-06
21508382.06122449	4.516201886706576e-09	chr17	1.2404821283268173e-06
23162343.14285714	3.601956751839988e-09	chr17	9.893629845945638e-07
24816304.224489797	3.5950809793513446e-09	chr17	9.874743903499819e-07
26470265.30612245	4.4798826349276294e-09	chr17	1.230506183079861e-06
28124226.3877551	6.122050258830728e-09	chr17	1.6815665298648098e-06
29778187.469387755	8.141430841791543e-09	chr17	2.236237376362296e-06
31432148.551020406	9.922983332933664e-09	chr17	2.7255830879530467e-06
33086109.63265306	1.0869480411823753e-08	chr17	2.985560994240339e-06
34740070.71428572	1.073880223503611e-08	chr17	2.9496671287901344e-06
36394031.79591837	9.751258950790561e-09	chr17	2.6784149071696523e-06
38047992.87755102	8.390113455266161e-09	chr17	2.3045439634856256e-06
39701953.95918367	7.125691740678292e-09	chr17	1.9572405038614102e-06
41355915.04081632	6.276731623944638e-09	chr17	1.7240534411726936e-06
43009876.12244898	5.999915508653415e-09	chr17	1.6480193194780076e-06
44663837.20408163	6.289102338519887e-09	chr17	1.7274513517909939e-06
46317798.28571428	6.9663774378454e-09	chr17	1.913481046155863e-06
47971759.367346935	7.769917174495434e-09	chr17	2.134192322515942e-06
49625720.448979594	8.532620843011719e-09	chr17	2.3436870027224786e-06
51279681.530612245	9.224823072934112e-09	chr17	2.5338167880923877e-06
52933642.6122449	9.767330574876561e-09	chr17	2.682829360498356e-06
54587603.69387755	9.927550421523303e-09	chr17	2.7268375473231226e-06
56241564.7755102	9.558528974115856e-09	chr17	2.625477040870641e-06
57895525.85714286	8.885946385115353e-09	chr17	2.4407362559347984e-06
59549486.93877551	8.414324551366228e-09	chr17	2.311194116152126e-06
61203448.02040816	8.552296494990321e-09	chr17	2.3490913879237863e-06
62857409.10204081	9.388197469019166e-09	chr17	2.578691446855149e-06
64511370.18367347	1.0777394632035646e-08	chr17	2.9602674473693665e-06
66165331.26530612	1.2539865124387358e-08	chr17	3.444371834708885e-06
67819292.34693877	1.4521690636790527e-08	chr17	3.9887272889755815e-06
69473253.42857143	1.6506551402240964e-08	chr17	4.533916447592645e-06
71127214.51020408	1.8184322104621198e-08	chr17	4.994756025614865e-06
72781175.59183674	1.9256574336033582e-08	chr17	5.289275571793876e-06
74435136.67346938	1.947420286890918e-08	chr17	5.349052418006354e-06
76089097.75510204	1.8548787835046562e-08	chr17	5.094865196179413e-06
77743058.8367347	1.6241360431362333e-08	chr17	4.461075447960435e-06
79397019.91836734	1.2712599181877359e-08	chr17	3.4918173468106438e-06
81050981.0	8.68407124022861e-09	chr17	2.3852864519474016e-06
112535.0	1.3768095571395947e-08	chr18	3.7817345029867842e-06
1702372.693877551	1.893592063528054e-08	chr18	5.201200415911933e-06
3292210.387755102	2.3171117173392806e-08	chr18	6.364497750104206e-06
4882048.081632653	2.5730172143017908e-08	chr18	7.067402986597261e-06
6471885.775510204	2.639415394523437e-08	chr18	7.249781361135429e-06
8061723.469387755	2.529056360746574e-08	chr18	6.946654059624452e-06
9651561.163265307	2.2654836135643873e-08	chr18	6.222688899085677e-06
11241398.857142856	1.8822120509983638e-08	chr18	5.1699425082334294e-06
12831236.551020408	1.4383871814878147e-08	chr18	3.950872075719374e-06
14421074.24489796	1.0204469093416862e-08	chr18	2.8028998386248214e-06
16010911.93877551	7.149443715009347e-09	chr18	1.963764547827841e-06
17600749.63265306	5.699868579378865e-09	chr18	1.565604302886301e-06
19190587.326530613	5.74167256190564e-09	chr18	1.5770867597202154e-06
20780425.020408165	6.6704059124876875e-09	chr18	1.8321854360591207e-06
22370262.714285713	7.733272544970082e-09	chr18	2.124127004541748e-06
23960100.408163264	8.393105494552016e-09	chr18	2.3053657981498996e-06
25549938.102040816	8.500527564531036e-09	chr18	2.3348718214277966e-06
27139775.795918368	8.2058067710306e-09	chr18	2.2539197545461724e-06
28729613.48979592	7.740535460244129e-09	chr18	2.126121936748726e-06
30319451.183673467	7.266150561701648e-09	chr18	1.995820855585321e-06
31909288.87755102	6.854803316363642e-09	chr18	1.8828345633028085e-06
33499126.57142857	6.528105040956225e-09	chr18	1.7930991214061598e-06
35088964.26530612	6.293908598924604e-09	chr18	1.728771505381489e-06
36678801.95918367	6.183450307599178e-09	chr18	1.6984315117868648e-06
38268639.653061226	6.275133455018449e-09	chr18	1.7236144661134032e-06
39858477.346938774	6.6628055904439975e-09	chr18	1.830097827067929e-06
41448315.04081633	7.362620037889217e-09	chr18	2.022318488804946e-06
43038152.73469388	8.223792452590265e-09	chr18	2.258859949227507e-06
44627990.428571425	8.947682850028213e-09	chr18	2.4576936425423148e-06
46217828.12244898	9.25970268546452e-09	chr18	2.543397302221814e-06
47807665.81632653	9.131398457766696e-09	chr18	2.508155498281116e-06
49397503.510204084	8.861763207497726e-09	chr18	2.43409377174269e-06
50987341.20408163	8.911992988318612e-09	chr18	2.447890574228754e-06
52577178.89795918	9.581635463586564e-09	chr18	2.6318237870870034e-06
54167016.591836736	1.0763859995996814e-08	chr18	2.9565498380727145e-06
55756854.28571428	1.1994742226912156e-08	chr18	3.2946408817924185e-06
57346691.97959184	1.2780573022717726e-08	chr18	3.5104879768824314e-06
58936529.67346939	1.2931956534629257e-08	chr18	3.5520690544694096e-06
60526367.367346935	1.264113998549876e-08	chr18	3.4721893810473838e-06
62116205.06122449	1.2301385081696254e-08	chr18	3.3788676260082717e-06
63706042.75510204	1.2268251516639144e-08	chr18	3.3697667052938808e-06
65295880.448979594	1.2732144549909947e-08	chr18	3.497185946431348e-06
66885718.14285714	1.3718651828482803e-08	chr18	3.768153604484023e-06
68475555.8367347	1.511218020932202e-08	chr18	4.150919276859193e-06
70065393.53061225	1.6618139242441868e-08	chr18	4.564566698617794e-06
71655231.2244898	1.7724534435876705e-08	chr18	4.868464420365453e-06
73245068.91836734	1.780249386856052e-08	chr18	4.88987783043984e-06
74834906.6122449	1.6386256381426193e-08	chr18	4.500874562577126e-06
76424744.30612245	1.3495919293976752e-08	chr18	3.706974822980705e-06
78014582.0	9.74589862220115e-09	chr18	2.6769425655906148e-06
261033.0	1.572827197518865e-08	chr19	4.320143515309745e-06
1460972.7959183673	2.100885615551656e-08	chr19	5.77058139810311e-06
2660912.5918367347	2.4902842510179145e-08	chr19	6.840157250131725e-06
3860852.387755102	2.6759701901379984e-08	chr19	7.35018779070178e-06
5060792.183673469	2.6695272973976576e-08	chr19	7.332490855313119e-06
6260731.979591837	2.5264204193865532e-08	chr19	6.939413820524318e-06
7460671.775510204	2.3040382454975267e-08	chr19	6.328588354152232e-06
8660611.57142857	2.051145513036265e-08	chr19	5.633958391029168e-06
9860551.367346939	1.819403864371917e-08	chr19	4.997424903889705e-06
11060491.163265307	1.6615141088792325e-08	chr19	4.56374318449829e-06
12260430.959183674	1.6068283078340912e-08	chr19	4.413535641586156e-06
13460370.75510204	1.6397107384298467e-08	chr19	4.5038550482762045e-06
14660310.551020408	1.7038048361348976e-08	chr19	4.679904712859134e-06
15860250.346938776	1.7282844354509493e-08	chr19	4.747143747388452e-06
17060190.14285714	1.658070290976471e-08	chr19	4.55428392056644e-06
18260129.93877551	1.475853317419785e-08	chr19	4.053781717951876e-06
19460069.734693877	1.2084750144361685e-08	chr19	3.3193636944135077e-06
20660009.530612245	9.118222741394797e-09	chr19	2.5045364747969456e-06
21859949.326530613	6.420956767566683e-09	chr19	1.7636683028654652e-06
23059889.12244898	4.35978677469635e-09	chr19	1.19751900224956e-06
24259828.91836735	3.126239531885896e-09	chr19	8.58695949706823e-07
25459768.714285713	2.8546119901107126e-09	chr19	7.840869929803158e-07
26659708.51020408	3.636978716348655e-09	chr19	9.9898259907632e-07
27859648.30612245	5.3971044167559574e-09	chr19	1.4824429336089332e-06
29059588.102040816	7.7798655994343e-09	chr19	2.1369248937453172e-06
30259527.897959184	1.0222518618550194e-08	chr19	2.807857569460236e-06
31459467.69387755	1.2180639182096391e-08	chr19	3.3457018964240252e-06
32659407.48979592	1.3309555732319057e-08	chr19	3.6557856437971566e-06
33859347.28571428	1.3490764913385712e-08	chr19	3.705559049911614e-06
35059287.08163265	1.2810702450211775e-08	chr19	3.518763739853325e-06
36259226.87755102	1.158469588684107e-08	chr19	3.182011914043827e-06
37459166.67346939	1.0309353992773155e-08	chr19	2.831708967721953e-06
38659106.469387755	9.442062924253385e-09	chr19	2.593486873682483e-06
39859046.26530612	9.179502600975741e-09	chr19	2.5213684439036174e-06
41058986.06122449	9.470332754376235e-09	chr19	2.6012518540615607e-06
42258925.85714286	1.0207767723697125e-08	chr19	2.803805885788627e-06
43458865.653061226	1.1354731317692047e-08	chr19	3.11884668243241e-06
44658805.448979594	1.2923874566339377e-08	chr19	3.5498491498954334e-06
45858745.24489796	1.4940283321349677e-08	chr19	4.103703713252007e-06
47058685.04081633	1.7448682145029822e-08	chr19	4.792695035949579e-06
48258624.8367347	2.0476037492597823e-08	chr19	5.6242300954885846e-06
49458564.63265306	2.3902562696531245e-08	chr19	6.565406638160929e-06
50658504.428571425	2.7345773144896734e-08	chr19	7.511166179566272e-06
51858444.22448979	3.018086109370912e-08	chr19	8.289890430820054e-06
53058384.02040816	3.16941391429787e-08	chr19	8.705548194223789e-06
54258323.81632653	3.128703509025822e-08	chr19	8.593727395588623e-06
55458263.6122449	2.86844859063188e-08	chr19	7.878875439950585e-06
56658203.408163264	2.4111782211306253e-08	chr19	6.622873747800013e-06
57858143.20408163	1.833196057299371e-08	chr19	5.035308438032194e-06
59058083.0	1.2434402270402995e-08	chr19	3.415403956644128e-06
752721.0	3.643603893241465e-09	chr1	1.0008023612877316e-06
5822475.897959184	5.119373469532447e-09	chr1	1.4061575315926643e-06
10892230.795918368	6.057803737512554e-09	chr1	1.6639196966404248e-06
15961985.693877552	6.280737057657766e-09	chr1	1.7251536286891017e-06
21031740.591836736	5.950785277116713e-09	chr1	1.634524534322094e-06
26101495.48979592	5.395720527049543e-09	chr1	1.4820628154274508e-06
31171250.387755103	4.870508880105667e-09	chr1	1.3378009604513244e-06
36241005.28571428	4.434130035724896e-09	chr1	1.2179391448784578e-06
41310760.18367347	4.076262137081108e-09	chr1	1.119642225540951e-06
46380515.08163266	3.886710282903425e-09	chr1	1.0675773060804753e-06
51450269.97959184	3.955361926442552e-09	chr1	1.0864341107643451e-06
56520024.87755102	4.150941284317179e-09	chr1	1.1401546272955566e-06
61589779.77551021	4.18802911055999e-09	chr1	1.1503416797761197e-06
66659534.673469394	3.95057377228601e-09	chr1	1.0851189304850162e-06
71729289.57142857	3.618376588534951e-09	chr1	9.938730827879375e-07
76799044.46938775	3.4289441632205573e-09	chr1	9.418409673017377e-07
81868799.36734694	3.4160616931024238e-09	chr1	9.383024908670841e-07
86938554.26530613	3.4432816215829014e-09	chr1	9.457790908201899e-07
92008309.16326532	3.4212287347340313e-09	chr1	9.397217415917244e-07
97078064.06122449	3.397758619605688e-09	chr1	9.332751169507445e-07
102147818.95918368	3.4287448674490874e-09	chr1	9.417862259839309e-07
107217573.85714287	3.417220602012864e-09	chr1	9.386208127286446e-07
112287328.75510204	3.1435775655138324e-09	chr1	8.63458252499152e-07
117357083.65306123	2.4949545450027527e-09	chr1	6.852985321966329e-07
122426838.55102041	1.6334484070822367e-09	chr1	4.4866540676441454e-07
127496593.4489796	8.823002729672399e-10	chr1	2.423447285771977e-07
132566348.34693879	4.838617242606249e-10	chr1	1.3290411646420286e-07
137636103.24489796	5.239729350367061e-10	chr1	1.4392161332583323e-07
142705858.14285713	1.0153793168543506e-09	chr1	2.7889804920768147e-07
147775613.04081634	1.9190458874321005e-09	chr1	5.271115389694413e-07
152845367.9387755	3.0507788838617647e-09	chr1	8.379688901966118e-07
157915122.8367347	4.049586050848255e-09	chr1	1.1123150047798591e-06
162984877.73469388	4.550828667258748e-09	chr1	1.2499931961475224e-06
168054632.63265306	4.450922446923383e-09	chr1	1.2225515795095477e-06
173124387.53061226	3.976003245608352e-09	chr1	1.0921037393975632e-06
178194142.42857143	3.461624330320299e-09	chr1	9.50817351496893e-07
183263897.32653064	3.1226409707652284e-09	chr1	8.577075194129914e-07
188333652.2244898	3.0557908403542185e-09	chr1	8.393455431038126e-07
193403407.12244898	3.3062810383291282e-09	chr1	9.081486262484237e-07
198473162.02040818	3.791312856972617e-09	chr1	1.0413741369298936e-06
203542916.91836736	4.256184107293832e-09	chr1	1.1690620686173187e-06
208612671.81632653	4.4608712661506805e-09	chr1	1.2252842590396065e-06
213682426.71428573	4.405546536013332e-09	chr1	1.2100880076957737e-06
218752181.6122449	4.3412248717552376e-09	chr1	1.1924205346779564e-06
223821936.51020408	4.578897142333948e-09	chr1	1.2577028695796735e-06
228891691.40816328	5.206149943107223e-09	chr1	1.4299927513922012e-06
233961446.30612245	5.8862822669680225e-09	chr1	1.6168072503476426e-06
239031201.20408165	6.009070333928513e-09	chr1	1.6505339097081615e-06
244100956.10204083	5.188951540743317e-09	chr1	1.4252688016434096e-06
249170711.0	3.6467880983273814e-09	chr1	1.0016769788537959e-06
69094.0	1.389818624684257e-08	chr20	3.817466997237873e-06
1351490.3265306123	1.834789227765757e-08	chr20	5.03968445916789e-06
2633886.6530612246	2.1922756797276097e-08	chr20	6.021605918620248e-06
3916282.979591837	2.4215633384929556e-08	chr20	6.651398939568935e-06
5198679.306122449	2.5122970361625857e-08	chr20	6.900620593559838e-06
6481075.632653061	2.4785621438937608e-08	chr20	6.8079596983866485e-06
7763471.959183674	2.35640990250398e-08	chr20	6.4724395507486346e-06
9045868.285714285	2.1911992801729862e-08	chr20	6.018649331550083e-06
10328264.612244898	2.018822955766266e-08	chr20	5.5451768094234495e-06
11610660.938775511	1.8611249778224815e-08	chr20	5.112021852625897e-06
12893057.265306123	1.734185183409147e-08	chr20	4.763351553349144e-06
14175453.591836736	1.648614886970674e-08	chr20	4.528312407380048e-06
15457849.918367349	1.5985290817734587e-08	chr20	4.390739845770513e-06
16740246.24489796	1.5576184713294153e-08	chr20	4.278369136072712e-06
18022642.57142857	1.491774465559228e-08	chr20	4.097512933306877e-06
19305038.897959184	1.3771989945464837e-08	chr20	3.7828041853337355e-06
20587435.224489797	1.2101232041618714e-08	chr20	3.3238908390144707e-06
21869831.55102041	1.0046168572483389e-08	chr20	2.7594188401998375e-06
23152227.877551023	7.838721184966913e-09	chr20	2.153090978397183e-06
24434624.204081632	5.735017852824316e-09	chr20	1.5752588857917058e-06
25717020.530612245	3.996757499301969e-09	chr20	1.09780438818155e-06
26999416.85714286	2.8555819895065675e-09	chr20	7.843534263562434e-07
28281813.18367347	2.416673014273986e-09	chr20	6.637966502429197e-07
29564209.510204084	2.5832569055756484e-09	chr20	7.095528731068944e-07
30846605.836734697	3.1177520127115795e-09	chr20	8.563646509487754e-07
32129002.163265307	3.8198311979268385e-09	chr20	1.0492073767120594e-06
33411398.48979592	4.6549372115847315e-09	chr20	1.2785890808936497e-06
34693794.81632653	5.7072229646255005e-09	chr20	1.5676243594940747e-06
35976191.14285714	7.02918368503497e-09	chr20	1.930732273877827e-06
37258587.469387755	8.558337749197907e-09	chr20	2.350750761898906e-06
38540983.79591837	1.0149177230410254e-08	chr20	2.787712615019189e-06
39823380.12244898	1.1636724012233695e-08	chr20	3.196302674585306e-06
41105776.448979594	1.2884513949847733e-08	chr20	3.53903782158402e-06
42388172.77551021	1.3836155358522837e-08	chr20	3.8004287402477768e-06
43670569.10204082	1.4545421069775243e-08	chr20	3.9952454160995356e-06
44952965.42857143	1.513635410334648e-08	chr20	4.157559211091912e-06
46235361.755102046	1.5735157953646247e-08	chr20	4.322034912866138e-06
47517758.08163266	1.6449129862051614e-08	chr20	4.518144257559344e-06
48800154.408163264	1.737011651976327e-08	chr20	4.771115120682537e-06
50082550.73469388	1.8547072622464406e-08	chr20	5.094394072299697e-06
51364947.06122449	1.995959105712462e-08	chr20	5.482375814056144e-06
52647343.3877551	2.1536107844878985e-08	chr20	5.91540359918969e-06
53929739.71428572	2.3168867841353583e-08	chr20	6.363879917627862e-06
55212136.04081633	2.4667644325317527e-08	chr20	6.775554481642891e-06
56494532.36734694	2.5689435308350323e-08	chr20	7.056213647272443e-06
57776928.693877555	2.573693025626069e-08	chr20	7.0692592629350296e-06
59059325.02040817	2.42993523444277e-08	chr20	6.6743943404975906e-06
60341721.34693878	2.114141527940535e-08	chr20	5.8069919103556125e-06
61624117.673469394	1.6587550910867896e-08	chr20	4.556164886740311e-06
62906514.0	1.1518640664889268e-08	chr20	3.1638682782256274e-06
14665973.0	1.2082013824607194e-08	chr21	3.318612099193014e-06
15348194.020408163	1.889201332173929e-08	chr21	5.189140229251305e-06
16030415.040816326	2.5916214520566254e-08	chr21	7.118503944935607e-06
16712636.06122449	3.1802897277047034e-08	chr21	8.735421199241358e-06
17394857.08163265	3.5650245167525786e-08	chr21	9.792186689208228e-06
18077078.102040816	3.726204695745822e-08	chr21	1.023490633836776e-05
18759299.12244898	3.6982746261916166e-08	chr21	1.0158189767687209e-05
19441520.14285714	3.5414561624182925e-08	chr21	9.727450605483069e-06
20123741.163265307	3.323959522283892e-08	chr21	9.13004441810245e-06
20805962.18367347	3.105970076439854e-08	chr21	8.531284622776753e-06
21488183.204081632	2.9167119887295567e-08	chr21	8.011442327557442e-06
22170404.224489797	2.7476981131132693e-08	chr21	7.547205569766818e-06
22852625.24489796	2.5817320324116782e-08	chr21	7.091340304698019e-06
23534846.265306123	2.4268452375809488e-08	chr21	6.6659069301031215e-06
24217067.285714287	2.3111217094436716e-08	chr21	6.3480447705221564e-06
24899288.306122452	2.251735316737357e-08	chr21	6.184925936010302e-06
25581509.326530613	2.248812823287277e-08	chr21	6.176898613525789e-06
26263730.346938774	2.3040114756491144e-08	chr21	6.328514824404523e-06
26945951.36734694	2.411105633726629e-08	chr21	6.622674369252158e-06
27628172.387755103	2.517228860031966e-08	chr21	6.914167019347466e-06
28310393.408163264	2.5298081374310466e-08	chr21	6.948718992869191e-06
28992614.42857143	2.3979555690434026e-08	chr21	6.58655459286683e-06
29674835.448979594	2.182281526674904e-08	chr21	5.994154603199349e-06
30357056.469387755	2.0225639173777282e-08	chr21	5.555452249136265e-06
31039277.48979592	2.0276835946949328e-08	chr21	5.569514659042001e-06
31721498.510204084	2.1926057847378635e-08	chr21	6.022512630445724e-06
32403719.530612245	2.413261965567309e-08	chr21	6.628597246878553e-06
33085940.55102041	2.5788775422328875e-08	chr21	7.083499769351942e-06
33768161.571428575	2.6572027309148417e-08	chr21	7.298638505828235e-06
34450382.591836736	2.699157764015225e-08	chr21	7.41387797044911e-06
35132603.612244904	2.768580468509332e-08	chr21	7.6045639193623786e-06
35814824.63265306	2.875744890723393e-08	chr21	7.898916461351936e-06
36497045.653061226	2.9802272290159565e-08	chr21	8.185902022735328e-06
37179266.673469394	3.0463405880614825e-08	chr21	8.36749806825542e-06
37861487.69387755	3.0846711468121337e-08	chr21	8.472782053098795e-06
38543708.71428572	3.1461492839255985e-08	chr21	8.641646360508428e-06
39225929.73469388	3.2877379120691953e-08	chr21	9.03055316138337e-06
39908150.75510204	3.538108772730596e-08	chr21	9.71825620454994e-06
40590371.77551021	3.87575904566947e-08	chr21	1.0645692886329437e-05
41272592.79591837	4.225087170545808e-08	chr21	1.1605205562471169e-05
41954813.81632653	4.475944161758723e-08	chr21	1.229424387867538e-05
42637034.8367347	4.52731515462126e-08	chr21	1.2435346513497697e-05
43319255.85714286	4.342589868795181e-08	chr21	1.1927954635398066e-05
44001476.87755102	3.9822747844545206e-08	chr21	1.0938263665189677e-05
44683697.89795919	3.571342365559936e-08	chr21	9.809540161731381e-06
45365918.91836735	3.204367842078563e-08	chr21	8.801557460006183e-06
46048139.93877551	2.8698807196478834e-08	chr21	7.882809122488204e-06
46730360.95918368	2.4780109003643703e-08	chr21	6.806445577088003e-06
47412581.97959184	1.968117607347569e-08	chr21	5.405902525186686e-06
48094803.0	1.3827151514059288e-08	chr21	3.79795562048399e-06
17087705.0	2.0577904784315633e-08	chr22	5.65221036696603e-06
17784482.55102041	2.6731796878478673e-08	chr22	7.342523013291914e-06
18481260.102040816	3.0612306889810515e-08	chr22	8.408397267500868e-06
19178037.653061226	3.18377093839641e-08	chr22	8.744983171350517e-06
19874815.204081632	3.1247768010203784e-08	chr22	8.5829417592816e-06
20571592.755102042	3.014537553342714e-08	chr22	8.280143478746669e-06
21268370.30612245	2.9461584041130883e-08	chr22	8.092323902258692e-06
21965147.85714286	2.9428245205189922e-08	chr22	8.083166599019945e-06
22661925.408163264	2.9794985057952897e-08	chr22	8.183900411305169e-06
23358702.959183674	3.03264903345806e-08	chr22	8.32989096117602e-06
24055480.51020408	3.1185816123112936e-08	chr22	8.565925201855653e-06
24752258.06122449	3.280679087724874e-08	chr22	9.011164423532871e-06
25449035.612244897	3.525270597711861e-08	chr22	9.682993107215987e-06
26145813.163265307	3.765181953875648e-08	chr22	1.0341966636676281e-05
26842590.714285716	3.839666487028102e-08	chr22	1.054655610041207e-05
27539368.265306123	3.6158215056746077e-08	chr22	9.931712685856141e-06
28236145.81632653	3.095036374419197e-08	chr22	8.501252612930164e-06
28932923.36734694	2.4291294482704582e-08	chr22	6.672181057364814e-06
29629700.91836735	1.8282059016500794e-08	chr22	5.0216017901546134e-06
30326478.469387755	1.4434608428777709e-08	chr22	3.9648080919500656e-06
31023256.02040816	1.3158058166079816e-08	chr22	3.6141732384797685e-06
31720033.57142857	1.3972558738550768e-08	chr22	3.837895168767298e-06
32416811.12244898	1.5970100968552978e-08	chr22	4.386567592865426e-06
33113588.673469387	1.8265092480286714e-08	chr22	5.016941527951737e-06
33810366.22448979	2.041189466290537e-08	chr22	5.606611743632347e-06
34507143.77551021	2.256379870423516e-08	chr22	6.197683306000103e-06
35203921.32653061	2.508968435933705e-08	chr22	6.89147780233869e-06
35900698.87755102	2.7874380333849914e-08	chr22	7.656360700814675e-06
36597476.42857143	3.002010289769196e-08	chr22	8.24573437355248e-06
37294253.97959183	3.037185503069804e-08	chr22	8.342351452580601e-06
37991031.530612245	2.8408782878889426e-08	chr22	7.803147054278009e-06
38687809.08163265	2.4622302545681733e-08	chr22	6.763100284794363e-06
39384586.63265306	2.0115636793706465e-08	chr22	5.525237482397665e-06
40081364.18367347	1.6015809248613492e-08	chr22	4.39912245776164e-06
40778141.73469388	1.3267102553931097e-08	chr22	3.6441248698986413e-06
41474919.28571428	1.2676410622820837e-08	chr22	3.4818772994244427e-06
42171696.8367347	1.4785267680934353e-08	chr22	4.061124985292045e-06
42868474.3877551	1.9507218205015147e-08	chr22	5.358120864330843e-06
43565251.93877551	2.5865657795077933e-08	chr22	7.104617339330222e-06
44262029.48979592	3.220891874285988e-08	chr22	8.846944639666026e-06
44958807.04081632	3.698852057753248e-08	chr22	1.0159775820637243e-05
45655584.591836736	3.966322075664848e-08	chr22	1.0894445761011746e-05
46352362.14285714	4.094761779711963e-08	chr22	1.1247235918393793e-05
47049139.69387755	4.202582844163969e-08	chr22	1.1543392084271984e-05
47745917.24489796	4.33058982475862e-08	chr22	1.1894993663900524e-05
48442694.79591837	4.3820050794887184e-08	chr22	1.2036217874456286e-05
49139472.346938774	4.187722221406878e-08	chr22	1.1502573853802174e-05
49836249.89795919	3.6470753033752185e-08	chr22	1.0017558665425984e-05
50533027.448979594	2.823438149158301e-08	chr22	7.755243570435576e-06
51229805.0	1.913438270744778e-08	chr22	5.255712738401064e-06
118913.0	4.105992079747647e-09	chr2	1.1278082605144045e-06
5076567.0	5.682259392924714e-09	chr2	1.5607675215291508e-06
10034221.0	6.42042796686676e-09	chr2	1.7635230551918322e-06
14991875.0	6.199375158357972e-09	chr2	1.7028056503347235e-06
19949529.0	5.488573040621054e-09	chr2	1.5075669639454168e-06
24907183.0	4.8584396501998865e-09	chr2	1.3344858597591128e-06
29864837.0	4.55596358046299e-09	chr2	1.251403622036392e-06
34822491.0	4.486620971528141e-09	chr2	1.2323570272930458e-06
39780145.0	4.431842590419263e-09	chr2	1.2173108436881334e-06
44737799.0	4.237480484410289e-09	chr2	1.1639246742970395e-06
49695453.0	3.914738416059051e-09	chr2	1.075275898646113e-06
54653107.0	3.6430739808139282e-09	chr2	1.000656808251701e-06
59610761.0	3.604930483108302e-09	chr2	9.90179790526922e-07
64568415.0	3.7708683616979036e-09	chr2	1.0357585706538168e-06
69526069.0	3.898462582474445e-09	chr2	1.0708053543277214e-06
74483723.0	3.746807222188578e-09	chr2	1.0291496071271082e-06
79441377.0	3.2593461289998074e-09	chr2	8.952568384855607e-07
84399031.0	2.5937341876129827e-09	chr2	7.124307075011027e-07
89356685.0	2.043834923059645e-09	chr2	5.613878119063878e-07
94314339.0	1.8728239193938568e-09	chr2	5.144155774677406e-07
99271993.0	2.118206881987179e-09	chr2	5.818158370949474e-07
104229647.0	2.5686028788412598e-09	chr2	7.055277965651349e-07
109187301.0	2.9801856888673067e-09	chr2	8.185787922849404e-07
114144955.0	3.2731236311475764e-09	chr2	8.99041156728197e-07
119102609.0	3.4912043007112163e-09	chr2	9.589421930223298e-07
124060263.0	3.661661280754672e-09	chr2	1.005762251712546e-06
129017917.0	3.75003321357526e-09	chr2	1.0300357022932907e-06
133975571.0	3.7047012230363057e-09	chr2	1.0175841942527454e-06
138933225.0	3.524076836731376e-09	chr2	9.679714159111064e-07
143890879.0	3.287256471293523e-09	chr2	9.029230769929111e-07
148848533.0	3.1029895477830593e-09	chr2	8.523097892811021e-07
153806187.0	3.0424174166500794e-09	chr2	8.35672214604403e-07
158763841.0	3.134677849779934e-09	chr2	8.610137341644898e-07
163721495.0	3.3606544317698307e-09	chr2	9.230835703699897e-07
168679149.0	3.5974635680191465e-09	chr2	9.881288249248095e-07
173636803.0	3.6514019223900365e-09	chr2	1.0029442752317136e-06
178594457.0	3.4416046866762855e-09	chr2	9.453184808133283e-07
183552111.0	3.1062950729461908e-09	chr2	8.53217730288272e-07
188509765.0	2.865397228493201e-09	chr2	7.870494149000714e-07
193467419.0	2.832978250593258e-09	chr2	7.781447725230611e-07
198425073.0	3.0047885707342803e-09	chr2	8.25336558218999e-07
203382727.0	3.3520924158208997e-09	chr2	9.207318093031603e-07
208340381.0	3.858173649767935e-09	chr2	1.0597390419162023e-06
213298035.0	4.482061663995987e-09	chr2	1.2311047051752435e-06
218255689.0	5.1343646652744974e-09	chr2	1.4102752196116612e-06
223213343.0	5.710657030160115e-09	chr2	1.5685676071676854e-06
228170997.0	6.085429184318654e-09	chr2	1.6715076818345502e-06
233128651.0	6.02294714241725e-09	chr2	1.6543455047963176e-06
238086305.0	5.258623640066976e-09	chr2	1.4444058987489238e-06
243043959.0	3.8399053205573395e-09	chr2	1.0547212113433844e-06
108226.0	5.602614659251013e-09	chr3	1.5388912035043994e-06
4142756.9795918367	7.368263783811796e-09	chr3	2.023868677686976e-06
8177287.959183673	8.038279692695206e-09	chr3	2.207904462958442e-06
12211818.93877551	7.636862218620039e-09	chr3	2.0976456182300746e-06
16246349.918367347	6.790139239075175e-09	chr3	1.865073038412347e-06
20280880.897959184	6.1055593785062465e-09	chr3	1.6770369178509824e-06
24315411.87755102	5.740346913461064e-09	chr3	1.5767226388847893e-06
28349942.85714286	5.475281899615292e-09	chr3	1.5039162363437011e-06
32384473.836734693	5.063707700945381e-09	chr3	1.3908676059374169e-06
36419004.81632653	4.474485654958719e-09	chr3	1.229023774328809e-06
40453535.79591837	3.877307961655612e-09	chr3	1.064994735202271e-06
44488066.77551021	3.5157293109408595e-09	chr3	9.656785696613932e-07
48522597.75510204	3.604728872413482e-09	chr3	9.901244133604275e-07
52557128.73469388	4.2032934573151334e-09	chr3	1.1545343952094298e-06
56591659.71428572	5.093664537620303e-09	chr3	1.3990959627400277e-06
60626190.69387755	5.860020996387339e-09	chr3	1.6095939685591598e-06
64660721.67346939	6.153761282822528e-09	chr3	1.6902767158838535e-06
68695252.65306123	5.8634337857236446e-09	chr3	1.6105313722194992e-06
72729783.63265306	5.0703782649894944e-09	chr3	1.3926998348080833e-06
76764314.6122449	3.9689147374442966e-09	chr3	1.0901567122462986e-06
80798845.59183674	2.840169035517862e-09	chr3	7.801198924161441e-07
84833376.57142857	1.973354986145559e-09	chr3	5.420288230168803e-07
88867907.55102041	1.548157909210844e-09	chr3	4.252383454904301e-07
92902438.53061225	1.5933345557792544e-09	chr3	4.3764718461934637e-07
96936969.51020408	2.009388546605342e-09	chr3	5.519262963565722e-07
100971500.48979592	2.611169924567074e-09	chr3	7.172198468328544e-07
105006031.46938775	3.2090973351462003e-09	chr3	8.814548136184142e-07
109040562.44897959	3.6893894465648294e-09	chr3	1.0133784511211748e-06
113075093.42857143	4.019875009330253e-09	chr3	1.1041541614558386e-06
117109624.40816326	4.21006417299326e-09	chr3	1.1563941331054305e-06
121144155.3877551	4.288812444029772e-09	chr3	1.1780242163718512e-06
125178686.36734694	4.294627907910614e-09	chr3	1.1796215716701935e-06
129213217.34693877	4.273078146914006e-09	chr3	1.1737024179085577e-06
133247748.3265306	4.2877251499321705e-09	chr3	1.1777255652198112e-06
137282279.30612245	4.396425154016592e-09	chr3	1.2075826034564497e-06
141316810.2857143	4.569496474201436e-09	chr3	1.2551207527688558e-06
145351341.26530612	4.649402527831826e-09	chr3	1.277068848527238e-06
149385872.24489796	4.461719970403307e-09	chr3	1.2255173758231403e-06
153420403.2244898	4.011466506801401e-09	chr3	1.1018445664964694e-06
157454934.20408162	3.558110093949695e-09	chr3	9.773194584493158e-07
161489465.18367347	3.4559304207880693e-09	chr3	9.492533839878604e-07
165523996.16326532	3.877049958784661e-09	chr3	1.0649238685850337e-06
169558527.14285713	4.677001308824126e-09	chr3	1.2846495093221701e-06
173593058.12244898	5.565227845698272e-09	chr3	1.5286220270568686e-06
177627589.10204083	6.391080426066038e-09	chr3	1.7554620559745926e-06
181662120.08163264	7.143979946617191e-09	chr3	1.9622637940498187e-06
185696651.0612245	7.65805850604804e-09	chr3	2.103467682079503e-06
189731182.04081634	7.519696085188772e-09	chr3	2.0654631564596083e-06
193765713.02040815	6.431599501081337e-09	chr3	1.7665915824381374e-06
197800244.0	4.610008512848734e-09	chr3	1.2662483465267839e-06
167596.0	4.789276150552965e-09	chr4	1.3154884616363484e-06
4060843.5918367347	6.657542272448394e-09	chr4	1.82865213175292e-06
7954091.183673469	7.643665937792946e-09	chr4	2.0995144213198986e-06
11847338.775510203	7.618335314199565e-09	chr4	2.0925567638335372e-06
15740586.367346939	7.092248713495288e-09	chr4	1.9480545820230226e-06
19633833.959183674	6.612447418247934e-09	chr4	1.8162657588407983e-06
23527081.551020406	6.310269331119176e-09	chr4	1.7332653691198323e-06
27420329.14285714	6.035443372994769e-09	chr4	1.657777891366212e-06
31313576.734693877	5.689348659579413e-09	chr4	1.5627147570178882e-06
35206824.32653061	5.269642122410899e-09	chr4	1.4474323866632823e-06
39100071.91836735	4.732884168235983e-09	chr4	1.2999990641293314e-06
42993319.510204084	4.06388480458578e-09	chr4	1.1162424971536955e-06
46886567.10204081	3.4528567589997087e-09	chr4	9.484091297643711e-07
50779814.69387755	3.170451393838655e-09	chr4	8.708397878230691e-07
54673062.28571428	3.2399329275437976e-09	chr4	8.899245415546657e-07
58566309.87755102	3.407440626723129e-09	chr4	9.359345101968416e-07
62459557.469387755	3.463086194751087e-09	chr4	9.512188872886756e-07
66352805.06122449	3.4535055359726255e-09	chr4	9.485873317713589e-07
70246052.65306123	3.553978012018838e-09	chr4	9.761844839914428e-07
74139300.24489796	3.839253620349814e-09	chr4	1.0545422064005712e-06
78032547.8367347	4.210016846011671e-09	chr4	1.156381133625708e-06
81925795.42857143	4.480735383097928e-09	chr4	1.2307404106214445e-06
85819043.02040817	4.519200994264976e-09	chr4	1.241305904460049e-06
89712290.6122449	4.337528688350747e-09	chr4	1.1914052901049038e-06
93605538.20408162	4.072288899317193e-09	chr4	1.1185508814067933e-06
97498785.79591836	3.881341687480251e-09	chr4	1.0661026938191706e-06
101392033.3877551	3.8496366238495664e-09	chr4	1.0573941449548926e-06
105285280.97959183	3.9483095703482115e-09	chr4	1.0844970136378025e-06
109178528.57142857	4.0504183086888665e-09	chr4	1.1125436041656565e-06
113071776.1632653	4.0246480611680326e-09	chr4	1.1054651935245714e-06
116965023.75510204	3.857458455077239e-09	chr4	1.0595425967053062e-06
120858271.34693877	3.6654301259859015e-09	chr4	1.0067974545823584e-06
124751518.93877551	3.5844572233253557e-09	chr4	9.845563233953725e-07
128644766.53061225	3.6820468390247413e-09	chr4	1.011361629540278e-06
132538014.12244898	3.94281163496701e-09	chr4	1.0829868750846188e-06
136431261.7142857	4.264184347297023e-09	chr4	1.1712595245759407e-06
140324509.30612245	4.500854675444077e-09	chr4	1.2362666521881566e-06
144217756.89795917	4.5955202737547135e-09	chr4	1.2622688074986549e-06
148111004.48979592	4.632926137874419e-09	chr4	1.2725432166369393e-06
152004252.08163264	4.710337094853925e-09	chr4	1.2938059748303691e-06
155897499.6734694	4.822884978374481e-09	chr4	1.3247199245586155e-06
159790747.26530612	4.9351928500623854e-09	chr4	1.3555679493356615e-06
163683994.85714287	5.099167535495848e-09	chr4	1.40060749182754e-06
167577242.4489796	5.454345198223348e-09	chr4	1.498165473965414e-06
171470490.04081634	6.135753145784542e-09	chr4	1.6853303532719792e-06
175363737.63265306	7.125282805825799e-09	chr4	1.957128180190128e-06
179256985.2244898	8.087326366832444e-09	chr4	2.221376297089728e-06
183150232.81632653	8.399209223673302e-09	chr4	2.3070423323441282e-06
187043480.40816325	7.555343254616874e-09	chr4	2.0752544983239212e-06
190936728.0	5.664317338047057e-09	chr4	1.5558393099523598e-06
157856.0	5.982942353144011e-09	chr5	1.643357239128433e-06
3842243.285714286	7.896910777595923e-09	chr5	2.169074132277743e-06
7526630.571428572	8.70280932463262e-09	chr5	2.390433311942893e-06
11211017.857142858	8.309743934543546e-09	chr5	2.282468565480932e-06
14895405.142857144	7.237208610277576e-09	chr5	1.9878712611249533e-06
18579792.42857143	6.1596439775905275e-09	chr5	1.6918925377423903e-06
22264179.714285716	5.522758123360378e-09	chr5	1.5169567089695102e-06
25948567.0	5.39712042462411e-09	chr5	1.4824473305501804e-06
29632954.285714287	5.495147327613927e-09	chr5	1.5093727480369462e-06
33317341.571428575	5.3669456317022795e-09	chr5	1.474159106886913e-06
37001728.85714286	4.747161131639442e-09	chr5	1.3039205712702983e-06
40686116.14285714	3.79351633179896e-09	chr5	1.0419793736334036e-06
44370503.42857143	2.9674570940238983e-09	chr5	8.150825813497212e-07
48054890.71428572	2.648119299714677e-09	chr5	7.273688704312812e-07
51739278.0	2.8462532207780896e-09	chr5	7.817910584246782e-07
55423665.28571429	3.2868609340262116e-09	chr5	9.028144332866518e-07
59108052.571428575	3.7365974052621216e-09	chr5	1.0263452383791038e-06
62792439.85714286	4.18859271918942e-09	chr5	1.150496488274437e-06
66476827.14285715	4.729870572684018e-09	chr5	1.2991713085245121e-06
70161214.42857143	5.310431008686369e-09	chr5	1.4586360231986663e-06
73845601.71428572	5.696392968239964e-09	chr5	1.5646496437255777e-06
77529989.0	5.6523122592886e-09	chr5	1.5525418298966394e-06
81214376.28571428	5.16346838538967e-09	chr5	1.4182692476857748e-06
84898763.57142858	4.46315352983349e-09	chr5	1.2259111369741355e-06
88583150.85714287	3.839429120848523e-09	chr5	1.0545904117814693e-06
92267538.14285715	3.4425381623786307e-09	chr5	9.455748820892312e-07
95951925.42857143	3.2775240160066977e-09	chr5	9.002498269587213e-07
99636312.71428572	3.3092728937236635e-09	chr5	9.089704104025784e-07
103320700.0	3.501685307373827e-09	chr5	9.61821050473347e-07
107005087.2857143	3.783263598557357e-09	chr5	1.0391632168999885e-06
110689474.57142858	4.058875825668913e-09	chr5	1.1148666621083604e-06
114373861.85714287	4.2697322207727354e-09	chr5	1.1727833798130366e-06
118058249.14285715	4.4022413726071525e-09	chr5	1.209180166053744e-06
121742636.42857143	4.4479920674964105e-09	chr5	1.2217466811902151e-06
125427023.71428572	4.4084546310503334e-09	chr5	1.210886785078046e-06
129111411.0	4.345911856328109e-09	chr5	1.1937079263278967e-06
132795798.2857143	4.379895279231013e-09	chr5	1.203042280687588e-06
136480185.57142857	4.604171012161192e-09	chr5	1.2646449382960078e-06
140164572.85714287	5.000246521941082e-09	chr5	1.3734364856349562e-06
143848960.14285716	5.413046460060674e-09	chr5	1.48682179449793e-06
147533347.42857143	5.643490077514443e-09	chr5	1.5501186081058011e-06
151217734.71428573	5.646139635139689e-09	chr5	1.5508463720465065e-06
154902122.0	5.644060554374203e-09	chr5	1.55027530312673e-06
158586509.2857143	5.982184663774167e-09	chr5	1.643149121744469e-06
162270896.57142857	6.8199635935391636e-09	chr5	1.8732650058286756e-06
165955283.85714287	7.925668259994938e-09	chr5	2.176973057938408e-06
169639671.14285716	8.725387932256057e-09	chr5	2.3966350628703306e-06
173324058.42857143	8.609365906545884e-09	chr5	2.364766857463176e-06
177008445.71428573	7.346072310168884e-09	chr5	2.017773262303466e-06
180692833.0	5.289339059965596e-09	chr5	1.4528426184536926e-06
183917.0	6.472938930124211e-09	chr6	1.7779464386224602e-06
3669585.714285714	8.459871386433672e-09	chr6	2.3237046363459466e-06
7155254.428571428	9.522693140490984e-09	chr6	2.6156338779030603e-06
10640923.142857142	9.611626897006416e-09	chr6	2.6400616467074376e-06
14126591.857142856	9.036440499123169e-09	chr6	2.482073039260314e-06
17612260.57142857	8.09566709080183e-09	chr6	2.2236672750576935e-06
21097929.285714284	6.965069914394464e-09	chr6	1.9131219037804903e-06
24583598.0	5.8580481214777445e-09	chr6	1.6090520716005714e-06
28069266.714285713	5.114054544538859e-09	chr6	1.4046965624947419e-06
31554935.428571425	5.00822420497083e-09	chr6	1.3756277457849924e-06
35040604.14285714	5.474241051470933e-09	chr6	1.5036303426760198e-06
38526272.85714286	6.079198552199549e-09	chr6	1.6697962907174528e-06
42011941.57142857	6.313999107449315e-09	chr6	1.7342898407878976e-06
45497610.28571428	5.935030931130415e-09	chr6	1.630197228960258e-06
48983279.0	5.059168508265816e-09	chr6	1.3896208088416965e-06
52468947.71428571	3.989943971003492e-09	chr6	1.0959328907823773e-06
55954616.428571425	3.023599882764798e-09	chr6	8.30503531921597e-07
59440285.14285714	2.382075792900449e-09	chr6	6.542937015527901e-07
62925953.85714285	2.1677651526649658e-09	chr6	5.954281933688182e-07
66411622.57142857	2.299270107917844e-09	chr6	6.315491531642127e-07
69897291.28571428	2.5594149322571432e-09	chr6	7.03004108780679e-07
73382960.0	2.7697982128802464e-09	chr6	7.60790874354625e-07
76868628.71428572	2.917701727217759e-09	chr6	8.014160879422773e-07
80354297.42857142	3.115689072974562e-09	chr6	8.557980155458901e-07
83839966.14285713	3.4502157657044263e-09	chr6	9.476837182203319e-07
87325634.85714285	3.869356942604225e-09	chr6	1.0628107989472812e-06
90811303.57142857	4.231339736822394e-09	chr6	1.1622379721016016e-06
94296972.28571428	4.472058233328338e-09	chr6	1.2283570253158243e-06
97782641.0	4.673345372651015e-09	chr6	1.2836453196072689e-06
101268309.7142857	4.913101614179297e-09	chr6	1.3495000666339855e-06
104753978.42857142	5.0970770092778784e-09	chr6	1.4000332791423577e-06
108239647.14285713	5.034793875684829e-09	chr6	1.3829257369959832e-06
111725315.85714285	4.693145352274492e-09	chr6	1.2890838543495832e-06
115210984.57142857	4.30141251158256e-09	chr6	1.1814851242335993e-06
118696653.28571428	4.162204206686224e-09	chr6	1.143248256469367e-06
122182322.0	4.393624754712928e-09	chr6	1.2068134072655976e-06
125667990.7142857	4.883083207175132e-09	chr6	1.3412547980778755e-06
129153659.42857142	5.431161550588523e-09	chr6	1.4917975344264224e-06
132639328.14285713	5.872189646820228e-09	chr6	1.6129363774608272e-06
136124996.85714284	6.120773994280128e-09	chr6	1.681215973488954e-06
139610665.57142857	6.230789060851127e-09	chr6	1.71143422487619e-06
143096334.28571427	6.395849328708141e-09	chr6	1.7567719483681707e-06
146582003.0	6.77505201159539e-09	chr6	1.860928972995395e-06
150067671.7142857	7.317250082847767e-09	chr6	2.009856552911962e-06
153553340.42857143	7.83396353010271e-09	chr6	2.151784175472991e-06
157039009.14285713	8.182806567640133e-09	chr6	2.247602202326521e-06
160524677.85714284	8.246215867319953e-09	chr6	2.265019072740146e-06
164010346.57142857	7.798890251418479e-09	chr6	2.1421504663339733e-06
167496015.28571427	6.627012043362625e-09	chr6	1.8202662791040166e-06
170981684.0	4.8465458540669066e-09	chr6	1.3312189461199434e-06
46239.0	4.795854503702203e-09	chr7	1.317295362594313e-06
3292631.7959183673	6.7204407961086966e-09	chr7	1.8459287053995522e-06
6539024.591836735	8.14244750083354e-09	chr7	2.236516625918413e-06
9785417.387755102	8.801366643132726e-09	chr7	2.417504420649318e-06
13031810.18367347	8.795332346691881e-09	chr7	2.4158469577901117e-06
16278202.979591837	8.429060517887367e-09	chr7	2.3152416994027557e-06
19524595.775510203	8.006979501208586e-09	chr7	2.1993071218460683e-06
22770988.57142857	7.722488902700417e-09	chr7	2.121165021032294e-06
26017381.36734694	7.621899207249106e-09	chr7	2.093535671718111e-06
29263774.163265307	7.611167060958989e-09	chr7	2.0905878328027016e-06
32510166.959183674	7.538825615227748e-09	chr7	2.0707175362973408e-06
35756559.75510204	7.312575528721284e-09	chr7	2.0085725755794013e-06
39002952.551020406	6.9310675248479706e-09	chr7	1.9037823397815942e-06
42249345.346938774	6.419209375561576e-09	chr7	1.7631883401428294e-06
45495738.14285714	5.769560093981132e-09	chr7	1.5847467328592852e-06
48742130.93877551	4.957363523714537e-09	chr7	1.3616576515076157e-06
51988523.73469388	4.0114613256730625e-09	chr7	1.101843143376496e-06
55234916.530612245	3.0790953630840485e-09	chr7	8.457466838589753e-07
58481309.32653061	2.412312203217177e-09	chr7	6.625988498972565e-07
61727702.12244898	2.2409775390317632e-09	chr7	6.155377144084986e-07
64974094.91836735	2.6105693625626846e-09	chr7	7.170548882122954e-07
68220487.71428572	3.344090453510625e-09	chr7	9.185338802719852e-07
71466880.51020408	4.1677197928736385e-09	chr7	1.1447632432357632e-06
74713273.30612245	4.843543819632884e-09	chr7	1.3303943660507954e-06
77959666.10204081	5.203674538801645e-09	chr7	1.4293128227976687e-06
81206058.89795919	5.185642457659737e-09	chr7	1.424359883368872e-06
84452451.69387755	4.909684755617627e-09	chr7	1.348561545264237e-06
87698844.48979592	4.6327876623367406e-09	chr7	1.272505181041098e-06
90945237.28571428	4.545868962278819e-09	chr7	1.2486308953594456e-06
94191630.08163266	4.655260985012201e-09	chr7	1.2786780129565818e-06
97438022.87755102	4.86777061975667e-09	chr7	1.3370488322004518e-06
100684415.6734694	5.0897302837763715e-09	chr7	1.398015326465537e-06
103930808.46938775	5.207154998366883e-09	chr7	1.4302688136938574e-06
107177201.26530612	5.084166293829131e-09	chr7	1.3964870444566974e-06
110423594.06122449	4.680068878997263e-09	chr7	1.285492090338835e-06
113669986.85714285	4.139631986879778e-09	chr7	1.1370482601076054e-06
116916379.65306123	3.725637044346818e-09	chr7	1.0233347148957612e-06
120162772.44897959	3.6720932470318105e-09	chr7	1.0086276390567632e-06
123409165.24489796	4.072897827519492e-09	chr7	1.118718138002343e-06
126655558.04081632	4.833367265450712e-09	chr7	1.3275991337056489e-06
129901950.8367347	5.709092239655252e-09	chr7	1.5681378002847e-06
133148343.63265306	6.448611807908279e-09	chr7	1.7712644166270945e-06
136394736.42857143	6.960597060407589e-09	chr7	1.9118933281825604e-06
139641129.2244898	7.391120128107659e-09	chr7	2.0301467155889924e-06
142887522.02040815	8.03102098122923e-09	chr7	2.205910685427209e-06
146133914.81632653	9.012559678042138e-09	chr7	2.4755136044733115e-06
149380307.6122449	9.97594914136728e-09	chr7	2.740131405415931e-06
152626700.40816328	1.0142736677417338e-08	chr7	2.7859435641475327e-06
155873093.20408162	8.937134720894052e-09	chr7	2.454796348310025e-06
159119486.0	6.579401567412766e-09	chr7	1.8071889309210718e-06
113565.0	6.6244542131437456e-09	chr8	1.8195637102744092e-06
3096563.0816326533	8.788090609326395e-09	chr8	2.4138578425987905e-06
6079561.1632653065	1.0047035330009067e-08	chr8	2.759656915743661e-06
9062559.24489796	1.0392818044196894e-08	chr8	2.854634352092757e-06
12045557.326530613	1.0302420518377771e-08	chr8	2.8298045242780046e-06
15028555.408163266	1.0200492695527142e-08	chr8	2.801807626487044e-06
18011553.48979592	1.0123911024430842e-08	chr8	2.780772651360713e-06
20994551.571428575	9.849276924358547e-09	chr8	2.705337871978598e-06
23977549.653061226	9.205573637219742e-09	chr8	2.528529473312608e-06
26960547.734693877	8.231149492794286e-09	chr8	2.260880735082394e-06
29943545.816326533	7.119123924349216e-09	chr8	1.9554364970914e-06
32926543.897959188	6.071966026598778e-09	chr8	1.6678097057561314e-06
35909541.97959184	5.167155770911956e-09	chr8	1.4192820757114905e-06
38892540.06122449	4.341236193278485e-09	chr8	1.1924236444032536e-06
41875538.14285715	3.553105121197199e-09	chr8	9.759447237921897e-07
44858536.2244898	2.9476095089144276e-09	chr8	8.096309706298342e-07
47841534.30612245	2.766691910154658e-09	chr8	7.599376545223567e-07
50824532.3877551	3.08385831767462e-09	chr8	8.470549424789072e-07
53807530.469387755	3.692625934199739e-09	chr8	1.0142674293312662e-06
56790528.55102041	4.280107885260271e-09	chr8	1.175633302533318e-06
59773526.632653065	4.68412835194901e-09	chr8	1.286607121015805e-06
62756524.71428572	4.971454864346881e-09	chr8	1.3655281729451183e-06
65739522.795918375	5.273931018385281e-09	chr8	1.4486104338232498e-06
68722520.87755102	5.569044326097558e-09	chr8	1.529670314057137e-06
71705518.95918368	5.665151513159549e-09	chr8	1.556068435962423e-06
74688517.04081634	5.413152257256282e-09	chr8	1.486850854210864e-06
77671515.12244898	4.875253773675208e-09	chr8	1.3391042581827997e-06
80654513.20408164	4.2677065726995115e-09	chr8	1.172226987451457e-06
83637511.2857143	3.8146868255315856e-09	chr8	1.0477943526316805e-06
86620509.36734694	3.684655843705086e-09	chr8	1.0120782546513509e-06
89603507.4489796	3.963874563620278e-09	chr8	1.0887723087786947e-06
92586505.53061225	4.590638187910972e-09	chr8	1.260927826650136e-06
95569503.6122449	5.324001029600021e-09	chr8	1.4623633517917381e-06
98552501.69387756	5.836979690980932e-09	chr8	1.6032651266944725e-06
101535499.7755102	5.891709372966259e-09	chr8	1.618297933928278e-06
104518497.85714287	5.4816542773810734e-09	chr8	1.505666561269756e-06
107501495.93877551	4.860533377160391e-09	chr8	1.335060951604264e-06
110484494.02040817	4.4346131760494466e-09	chr8	1.2180718508453552e-06
113467492.10204083	4.560491005569837e-09	chr8	1.2526471868887325e-06
116450490.18367347	5.359549518564987e-09	chr8	1.472127588722745e-06
119433488.26530613	6.658949629679564e-09	chr8	1.8290386958475357e-06
122416486.34693879	8.086285536991266e-09	chr8	2.22109040844945e-06
125399484.42857143	9.267893411030594e-09	chr8	2.545647079565172e-06
128382482.51020409	1.0024905852646509e-08	chr8	2.7535785291112414e-06
131365480.59183675	1.0409094049429514e-08	chr8	2.859104943558353e-06
134348478.6734694	1.0507770343384454e-08	chr8	2.886208731699651e-06
137331476.75510204	1.0208542941990794e-08	chr8	2.80401881790791e-06
140314474.8367347	9.230403171538697e-09	chr8	2.5353494947266203e-06
143297472.91836736	7.453192611598403e-09	chr8	2.04719639768088e-06
146280471.0	5.186163040679496e-09	chr8	1.4245028738614408e-06
212908.0	7.3077167078714e-09	chr9	2.007237985014094e-06
3086684.1428571427	9.521110317545813e-09	chr9	2.6151991179819924e-06
5960460.285714285	1.0995476009580265e-08	chr9	3.020168678127293e-06
8834236.42857143	1.1642024769143358e-08	chr9	3.1977586533874044e-06
11708012.57142857	1.1645796262954731e-08	chr9	3.1987945837526685e-06
14581788.714285713	1.1224479300246825e-08	chr9	3.0830698717688063e-06
17455564.85714286	1.053267789471176e-08	chr9	2.8930501823382624e-06
20329341.0	9.694352365947319e-09	chr9	2.662784161854669e-06
23203117.14285714	8.808729631130336e-09	chr9	2.419526840207001e-06
26076893.285714284	7.920383784986244e-09	chr9	2.1755215513471794e-06
28950669.428571425	7.0294339017504504e-09	chr9	1.930801001842508e-06
31824445.57142857	6.119415906340823e-09	chr9	1.6808429423757163e-06
34698221.71428572	5.150342869069231e-09	chr9	1.4146640128382156e-06
37571997.85714286	4.072935836508239e-09	chr9	1.1187285780739872e-06
40445774.0	2.9117430098009333e-09	chr9	7.997793846573602e-07
43319550.14285714	1.8126561635553595e-09	chr9	4.978890740714064e-07
46193326.28571428	9.55000557256532e-10	chr9	2.6231358861655964e-07
49067102.428571425	4.1858776177083213e-10	chr9	1.14975072115676e-07
51940878.57142857	1.5481688688762424e-10	chr9	4.252413558228732e-08
54814654.71428571	6.553125514401358e-11	chr9	1.799971588786841e-08
57688430.85714285	9.105309593131413e-11	chr9	2.500989571880955e-08
60562207.0	2.5079800988549936e-10	chr9	6.888763099777423e-08
63435983.14285714	6.381955266629496e-10	chr9	1.7529556141716958e-07
66309759.28571428	1.3720574283017846e-09	chr9	3.7686816522890295e-07
69183535.42857143	2.5072357866995553e-09	chr9	6.88671866963484e-07
72057311.57142857	3.95058256445698e-09	chr9	1.085121345463627e-06
74931087.71428572	5.459317138696888e-09	chr9	1.4995311355224594e-06
77804863.85714285	6.750904533587705e-09	chr9	1.8542962945491834e-06
80678640.0	7.649404841130756e-09	chr9	2.1010907474464394e-06
83552416.14285713	8.138493169027233e-09	chr9	2.235430474754614e-06
86426192.28571428	8.278906344888772e-09	chr9	2.2739982889505534e-06
89299968.42857142	8.110853001991351e-09	chr9	2.2278384462997074e-06
92173744.57142857	7.674512313371604e-09	chr9	2.107987111112977e-06
95047520.71428572	7.095965209029179e-09	chr9	1.94907540580492e-06
97921296.85714285	6.585004748529885e-09	chr9	1.8087279777156856e-06
100795073.0	6.33326286059674e-09	chr9	1.7395810881907692e-06
103668849.14285713	6.432020757652817e-09	chr9	1.766707290562236e-06
106542625.28571428	6.856417694093119e-09	chr9	1.883277990494954e-06
109416401.42857142	7.474515771151208e-09	chr9	2.05305330997317e-06
112290177.57142857	8.078651885090055e-09	chr9	2.218993644621156e-06
115163953.7142857	8.465774444032952e-09	chr9	2.3253260513398035e-06
118037729.85714285	8.544868861870325e-09	chr9	2.347051212047627e-06
120911506.0	8.417122202247866e-09	chr9	2.3119625574235813e-06
123785282.14285713	8.372903256236958e-09	chr9	2.2998167735024864e-06
126659058.28571428	8.746094910654382e-09	chr9	2.402322726371464e-06
129532834.42857142	9.62804666283167e-09	chr9	2.6445717254347624e-06
132406610.57142857	1.0621838809549725e-08	chr9	2.917540345571957e-06
135280386.7142857	1.0943809208645017e-08	chr9	3.0059771639311166e-06
138154162.85714287	9.958237244950796e-09	chr9	2.7352664123278013e-06
141027939.0	7.728837704204991e-09	chr9	2.122908870178166e-06
