pos	val	Chromosome	valScaled
60683.0	6.64149857481105e-09	chr10	1.7510111400560106e-08
2825248.0816326533	9.492336998865796e-09	chr10	2.5026261231491294e-08
5589813.1632653065	1.150428904494011e-08	chr10	3.033071233729438e-08
8354378.24489796	1.2321889949393369e-08	chr10	3.248629255114431e-08
11118943.326530613	1.2156225105459604e-08	chr10	3.2049522168713093e-08
13883508.408163266	1.1355471470348857e-08	chr10	2.9938359274186456e-08
16648073.48979592	1.017230743758445e-08	chr10	2.6818982858536152e-08
19412638.571428575	8.888662079990153e-09	chr10	2.343469044966103e-08
22177203.653061226	7.853601128346355e-09	chr10	2.0705783356555426e-08
24941768.734693877	7.2433524383854e-09	chr10	1.9096881024815303e-08
27706333.816326533	6.870601959966877e-09	chr10	1.8114135590452833e-08
30470898.897959188	6.356619086489117e-09	chr10	1.6759035190866943e-08
33235463.97959184	5.520723995006992e-09	chr10	1.4555222902696756e-08
36000029.06122449	4.575094355149226e-09	chr10	1.2062098775503505e-08
38764594.14285715	3.951144220032691e-09	chr10	1.0417072995369858e-08
41529159.2244898	3.95070622109926e-09	chr10	1.0415918224344717e-08
44293724.30612245	4.514882256735266e-09	chr10	1.1903351387543714e-08
47058289.3877551	5.266020054794228e-09	chr10	1.3883703618750515e-08
49822854.469387755	5.76336828563875e-09	chr10	1.5194947282942195e-08
52587419.55102041	5.776726838574385e-09	chr10	1.5230166706302517e-08
55351984.632653065	5.397173564475445e-09	chr10	1.4229485905567896e-08
58116549.71428572	4.921773049032252e-09	chr10	1.2976106733453744e-08
60881114.795918375	4.633566961495842e-09	chr10	1.2216260044903382e-08
63645679.87755103	4.676444060892914e-09	chr10	1.2329304228910752e-08
66410244.95918368	5.044029868896431e-09	chr10	1.3298433164933988e-08
69174810.04081634	5.581738367089383e-09	chr10	1.4716085461073241e-08
71939375.12244898	6.064943691810128e-09	chr10	1.5990041778295637e-08
74703940.20408164	6.388285411658875e-09	chr10	1.684252250553291e-08
77468505.2857143	6.601536001675337e-09	chr10	1.7404751277452758e-08
80233070.36734694	6.712789416958176e-09	chr10	1.769806756343129e-08
82997635.4489796	6.637901698862915e-09	chr10	1.7500628345217035e-08
85762200.53061225	6.392254273877028e-09	chr10	1.685298629149786e-08
88526765.6122449	6.132619590394023e-09	chr10	1.6168467251099525e-08
91291330.69387756	5.964261717315684e-09	chr10	1.57245967782602e-08
94055895.7755102	5.8356000841830535e-09	chr10	1.5385384249076687e-08
96820460.85714287	5.630179165617229e-09	chr10	1.484379817063726e-08
99585025.93877551	5.30578209204647e-09	chr10	1.3988535035027644e-08
102349591.02040817	4.967731755191676e-09	chr10	1.3097275481080857e-08
105114156.10204083	4.820854913596458e-09	chr10	1.2710039102193604e-08
107878721.18367347	5.024191865580312e-09	chr10	1.3246130865367536e-08
110643286.26530613	5.595041012385359e-09	chr10	1.4751157485621753e-08
113407851.34693879	6.442351102055567e-09	chr10	1.6985065073468525e-08
116172416.42857143	7.4428109780977556e-09	chr10	1.962274747059042e-08
118936981.51020409	8.486125732634703e-09	chr10	2.2373415466978526e-08
121701546.59183675	9.49864895958505e-09	chr10	2.504290252623903e-08
124466111.6734694	1.0400794698068228e-08	chr10	2.7421382654246952e-08
127230676.75510205	1.0951070509302027e-08	chr10	2.8872168293542454e-08
129995241.8367347	1.0678548228272185e-08	chr10	2.815367148951309e-08
132759806.91836736	9.199168492053632e-09	chr10	2.425333127365224e-08
135524372.0	6.711335287334043e-09	chr10	1.769423379437712e-08
87267.0	7.281149827468183e-09	chr11	1.919653270523574e-08
2839495.224489796	9.67889564751873e-09	chr11	2.5518117502158908e-08
5591723.448979592	1.1018869735191444e-08	chr11	2.9050918915081086e-08
8343951.673469388	1.1204737692787707e-08	chr11	2.95409541995346e-08
11096179.897959184	1.0722988301633252e-08	chr11	2.827083640740566e-08
13848408.12244898	1.0174433544715804e-08	chr11	2.6824588276093676e-08
16600636.346938776	9.835505910392084e-09	chr11	2.5931015753734826e-08
19352864.57142857	9.535223203911622e-09	chr11	2.5139329422267957e-08
22105092.795918368	8.940150391283728e-09	chr11	2.3570437835047298e-08
24857321.020408165	8.009975694482225e-09	chr11	2.111806020076618e-08
27609549.24489796	7.105048197058252e-09	chr11	1.873224604890895e-08
30361777.469387755	6.589447158026303e-09	chr11	1.7372879404468947e-08
33114005.69387755	6.431860628480812e-09	chr11	1.6957407255150942e-08
35866233.91836735	6.30285460043354e-09	chr11	1.6617286739124815e-08
38618462.14285714	5.966383964852527e-09	chr11	1.5730192020112788e-08
41370690.36734694	5.4074870380857915e-09	chr11	1.425667706879856e-08
44122918.591836736	4.662340179032361e-09	chr11	1.2292119768238688e-08
46875146.81632653	3.771602384217438e-09	chr11	9.943716340877827e-09
49627375.04081633	2.9105817840716015e-09	chr11	7.673661404193655e-09
52379603.26530612	2.369373115763802e-09	chr11	6.246781014734569e-09
55131831.48979592	2.334184712775902e-09	chr11	6.154007847747409e-09
57884059.71428572	2.7482689481516787e-09	chr11	7.245728490155569e-09
60636287.93877551	3.403606125501314e-09	chr11	8.973505263885765e-09
63388516.16326531	4.126096797245969e-09	chr11	1.0878330207475295e-08
66140744.3877551	4.8384073910280625e-09	chr11	1.2756315681450711e-08
68892972.6122449	5.484940315516652e-09	chr11	1.4460880307100306e-08
71645200.8367347	5.996219554601787e-09	chr11	1.5808852655860316e-08
74397429.06122449	6.336337988529867e-09	chr11	1.6705564685589865e-08
77149657.28571428	6.501146467889622e-09	chr11	1.7140077288557385e-08
79901885.51020408	6.480679118560254e-09	chr11	1.7086115737140264e-08
82654113.73469388	6.299875319094095e-09	chr11	1.6609431953407456e-08
85406341.95918368	6.0665741750695545e-09	chr11	1.5994340498409433e-08
88158570.18367347	5.9171630326713975e-09	chr11	1.5600422511616655e-08
90910798.40816326	5.9256272144925045e-09	chr11	1.5622738072620356e-08
93663026.63265306	6.06055681857859e-09	chr11	1.5978475918856066e-08
96415254.85714287	6.196079531771812e-09	chr11	1.6335777479428483e-08
99167483.08163266	6.1971009211357235e-09	chr11	1.6338470341791394e-08
101919711.30612245	6.060382451408881e-09	chr11	1.5978016205053254e-08
104671939.53061225	5.9731160466324614e-09	chr11	1.5747940951411428e-08
107424167.75510204	6.188146741477541e-09	chr11	1.631486291621578e-08
110176395.97959185	6.820771309538397e-09	chr11	1.7982758578120962e-08
112928624.20408164	7.760465395343255e-09	chr11	2.0460233795430434e-08
115680852.42857143	8.759543223318946e-09	chr11	2.3094272464358658e-08
118433080.65306123	9.600689835153351e-09	chr11	2.5311930228117665e-08
121185308.87755102	1.0201671663274012e-08	chr11	2.6896400757105835e-08
123937537.10204081	1.0574402850507617e-08	chr11	2.787909533083901e-08
126689765.32653062	1.0661037338900333e-08	chr11	2.8107504555925706e-08
129441993.55102041	1.0206275274525313e-08	chr11	2.6908538039821045e-08
132194221.7755102	8.897408101566466e-09	chr11	2.3457749072709417e-08
134946450.0	6.7505340336588906e-09	chr11	1.779758011105233e-08
60316.0	7.348521552254879e-09	chr12	1.9374156232964417e-08
2790550.6530612246	9.797031144889528e-09	chr12	2.582957819074034e-08
5520785.306122449	1.1166176202408939e-08	chr12	2.943928798901026e-08
8251019.959183674	1.1289637968182861e-08	chr12	2.9764791224170216e-08
10981254.612244898	1.0564357250417336e-08	chr12	2.78526104080938e-08
13711489.265306123	9.55155095750191e-09	chr12	2.518237705392313e-08
16441723.918367349	8.678389905229515e-09	chr12	2.288031418005511e-08
19171958.57142857	8.12596021819066e-09	chr12	2.1423849911928375e-08
21902193.224489797	7.799537044103065e-09	chr12	2.056324502319499e-08
24632427.877551023	7.416823982798321e-09	chr12	1.955423353845096e-08
27362662.530612245	6.715406482260964e-09	chr12	1.7704967377453407e-08
30092897.18367347	5.645879627167475e-09	chr12	1.4885191965680396e-08
32823131.836734697	4.4401764577777125e-09	chr12	1.170639179366895e-08
35553366.48979592	3.5032617212295704e-09	chr12	9.236244247149132e-09
38283601.14285714	3.15226789740071e-09	chr12	8.310859578776035e-09
41013835.79591837	3.4026506781855663e-09	chr12	8.970986255751132e-09
43744070.448979594	4.00685015826743e-09	chr12	1.0563940027437353e-08
46474305.10204082	4.659378177042186e-09	chr12	1.2284310539006394e-08
49204539.755102046	5.129106170335446e-09	chr12	1.3522734276944266e-08
51934774.408163264	5.286488299262458e-09	chr12	1.3937667530174345e-08
54665009.06122449	5.151323647761207e-09	chr12	1.3581309988492252e-08
57395243.71428572	4.933676630369915e-09	chr12	1.3007490167921171e-08
60125478.36734694	4.914039907007815e-09	chr12	1.2955718536904579e-08
62855713.02040817	5.200346896047975e-09	chr12	1.3710558309341745e-08
65585947.673469394	5.61935157564694e-09	chr12	1.4815251555073956e-08
68316182.32653062	5.879096316185671e-09	chr12	1.5500060757592253e-08
71046416.97959185	5.8238298000562525e-09	chr12	1.5354352248699815e-08
73776651.63265306	5.504908002600262e-09	chr12	1.4513524514022459e-08
76506886.28571428	5.0455576943404424e-09	chr12	1.3302461230802544e-08
79237120.93877551	4.543322750881245e-09	chr12	1.1978333895658947e-08
81967355.59183674	4.135645452660465e-09	chr12	1.0903504950517103e-08
84697590.24489796	4.054935076303884e-09	chr12	1.0690714468780822e-08
87427824.89795919	4.499764128299978e-09	chr12	1.1863492896257747e-08
90158059.55102041	5.413746037201267e-09	chr12	1.4273178731869547e-08
92888294.20408164	6.434731697346488e-09	chr12	1.6964976741933237e-08
95618528.85714287	7.145292544249693e-09	chr12	1.8838349060846283e-08
98348763.51020409	7.3938955959841206e-09	chr12	1.9493783535664773e-08
101078998.16326532	7.328676298230273e-09	chr12	1.932183481712294e-08
103809232.81632653	7.173453855266432e-09	chr12	1.8912595511031354e-08
106539467.46938775	7.101425340508165e-09	chr12	1.872269449648961e-08
109269702.12244898	7.275475902955723e-09	chr12	1.91815735737728e-08
111999936.7755102	7.785620094179988e-09	chr12	2.0526553402958358e-08
114730171.42857143	8.506903791320507e-09	chr12	2.2428196194276377e-08
117460406.08163266	9.239959275278298e-09	chr12	2.4360874947769542e-08
120190640.73469388	1.0046020488815434e-08	chr12	2.6486031113312716e-08
122920875.38775511	1.1144738792323226e-08	chr12	2.938276890156153e-08
125651110.04081634	1.2298333518987796e-08	chr12	3.2424186730303594e-08
128381344.69387756	1.2589616423502854e-08	chr12	3.3192145354352905e-08
131111579.34693879	1.1185470441435967e-08	chr12	2.9490156670369858e-08
133841814.0	8.272310143110672e-09	chr12	2.180969709083648e-08
19020094.0	8.850419500117967e-09	chr13	2.3333865037103318e-08
20981109.448979594	1.2438590527826708e-08	chr13	3.279397011906967e-08
22942124.897959184	1.5151026219723787e-08	chr13	3.9945225305979714e-08
24903140.346938774	1.6424749934980215e-08	chr13	4.3303359602998645e-08
26864155.795918368	1.633801497161859e-08	chr13	4.307468547867592e-08
28825171.24489796	1.5355313214750925e-08	chr13	4.048382182908634e-08
30786186.69387755	1.3961452465595392e-08	chr13	3.680894985257975e-08
32747202.14285714	1.2535178251149668e-08	chr13	3.304862074893292e-08
34708217.591836736	1.1374413259371362e-08	chr13	2.9988298731701046e-08
36669233.04081633	1.0651517034211861e-08	chr13	2.808240455872106e-08
38630248.48979592	1.0329595237485712e-08	chr13	2.723366741612464e-08
40591263.93877551	1.0198428471953664e-08	chr13	2.688785018065491e-08
42552279.3877551	1.0017632621276782e-08	chr13	2.6411187353666154e-08
44513294.8367347	9.626220664856144e-09	chr13	2.5379241493370377e-08
46474310.28571428	8.969862660561542e-09	chr13	2.3648773340077918e-08
48435325.73469388	8.090863680874435e-09	chr13	2.1331318946023818e-08
50396341.18367347	7.098076278459454e-09	chr13	1.871386479504501e-08
52357356.632653065	6.130597189797999e-09	chr13	1.616313525270578e-08
54318372.08163266	5.3466679655330174e-09	chr13	1.409632941176272e-08
56279387.530612245	4.890932648013657e-09	chr13	1.2894796942991444e-08
58240402.97959184	4.790046366203197e-09	chr13	1.2628813292857224e-08
60201418.42857143	4.9022068645229874e-09	chr13	1.2924521076002798e-08
62162433.87755102	5.062833920552076e-09	chr13	1.3348009482020167e-08
64123449.32653061	5.29616380641789e-09	chr13	1.396317671401895e-08
66084464.77551021	5.827116988381462e-09	chr13	1.536301882193185e-08
68045480.22448981	6.84483307314659e-09	chr13	1.8046196694763996e-08
70006495.6734694	8.225121544373217e-09	chr13	2.1685285768388416e-08
71967511.12244898	9.475002319514577e-09	chr13	2.49805588703278e-08
73928526.57142857	1.001675866769278e-08	chr13	2.64088832013062e-08
75889542.02040817	9.611976072653296e-09	chr13	2.5341686054109516e-08
77850557.46938775	8.519626253161443e-09	chr13	2.246173858258149e-08
79811572.91836736	7.242562806857467e-09	chr13	1.9094799185022107e-08
81772588.36734694	6.172207996873694e-09	chr13	1.6272840895062764e-08
83733603.81632653	5.476923810805183e-09	chr13	1.4439745033342466e-08
85694619.26530613	5.2171832600327746e-09	chr13	1.3754946877017167e-08
87655634.71428572	5.447500687850272e-09	chr13	1.4362171853902685e-08
89616650.16326532	6.18055633643407e-09	chr13	1.6294851041427366e-08
91577665.6122449	7.300616389077697e-09	chr13	1.9247855709905382e-08
93538681.06122449	8.574018722275056e-09	chr13	2.2605142692783832e-08
95499696.51020409	9.779532477014033e-09	chr13	2.5783443478760815e-08
97460711.95918368	1.0839035312277402e-08	chr13	2.8576790863495996e-08
99421727.40816326	1.1844260859161271e-08	chr13	3.122703780857289e-08
101382742.85714287	1.2979040174707493e-08	chr13	3.421884937134673e-08
103343758.30612245	1.436066509599771e-08	chr13	3.786146195540048e-08
105304773.75510204	1.584420684893956e-08	chr13	4.177277520327437e-08
107265789.20408164	1.6941810281762876e-08	chr13	4.466657366846793e-08
109226804.65306123	1.6995968287766955e-08	chr13	4.480935962372813e-08
111187820.10204083	1.5538387193869957e-08	chr13	4.0966490873249955e-08
113148835.55102041	1.2621574909850722e-08	chr13	3.327640294318487e-08
115109851.0	8.902110106425342e-09	chr13	2.347014576721405e-08
19000058.0	1.1896278273792586e-08	chr14	3.136418015900836e-08
20801882.020408165	1.5720509996796692e-08	chr14	4.144665216996756e-08
22603706.040816326	1.759861107919743e-08	chr14	4.639820923256695e-08
24405530.06122449	1.722887206114833e-08	chr14	4.542340342296733e-08
26207354.08163265	1.5539509485317315e-08	chr14	4.096944976092354e-08
28009178.102040816	1.392247612643307e-08	chr14	3.670618990570471e-08
29811002.12244898	1.324262110364687e-08	chr14	3.491377256929726e-08
31612826.14285714	1.3344934705371402e-08	chr14	3.5183519305490765e-08
33414650.163265307	1.334367596826549e-08	chr14	3.51802006829389e-08
35216474.18367347	1.2448558583801239e-08	chr14	3.282025059908408e-08
37018298.20408163	1.0614862528808244e-08	chr14	2.798576605677453e-08
38820122.22448979	8.4611805668969e-09	chr14	2.2307648287168992e-08
40621946.24489796	6.690097935880868e-09	chr14	1.763824215550087e-08
42423770.26530612	5.665651405997159e-09	chr14	1.4937319666378557e-08
44225594.28571428	5.4097538282463975e-09	chr14	1.4262653392934869e-08
46027418.30612245	5.789849915050369e-09	chr14	1.5264765303053565e-08
47829242.32653061	6.6250710926504995e-09	chr14	1.74668008375265e-08
49631066.346938774	7.671319242095986e-09	chr14	2.022520264143587e-08
51432890.36734694	8.624014013069311e-09	chr14	2.2736953774492257e-08
53234714.3877551	9.221498011650899e-09	chr14	2.431220238101828e-08
55036538.408163264	9.353538058275687e-09	chr14	2.4660321995844966e-08
56838362.42857143	9.072160396844607e-09	chr14	2.391847824751179e-08
58640186.448979594	8.540763739742186e-09	chr14	2.2517466930722736e-08
60442010.469387755	7.965905955927155e-09	chr14	2.100187165946023e-08
62243834.48979592	7.507948787960148e-09	chr14	1.9794481348755327e-08
64045658.510204084	7.236049669556709e-09	chr14	1.9077627494263045e-08
65847482.530612245	7.17682828087981e-09	chr14	1.8921492082751965e-08
67649306.55102041	7.3575819614935195e-09	chr14	1.939804372963647e-08
69451130.57142857	7.773544670730998e-09	chr14	2.0494716911928656e-08
71252954.59183674	8.357773738560985e-09	chr14	2.2035019291868487e-08
73054778.6122449	8.986772467498598e-09	chr14	2.369335553788984e-08
74856602.63265306	9.468231992972702e-09	chr14	2.4962709107863647e-08
76658426.65306123	9.576240719801905e-09	chr14	2.5247470870244332e-08
78460250.6734694	9.226573551969434e-09	chr14	2.432558389053673e-08
80262074.69387755	8.62651743698079e-09	chr14	2.2743553976401366e-08
82063898.71428572	8.168542564530404e-09	chr14	2.153611698835809e-08
83865722.73469388	8.175453055641857e-09	chr14	2.1554336290497675e-08
85667546.75510204	8.77554536439167e-09	chr14	2.313646162839666e-08
87469370.7755102	9.94221908457355e-09	chr14	2.6212361830494016e-08
89271194.79591838	1.1550939485846107e-08	chr14	3.045370482279265e-08
91073018.81632653	1.3393683272059333e-08	chr14	3.5312043436559725e-08
92874842.8367347	1.5175269573716814e-08	chr14	4.0009142180215163e-08
94676666.85714287	1.6534578710226873e-08	chr14	4.359291986833541e-08
96478490.87755102	1.715693589235414e-08	chr14	4.523374587578466e-08
98280314.89795919	1.6938428725060808e-08	chr14	4.465765829584629e-08
100082138.91836736	1.601505433592199e-08	chr14	4.2223209468353346e-08
101883962.93877551	1.458574475090593e-08	chr14	3.845487770141751e-08
103685786.95918368	1.2714562002306149e-08	chr14	3.35215606179729e-08
105487610.97959185	1.0349939632246786e-08	chr14	2.728730480151752e-08
107289435.0	7.577655273294379e-09	chr14	1.997826040250279e-08
20000446.0	1.4161380453181401e-08	chr15	3.7336053983565796e-08
21684535.285714287	1.850224131221079e-08	chr15	4.87806031857913e-08
23368624.57142857	2.067864007758629e-08	chr15	5.451861312503919e-08
25052713.85714286	2.0488248379158573e-08	chr15	5.4016651133832103e-08
26736803.14285714	1.8818769955395266e-08	chr15	4.961512144115146e-08
28420892.42857143	1.6808926904464277e-08	chr15	4.4316230637663726e-08
30104981.714285716	1.5210647806800328e-08	chr15	4.010241582854459e-08
31789071.0	1.4240796078487287e-08	chr15	3.754543089306709e-08
33473160.285714284	1.3687017833874893e-08	chr15	3.608541119342491e-08
35157249.57142857	1.3134012927163215e-08	chr15	3.462743037591742e-08
36841338.85714286	1.2223967807464829e-08	chr15	3.222812376672973e-08
38525428.14285714	1.0817491922027497e-08	chr15	2.851999236252932e-08
40209517.42857143	9.042361091108249e-09	chr15	2.3839913273473857e-08
41893606.71428572	7.259180469504111e-09	chr15	1.913861115319195e-08
43577696.0	5.8875516919794844e-09	chr15	1.5522353101769634e-08
45261785.28571428	5.1497925023797935e-09	chr15	1.357727316970851e-08
46945874.57142857	4.975778081958458e-09	chr15	1.311848937979131e-08
48629963.85714286	5.170305433951302e-09	chr15	1.3631354897337187e-08
50314053.14285714	5.624266069406181e-09	chr15	1.4828208470178634e-08
51998142.42857143	6.3360532377309206e-09	chr15	1.6704813948665843e-08
53682231.71428572	7.295536032491794e-09	chr15	1.923446150244276e-08
55366321.0	8.407600053687186e-09	chr15	2.2166384874306185e-08
57050410.28571428	9.477887663300264e-09	chr15	2.4988165992507714e-08
58734499.57142857	1.0222470931365986e-08	chr15	2.6951237402365664e-08
60418588.85714286	1.0378366108566146e-08	chr15	2.7362250352054134e-08
62102678.14285714	9.926512506813125e-09	chr15	2.6170951910246544e-08
63786767.428571425	9.192498743629925e-09	chr15	2.4235746682374035e-08
65470856.71428572	8.618388660646263e-09	chr15	2.272212270188335e-08
67154946.0	8.38359945942186e-09	chr15	2.2103108028797344e-08
68839035.28571428	8.278247452372609e-09	chr15	2.182535062827611e-08
70523124.57142857	7.967454680952106e-09	chr15	2.1005954826445853e-08
72207213.85714287	7.367778288853171e-09	chr15	1.9424926040297685e-08
73891303.14285713	6.762782219909971e-09	chr15	1.782987208601783e-08
75575392.42857143	6.551688629266932e-09	chr15	1.7273330178123347e-08
77259481.71428572	6.869269337983324e-09	chr15	1.8110622172641476e-08
78943571.0	7.455091142031817e-09	chr15	1.9655123753756103e-08
80627660.28571428	7.93961344439199e-09	chr15	2.0932552242946717e-08
82311749.57142857	8.265402878745471e-09	chr15	2.1791486295916412e-08
83995838.85714287	8.75795909271935e-09	chr15	2.30900959516395e-08
85679928.14285713	9.77438082401013e-09	chr15	2.5769861300434752e-08
87364017.42857143	1.1393915427427142e-08	chr15	3.003971561169621e-08
89048106.71428572	1.3468415389035473e-08	chr15	3.550907241709958e-08
90732196.0	1.577905080273122e-08	chr15	4.160099324553141e-08
92416285.28571428	1.8004979278890347e-08	chr15	4.746958677878143e-08
94100374.57142857	1.967106764638033e-08	chr15	5.1862178689976246e-08
95784463.85714285	2.0295754211795397e-08	chr15	5.350914604646059e-08
97468553.14285713	1.9574698547444995e-08	chr15	5.160810445674082e-08
99152642.42857143	1.7426403539436674e-08	chr15	4.594418922921055e-08
100836731.71428572	1.4042312982810679e-08	chr15	3.7022136176177945e-08
102520821.0	9.993331847628155e-09	chr15	2.6347119094234304e-08
60179.0	8.643209268480249e-09	chr16	2.2787561488522713e-08
1901660.7959183673	1.1971957950341841e-08	chr16	3.156370735188644e-08
3743142.5918367347	1.4808009002404249e-08	chr16	3.9040870720953526e-08
5584624.387755102	1.6680428648878597e-08	chr16	4.3977448848472885e-08
7426106.183673469	1.7369737536525265e-08	chr16	4.579479101547511e-08
9267587.979591837	1.6961034429001723e-08	chr16	4.4717257554934405e-08
11109069.775510203	1.5805428502781386e-08	chr16	4.167053725900462e-08
12950551.57142857	1.4355942224498566e-08	chr16	3.7849010246625865e-08
14792033.367346939	1.2986913750120858e-08	chr16	3.423960781630546e-08
16633515.163265307	1.1914399126276338e-08	chr16	3.141195524200951e-08
18474996.959183674	1.1233621474575376e-08	chr16	2.961710542219536e-08
20316478.755102042	1.0977102028817077e-08	chr16	2.894079961243833e-08
22157960.551020406	1.1054520854467638e-08	chr16	2.914491201965667e-08
23999442.346938774	1.1132740325096067e-08	chr16	2.9351135303297983e-08
25840924.14285714	1.0731531520085167e-08	chr16	2.8293360346111257e-08
27682405.93877551	9.577763651635941e-09	chr16	2.5251486034257253e-08
29523887.734693877	7.831412749104611e-09	chr16	2.064728436149513e-08
31365369.530612245	5.903757778248003e-09	chr16	1.556507996118734e-08
33206851.326530613	4.124551940723392e-09	chr16	1.0874257239679926e-08
35048333.12244898	2.6398426002874935e-09	chr16	6.959865682466602e-09
36889814.91836735	1.5161872863246883e-09	chr16	3.997382215566238e-09
38731296.71428572	8.089274289966024e-10	chr16	2.1327128564658552e-09
40572778.510204084	5.539152354670251e-10	chr16	1.4603808719135395e-09
42414260.30612245	7.860379117588236e-10	chr16	2.072365332149786e-09
44255742.10204081	1.5752834096798433e-09	chr16	4.153187368821044e-09
46097223.89795918	2.9834257296678714e-09	chr16	7.865712277634264e-09
47938705.69387755	4.939885762294986e-09	chr16	1.302386035764328e-08
49780187.489795916	7.160998335803211e-09	chr16	1.887975690828287e-08
51621669.28571428	9.210695680231935e-09	chr16	2.4283722358866474e-08
53463151.08163265	1.066016300044451e-08	chr16	2.810519938886276e-08
55304632.87755102	1.124300248990129e-08	chr16	2.9641838187181582e-08
57146114.67346939	1.0949944530357534e-08	chr16	2.8869199683893488e-08
58987596.469387755	1.0022735596939824e-08	chr16	2.6424641195645898e-08
60829078.26530612	8.81653284900535e-09	chr16	2.3244523899814777e-08
62670560.06122449	7.615452029954184e-09	chr16	2.007791041555905e-08
64512041.85714286	6.574263093942016e-09	chr16	1.7332847075825908e-08
66353523.653061226	5.829323059056072e-09	chr16	1.5368835060968085e-08
68195005.44897959	5.604908723295467e-09	chr16	1.4777173408889405e-08
70036487.24489796	6.149761719896601e-09	chr16	1.621366196037363e-08
71877969.04081632	7.583080695805271e-09	chr16	1.999256436590664e-08
73719450.8367347	9.845959311287458e-09	chr16	2.5958575831047332e-08
75560932.63265306	1.2764666497872131e-08	chr16	3.365365961478013e-08
77402414.42857143	1.6073198515278777e-08	chr16	4.23765048498645e-08
79243896.2244898	1.937012449192051e-08	chr16	5.1068751107259745e-08
81085378.02040817	2.2100257677460215e-08	chr16	5.8266665204309195e-08
82926859.81632653	2.3583270136128736e-08	chr16	6.217658298373793e-08
84768341.6122449	2.3147759763336655e-08	chr16	6.102837297393517e-08
86609823.40816326	2.0480427565930528e-08	chr16	5.399603179478934e-08
88451305.20408162	1.600686083038227e-08	chr16	4.220160753723109e-08
90292787.0	1.0856381807742719e-08	chr16	2.8622524377489208e-08
51.0	1.145388045024788e-08	chr17	3.019781159227965e-08
1656995.2857142857	1.4812963759004294e-08	chr17	3.905393378782799e-08
3313939.5714285714	1.6997468839079182e-08	chr17	4.481331578216788e-08
4970883.857142857	1.8112341336884637e-08	chr17	4.7752643618212714e-08
6627828.142857143	1.871156366880027e-08	chr17	4.9332475288333136e-08
8284772.428571428	1.9173979272856044e-08	chr17	5.055162013180007e-08
9941716.714285715	1.9402127633737334e-08	chr17	5.1153126428893606e-08
11598661.0	1.8992794998057695e-08	chr17	5.0073933236288083e-08
13255605.285714285	1.7613619612717253e-08	chr17	4.6437778780151865e-08
14912549.57142857	1.5305073919920407e-08	chr17	4.035136743806918e-08
16569493.857142856	1.2522682691967165e-08	chr17	3.301567658266783e-08
18226438.14285714	9.857812064039743e-09	chr17	2.5989825257476926e-08
19883382.42857143	7.672985565399704e-09	chr17	2.022959585274937e-08
21540326.714285713	6.031013632217948e-09	chr17	1.590058619585525e-08
23197271.0	4.937239155175682e-09	chr17	1.3016882657509716e-08
24854215.285714284	4.5316878460740795e-09	chr17	1.194765881878984e-08
26511159.57142857	5.009328498241027e-09	chr17	1.320694404405504e-08
28168103.85714286	6.3888538894306856e-09	chr17	1.684402128009426e-08
29825048.14285714	8.331447984118821e-09	chr17	2.1965612231429692e-08
31481992.42857143	1.0161624324888905e-08	chr17	2.6790817152965845e-08
33138936.714285713	1.1166060849437205e-08	chr17	2.94389838643669e-08
34795881.0	1.1003771146864553e-08	chr17	2.9011111940703684e-08
36452825.28571428	9.885817026489074e-09	chr17	2.606365949936265e-08
38109769.57142857	8.385479679076974e-09	chr17	2.2108065171413233e-08
39766713.85714286	7.081180521763765e-09	chr17	1.8669319640272214e-08
41423658.14285714	6.322627007842695e-09	chr17	1.666941609705386e-08
43080602.428571425	6.209250346207277e-09	chr17	1.637050193587507e-08
44737546.71428572	6.646567111297848e-09	chr17	1.7523474444686656e-08
46394491.0	7.385839527213375e-09	chr17	1.947254395245364e-08
48051435.28571428	8.140033498165295e-09	chr17	2.146095369164787e-08
49708379.57142857	8.778667664524575e-09	chr17	2.314469347886494e-08
51365323.85714286	9.336895158833075e-09	chr17	2.4616443491620976e-08
53022268.14285714	9.760381898788986e-09	chr17	2.573295355478831e-08
54679212.428571425	9.798003001856574e-09	chr17	2.5832140462427474e-08
56336156.71428572	9.308359402110646e-09	chr17	2.454120982658579e-08
57993101.0	8.56575396355553e-09	chr17	2.2583352904794338e-08
59650045.28571428	8.10394724507481e-09	chr17	2.1365813369847653e-08
61306989.57142857	8.297546527473489e-09	chr17	2.1876232059799088e-08
62963933.85714286	9.163699436541339e-09	chr17	2.4159818174718754e-08
64620878.14285714	1.0501051436565677e-08	chr17	2.7685706532355604e-08
66277822.428571425	1.2123334725674053e-08	chr17	3.196280767083818e-08
67934766.71428572	1.3927584355282282e-08	chr17	3.6719657597551927e-08
69591711.0	1.578633115090832e-08	chr17	4.1620187664709544e-08
71248655.28571428	1.749386448226768e-08	chr17	4.612204797763185e-08
72905599.57142857	1.8838925471090172e-08	chr17	4.9668260852562625e-08
74562543.85714285	1.956863442512797e-08	chr17	5.159211658049246e-08
76219488.14285713	1.9244070374611447e-08	chr17	5.073641321518337e-08
77876432.42857143	1.739578135436058e-08	chr17	4.586345475852277e-08
79533376.71428572	1.4024014260142056e-08	chr17	3.697389214377978e-08
81190321.0	9.846865490742261e-09	chr17	2.5960964945947197e-08
10718.0	1.350649920953707e-08	chr18	3.560947926534781e-08
1602684.4081632653	1.8646965202058466e-08	chr18	4.916216337209719e-08
3194650.8163265307	2.2689590296493932e-08	chr18	5.982042294362449e-08
4786617.224489796	2.4897760367459302e-08	chr18	6.564219697526108e-08
6378583.632653061	2.5234716816436224e-08	chr18	6.653057252669164e-08
7970550.040816327	2.409997982033855e-08	chr18	6.35388725378721e-08
9562516.448979592	2.1879625296312326e-08	chr18	5.768497456191072e-08
11154482.857142858	1.8779927833676763e-08	chr18	4.9512715354533515e-08
12746449.265306123	1.505144855849736e-08	chr18	3.9682691794688306e-08
14338415.673469387	1.1256298184640986e-08	chr18	2.967689188679734e-08
15930382.081632653	8.201889636857395e-09	chr18	2.1624035542393882e-08
17522348.48979592	6.537991805226553e-09	chr18	1.7237218913161174e-08
19114314.897959184	6.355840195170108e-09	chr18	1.675698166731181e-08
20706281.30612245	7.135038998618802e-09	chr18	1.8811315895932484e-08
22298247.714285716	8.082502636570969e-09	chr18	2.1309275303985865e-08
23890214.12244898	8.591439752200225e-09	chr18	2.2651072714640515e-08
25482180.530612245	8.49637735430544e-09	chr18	2.2400443559429198e-08
27074146.93877551	8.003260617126284e-09	chr18	2.110035610112038e-08
28666113.346938774	7.430883931317488e-09	chr18	1.9591302170188752e-08
30258079.755102042	7.0001594739517345e-09	chr18	1.8455710082580015e-08
31850046.163265307	6.779271204589101e-09	chr18	1.7873344798593384e-08
33442012.57142857	6.727734176508296e-09	chr18	1.7737468972861633e-08
35033978.97959184	6.768268335397516e-09	chr18	1.7844336064630667e-08
36625945.3877551	6.861009891171254e-09	chr18	1.8088846389336356e-08
38217911.79591837	7.048763067781715e-09	chr18	1.8583851997065744e-08
39809878.20408163	7.435180948388609e-09	chr18	1.9602631126561762e-08
41401844.6122449	8.084062223513193e-09	chr18	2.1313387108089952e-08
42993811.02040816	8.887790365811301e-09	chr18	2.3432392201425454e-08
44585777.42857143	9.537580957346279e-09	chr18	2.5145545568342653e-08
46177743.8367347	9.706723626765313e-09	chr18	2.5591485133149327e-08
47769710.24489796	9.347431715520997e-09	chr18	2.4644222806681522e-08
49361676.653061226	8.821236902727505e-09	chr18	2.3256925996085875e-08
50953643.06122449	8.690908527372362e-09	chr18	2.2913319151122047e-08
52545609.469387755	9.305948890951332e-09	chr18	2.4534854586355524e-08
54137575.87755102	1.0513265540879936e-08	chr18	2.7717908651318915e-08
55729542.28571428	1.1751046139857109e-08	chr18	3.098128000243886e-08
57321508.69387755	1.2467725303268874e-08	chr18	3.287078307895759e-08
58913475.10204082	1.250323047910048e-08	chr18	3.296439140802744e-08
60505441.510204084	1.2126820173468034e-08	chr18	3.197199694920148e-08
62097407.91836735	1.179051496619894e-08	chr18	3.108533837696234e-08
63689374.32653061	1.1863110813942476e-08	chr18	3.127673514787011e-08
65281340.73469388	1.2501968234709635e-08	chr18	3.296106353862426e-08
66873307.14285714	1.3658747770320082e-08	chr18	3.601087802044147e-08
68465273.55102041	1.5134430765125122e-08	chr18	3.9901471888660966e-08
70057239.95918368	1.6600530222689296e-08	chr18	4.376679904895171e-08
71649206.36734694	1.7599060299040704e-08	chr18	4.6399393587183674e-08
73241172.7755102	1.760445918697965e-08	chr18	4.641362759298601e-08
74833139.18367347	1.6203312858091025e-08	chr18	4.271954740446114e-08
76425105.59183674	1.336869611813094e-08	chr18	3.524616555614754e-08
78017072.0	9.641535678665648e-09	chr18	2.541961906702862e-08
64704.0	1.7926408633983275e-08	chr19	4.7262437634708046e-08
1269889.2653061224	2.331882021388076e-08	chr19	6.147936871104447e-08
2475074.5306122447	2.6823802348784476e-08	chr19	7.07201487771432e-08
3680259.795918367	2.813483818395522e-08	chr19	7.417665535700333e-08
4885445.0612244895	2.7792668431787095e-08	chr19	7.327453508838062e-08
6090630.326530612	2.6466169735436563e-08	chr19	6.977726113971363e-08
7295815.591836734	2.4424052133121446e-08	chr19	6.43932794514243e-08
8501000.857142856	2.1712765720961902e-08	chr19	5.724505430600384e-08
9706186.122448979	1.868801809131845e-08	chr19	4.927039808089974e-08
10911371.387755102	1.6137231933080882e-08	chr19	4.254532703155192e-08
12116556.653061224	1.4775413350888966e-08	chr19	3.895493326530593e-08
13321741.918367347	1.4678315706698673e-08	chr19	3.8698938244400215e-08
14526927.183673467	1.5241101947746624e-08	chr19	4.0182707255934253e-08
15732112.44897959	1.5615702589430935e-08	chr19	4.1170330590145414e-08
16937297.714285713	1.5183084590997414e-08	chr19	4.002974623841667e-08
18142482.979591835	1.378288644901818e-08	chr19	3.633816591618326e-08
19347668.244897958	1.168367885964237e-08	chr19	3.0803668192690575e-08
20552853.51020408	9.358479668081829e-09	chr19	2.46733504015924e-08
21758038.775510203	7.2123038786828595e-09	chr19	1.9015022430238417e-08
22963224.040816326	5.473417416597103e-09	chr19	1.4430500530387874e-08
24168409.30612245	4.296441028036902e-09	chr19	1.1327437652729371e-08
25373594.57142857	3.874692109185435e-09	chr19	1.0215509302678481e-08
26578779.836734693	4.364260392568312e-09	chr19	1.1506241369192407e-08
27783965.102040816	5.688923467572341e-09	chr19	1.4998675757343874e-08
28989150.367346935	7.483115016104217e-09	chr19	1.972900785556771e-08
30194335.632653058	9.287693293499163e-09	chr19	2.4486724252294535e-08
31399520.89795918	1.0795081072011617e-08	chr19	2.8460906829958764e-08
32604706.163265303	1.1870738658539334e-08	chr19	3.1296845730915886e-08
33809891.428571425	1.2398922308409496e-08	chr19	3.268938605069516e-08
35015076.69387755	1.2266537540244158e-08	chr19	3.2340357587886475e-08
36220261.95918367	1.1563647563184152e-08	chr19	3.0487209286788174e-08
37425447.22448979	1.0672995692385798e-08	chr19	2.813903239551479e-08
38630632.489795916	1.0027515811539777e-08	chr19	2.6437244087782503e-08
39835817.75510204	9.814822142549193e-09	chr19	2.587648362141066e-08
41041003.02040816	9.991023524656195e-09	chr19	2.6341033270089013e-08
42246188.28571428	1.0497487967481961e-08	chr19	2.7676311553206627e-08
43451373.551020406	1.1334791519237738e-08	chr19	2.988383720456091e-08
44656558.81632653	1.2475517166316241e-08	chr19	3.289132609171901e-08
45861744.08163265	1.386750510589401e-08	chr19	3.6561260462055946e-08
47066929.346938774	1.557361788393023e-08	chr19	4.105937552883261e-08
48272114.6122449	1.783112769685493e-08	chr19	4.701123230737504e-08
49477299.87755102	2.0887968376942755e-08	chr19	5.507050089550759e-08
50682485.14285714	2.4697583495768434e-08	chr19	6.51144366688121e-08
51887670.408163264	2.866690200730888e-08	chr19	7.557942563756393e-08
53092855.67346939	3.166021240312957e-08	chr19	8.347119854045371e-08
54298040.93877551	3.239097650454498e-08	chr19	8.539783613273507e-08
55503226.20408163	3.009236271540742e-08	chr19	7.933760995617411e-08
56708411.469387755	2.5034854868194886e-08	chr19	6.600364250645319e-08
57913596.73469387	1.845991916005241e-08	chr19	4.8669022103501336e-08
59118782.0	1.1956628119361578e-08	chr19	3.1523290713202784e-08
11007.0	4.296221691795953e-09	chr1	1.1326859379321654e-08
5097323.959183673	5.883243885001867e-09	chr1	1.5510995698132408e-08
10183640.918367347	6.754337369943398e-09	chr1	1.7807607492867647e-08
15269957.87755102	6.724986548182056e-09	chr1	1.7730224933351897e-08
20356274.836734693	5.983963582799742e-09	chr1	1.577654015452367e-08
25442591.795918368	5.004985177478673e-09	chr1	1.3195493009391625e-08
30528908.75510204	4.246320612579492e-09	chr1	1.1195296683606814e-08
35615225.71428572	3.818983990025856e-09	chr1	1.0068636520668189e-08
40701542.67346939	3.574174671112444e-09	chr1	9.423204108422125e-09
45787859.63265306	3.453168009749824e-09	chr1	9.104173682261172e-09
50874176.591836736	3.521652118363404e-09	chr1	9.2847299765198e-09
55960493.551020406	3.7049777008377394e-09	chr1	9.768062365368428e-09
61046810.51020408	3.764092292262466e-09	chr1	9.923916209133652e-09
66133127.469387755	3.588575469201906e-09	chr1	9.461171379808706e-09
71219444.42857143	3.3370472073002276e-09	chr1	8.798024676293386e-09
76305761.3877551	3.2243250084923377e-09	chr1	8.500835986691298e-09
81392078.34693877	3.2690797802055613e-09	chr1	8.618830597331935e-09
86478395.30612245	3.323626771688305e-09	chr1	8.762642101116744e-09
91564712.26530612	3.3022497458590344e-09	chr1	8.706282214945447e-09
96651029.2244898	3.2845216490852e-09	chr1	8.659542620570307e-09
101737346.18367347	3.375853637934586e-09	chr1	8.900336664440588e-09
106823663.14285713	3.5071645477477195e-09	chr1	9.24653393197554e-09
111909980.10204081	3.416457252138289e-09	chr1	9.007386873058969e-09
116996297.06122449	2.8911820411355456e-09	chr1	7.622514564948533e-09
122082614.02040815	2.048256384065978e-09	chr1	5.400166401891317e-09
127168930.97959183	1.321051012325227e-09	chr1	3.4829112934493887e-09
132255247.93877551	1.1472280892597686e-09	chr1	3.024632380556035e-09
137341564.89795917	1.6469087914657519e-09	chr1	4.3420255353962115e-09
142427881.85714287	2.5316775806912017e-09	chr1	6.674691858902434e-09
147514198.81632653	3.3512625360408084e-09	chr1	8.835502963315413e-09
152600515.7755102	3.879923693725931e-09	chr1	1.0229302218098651e-08
157686832.73469388	4.162779928387245e-09	chr1	1.09750441803189e-08
162773149.69387755	4.231065002184545e-09	chr1	1.1155075725265847e-08
167859466.6530612	4.029893763672036e-09	chr1	1.0624693800574567e-08
172945783.6122449	3.6149636110486043e-09	chr1	9.530742922764676e-09
178032100.57142857	3.178024493820802e-09	chr1	8.378766071194112e-09
183118417.53061223	2.877862405915801e-09	chr1	7.587397746976591e-09
188204734.48979592	2.7980283428167975e-09	chr1	7.376917638808734e-09
193291051.4489796	2.996220144838249e-09	chr1	7.89944436873009e-09
198377368.40816325	3.4231995011953916e-09	chr1	9.025162610078313e-09
203463685.36734694	3.852970129691226e-09	chr1	1.0158239956536206e-08
208550002.3265306	4.059006102571841e-09	chr1	1.0701447607192818e-08
213636319.28571427	4.043221524233328e-09	chr1	1.0659832040765314e-08
218722636.24489796	4.036576586711072e-09	chr1	1.0642312862683164e-08
223808953.20408162	4.319711233600421e-09	chr1	1.1388788850375715e-08
228895270.1632653	4.967123630549111e-09	chr1	1.3095672178736245e-08
233981587.12244898	5.647123704409673e-09	chr1	1.4888471937942138e-08
239067904.08163264	5.761094203274439e-09	chr1	1.5188951733129964e-08
244154221.0408163	4.936472182989559e-09	chr1	1.3014860558390236e-08
249240538.0	3.40872420972242e-09	chr1	8.9869989391248e-09
61097.0	1.488261866546608e-08	chr20	3.923757685542832e-08
1344811.3673469387	1.917677221223244e-08	chr20	5.0558983632531847e-08
2628525.7346938774	2.211059682661454e-08	chr20	5.829392406033994e-08
3912240.102040816	2.3454235557105793e-08	chr20	6.183638719392246e-08
5195954.469387755	2.344869950050236e-08	chr20	6.182179154705843e-08
6479668.8367346935	2.2531600586877866e-08	chr20	5.9403887822166886e-08
7763383.204081632	2.1162367732354327e-08	chr20	5.5793946549734077e-08
9047097.57142857	1.969326916738829e-08	chr20	5.192071233290823e-08
10330811.93877551	1.831043644613276e-08	chr20	4.827491542054303e-08
11614526.306122448	1.713562156486242e-08	chr20	4.51775512918961e-08
12898240.673469387	1.6337444453129065e-08	chr20	4.3073181323823647e-08
14181955.040816326	1.602856914080572e-08	chr20	4.2258840845279096e-08
15465669.408163264	1.6052454378749707e-08	chr20	4.2321813557313444e-08
16749383.775510203	1.5977711743917677e-08	chr20	4.212475684676262e-08
18033098.14285714	1.5370022097411788e-08	chr20	4.052260135618679e-08
19316812.51020408	1.4075104829305655e-08	chr20	3.710859089399341e-08
20600526.87755102	1.2262946976566228e-08	chr20	3.23308911746541e-08
21884241.244897958	1.024397018382993e-08	chr20	2.7007919535386094e-08
23167955.612244897	8.256759198757484e-09	chr20	2.1768697493390055e-08
24451669.979591835	6.423406657015339e-09	chr20	1.693511861344303e-08
25735384.346938774	4.870177360600842e-09	chr20	1.2840076251470497e-08
27019098.714285713	3.797864391152091e-09	chr20	1.0012955332928823e-08
28302813.08163265	3.358885878810597e-09	chr20	8.855601677429411e-09
29586527.44897959	3.491231973251744e-09	chr20	9.204528178126501e-09
30870241.81632653	3.951620256275805e-09	chr20	1.0418328050618872e-08
32153956.183673467	4.541087578842858e-09	chr20	1.1972440931751671e-08
33437670.551020406	5.264941281470885e-09	chr20	1.3880859465303079e-08
34721384.91836734	6.252317080330558e-09	chr20	1.648404608613914e-08
36005099.28571428	7.561886598878549e-09	chr20	1.9936686766289486e-08
37288813.653061226	9.103176204999247e-09	chr20	2.400025049361689e-08
38572528.02040816	1.0697805627923192e-08	chr20	2.8204443044964917e-08
39856242.387755096	1.2150471621678967e-08	chr20	3.203435328163054e-08
41139956.75510204	1.3297909660668513e-08	chr20	3.5059539188339675e-08
42423671.12244898	1.4082040022944354e-08	chr20	3.712687532360371e-08
43707385.489795916	1.4592643399134853e-08	chr20	3.847306578015321e-08
44991099.85714285	1.500533181682661e-08	chr20	3.9561106391184915e-08
46274814.22448979	1.548598634762649e-08	chr20	4.082833761689202e-08
47558528.591836736	1.6155081174506867e-08	chr20	4.259238602016179e-08
48842242.95918367	1.7077169827240923e-08	chr20	4.5023445042262846e-08
50125957.326530606	1.8242539547932592e-08	chr20	4.809590728889237e-08
51409671.69387755	1.9593116793838123e-08	chr20	5.165666360984668e-08
52693386.06122449	2.107457976965209e-08	chr20	5.5562496224294825e-08
53977100.428571425	2.2612817903749327e-08	chr20	5.961801483733595e-08
55260814.79591836	2.402967812683796e-08	chr20	6.335352423568137e-08
56544529.1632653	2.5018658172030126e-08	chr20	6.596094040376185e-08
57828243.530612245	2.5187088794811934e-08	chr20	6.640500267900808e-08
59111957.89795918	2.4102301610583276e-08	chr20	6.354499386807731e-08
60395672.265306115	2.1432554001747635e-08	chr20	5.650628452928611e-08
61679386.63265306	1.7257994096028485e-08	chr20	4.550018279274638e-08
62963101.0	1.2279348471475628e-08	chr20	3.2374133223081024e-08
9411244.0	1.9924642485070477e-08	chr21	5.253072113169014e-08
10201211.122448979	2.1168639821951594e-08	chr21	5.5810482725466914e-08
10991178.24489796	1.8352272030959685e-08	chr21	4.838521368268605e-08
11781145.367346939	1.3722946698079628e-08	chr21	3.618013656415773e-08
12571112.48979592	1.0570461309361593e-08	chr21	2.786870357605967e-08
13361079.612244898	1.0962186415046538e-08	chr21	2.8901475044979955e-08
14151046.734693877	1.4735797250500383e-08	chr21	3.8850486607184103e-08
14941013.857142858	2.0032093645433895e-08	chr21	5.2814012886839905e-08
15730980.979591837	2.4696863778097593e-08	chr21	6.511253915480206e-08
16520948.102040816	2.7591523727968173e-08	chr21	7.274422312161155e-08
17310915.224489797	2.8895308557060506e-08	chr21	7.618161264185495e-08
18100882.346938774	2.9349362776239005e-08	chr21	7.737871294537132e-08
18890849.469387755	2.9420283978501794e-08	chr21	7.756569456379595e-08
19680816.591836736	2.9175234545397646e-08	chr21	7.691962909770199e-08
20470783.714285716	2.8592941565557928e-08	chr21	7.538443115556472e-08
21260750.836734697	2.765762372231979e-08	chr21	7.291849377026649e-08
22050717.959183674	2.625477129263203e-08	chr21	6.921991549825686e-08
22840685.08163265	2.4319326265327557e-08	chr21	6.411717284823295e-08
23630652.204081632	2.214905173776359e-08	chr21	5.8395309277928084e-08
24420619.326530613	2.036857581344302e-08	chr21	5.370113801075208e-08
25210586.448979594	1.9546381599574427e-08	chr21	5.153344767466786e-08
26000553.571428575	1.9918819151795967e-08	chr21	5.251536808851612e-08
26790520.69387755	2.1269636017290997e-08	chr21	5.6076756159317045e-08
27580487.816326533	2.2783581678739544e-08	chr21	6.006822839826319e-08
28370454.93877551	2.3239034692052713e-08	chr21	6.126901658047872e-08
29160422.06122449	2.188501616446163e-08	chr21	5.769918742377868e-08
29950389.18367347	1.925530844353831e-08	chr21	5.076604204617986e-08
30740356.306122452	1.6848063751363107e-08	chr21	4.441941375836245e-08
31530323.42857143	1.5913622637045467e-08	chr21	4.195578784251546e-08
32320290.55102041	1.6649788116398658e-08	chr21	4.389666600540625e-08
33110257.67346939	1.8440885104730554e-08	chr21	4.861883938866132e-08
33900224.79591837	2.055411924785063e-08	chr21	5.4190317699571356e-08
34690191.91836735	2.2512469596062098e-08	chr21	5.93534495398103e-08
35480159.04081633	2.404964024807799e-08	chr21	6.340615376842419e-08
36270126.1632653	2.50395675941344e-08	chr21	6.601606746676472e-08
37060093.28571428	2.560468411063246e-08	chr21	6.750598017949298e-08
37850060.408163264	2.6188375582722354e-08	chr21	6.904486520442001e-08
38640027.530612245	2.7369504972178605e-08	chr21	7.215887734413396e-08
39429994.653061226	2.9537296854797927e-08	chr21	7.787419549565131e-08
40219961.77551021	3.267554268817238e-08	chr21	8.61480863240166e-08
41009928.89795919	3.6322064470812325e-08	chr21	9.5762031417788e-08
41799896.02040817	3.963301651073026e-08	chr21	1.0449125696949629e-07
42589863.14285715	4.157985785660853e-08	chr21	1.096240456709551e-07
43379830.26530612	4.139135258191306e-08	chr21	1.091270571792268e-07
44169797.3877551	3.904816109529032e-08	chr21	1.0294930324290597e-07
44959764.510204084	3.5253368032101394e-08	chr21	9.294444537385173e-08
45749731.632653065	3.0723076422949505e-08	chr21	8.100046769174719e-08
46539698.755102046	2.5604921370831333e-08	chr21	6.75066057088771e-08
47329665.87755102	1.9789066974134374e-08	chr21	5.217328037145531e-08
48119633.0	1.3642644676549085e-08	chr21	3.596842269764832e-08
16050606.0	1.935752514464443e-08	chr22	5.1035533306805e-08
16768843.346938776	2.790886773972087e-08	chr22	7.358089107169817e-08
17487080.69387755	3.58365050563471e-08	chr22	9.448186861369997e-08
18205318.040816326	4.145006411796931e-08	chr22	1.0928184837962576e-07
18923555.387755103	4.399835213087063e-08	chr22	1.1600033314386942e-07
19641792.734693877	4.411041399593422e-08	chr22	1.1629578088339918e-07
20360030.08163265	4.305589687859934e-08	chr22	1.1351557819415046e-07
21078267.42857143	4.153789822367894e-08	chr22	1.095134203597173e-07
21796504.775510203	3.939219773399305e-08	chr22	1.0385634550177303e-07
22514742.12244898	3.6371623702151256e-08	chr22	9.589269284184703e-08
23232979.469387755	3.290700566100594e-08	chr22	8.675833149591076e-08
23951216.81632653	3.005468316272071e-08	chr22	7.923826894787066e-08
24669454.163265307	2.8832579826461527e-08	chr22	7.601623022876979e-08
25387691.510204084	2.9476060866958935e-08	chr22	7.77127486539926e-08
26105928.85714286	3.1042434436555964e-08	chr22	8.184244549719599e-08
26824166.204081632	3.173212088195785e-08	chr22	8.366078308387339e-08
27542403.551020406	2.9979007506695134e-08	chr22	7.903875235498244e-08
28260640.897959184	2.5629379615406642e-08	chr22	6.75710891356748e-08
28978878.24489796	2.014002972934012e-08	chr22	5.3098583128337245e-08
29697115.591836736	1.5531184436299042e-08	chr22	4.094750101937326e-08
30415352.93877551	1.3105823672109968e-08	chr22	3.455311025211988e-08
31133590.285714284	1.3005475012395651e-08	chr22	3.428854402648539e-08
31851827.63265306	1.455239295010519e-08	chr22	3.8366946680902785e-08
32570064.97959184	1.674063206353283e-08	chr22	4.413617334196112e-08
33288302.326530613	1.8670568464036727e-08	chr22	4.922439266297191e-08
34006539.67346939	1.99824141709683e-08	chr22	5.268303444539101e-08
34724777.02040817	2.0989309676272177e-08	chr22	5.533768418565625e-08
35443014.36734694	2.2191858786383015e-08	chr22	5.850816877516536e-08
36161251.71428572	2.3551216423617945e-08	chr22	6.209207433398918e-08
36879489.06122449	2.4326373931181047e-08	chr22	6.413575380745751e-08
37597726.408163264	2.3706022743419425e-08	chr22	6.250021654386865e-08
38315963.75510204	2.1543462415482715e-08	chr22	5.679869122905204e-08
39034201.10204081	1.8429883309516827e-08	chr22	4.858983348620895e-08
39752438.44897959	1.5228028410734043e-08	chr22	4.0148239268489695e-08
40470675.79591837	1.2764139734753971e-08	chr22	3.365227081964951e-08
41188913.14285714	1.1855292108879289e-08	chr22	3.125612136694064e-08
41907150.48979592	1.3215256420116154e-08	chr22	3.484162640353865e-08
42625387.8367347	1.7039005404404134e-08	chr22	4.492282568838016e-08
43343625.18367347	2.2632684960129025e-08	chr22	5.967039373443142e-08
44061862.530612245	2.850891835544881e-08	chr22	7.516290648719796e-08
44780099.87755102	3.3055027265356866e-08	chr22	8.714858600740075e-08
45498337.22448979	3.5474290044702876e-08	chr22	9.352689962087353e-08
46216574.57142857	3.6286491584957174e-08	chr22	9.566824457327591e-08
46934811.91836734	3.6782183616685156e-08	chr22	9.697512171826932e-08
47653049.26530612	3.772734928022768e-08	chr22	9.946702258585097e-08
48371286.6122449	3.845526530199607e-08	chr22	1.0138615130173414e-07
49089523.95918368	3.7266687349003304e-08	chr22	9.825250124810221e-08
49807761.30612245	3.288320965766263e-08	chr22	8.669559404821942e-08
50525998.653061226	2.5648360323932687e-08	chr22	6.762113120329085e-08
51244236.0	1.7381468460558434e-08	chr22	4.5825719244147985e-08
10180.0	3.884597380496671e-09	chr2	1.0241624252814934e-08
4972951.693877551	5.429323472491016e-09	chr2	1.43142481718741e-08
9935723.387755102	6.152332896858005e-09	chr2	1.6220440791162737e-08
14898495.081632651	5.992795760712287e-09	chr2	1.5799825926163337e-08
19861266.775510203	5.440226694778269e-09	chr2	1.4342994189768158e-08
24824038.469387755	5.03139726533048e-09	chr2	1.326512768527043e-08
29786810.163265303	4.9684012976788716e-09	chr2	1.3099040709727095e-08
34749581.85714286	5.1021172597510815e-09	chr2	1.3451578825265888e-08
39712353.551020406	5.166735565028366e-09	chr2	1.3621943045204436e-08
44675125.244897954	4.996170309497899e-09	chr2	1.317225287486687e-08
49637896.93877551	4.606829187154813e-09	chr2	1.2145766706383351e-08
54600668.63265306	4.189305298190932e-09	chr2	1.104497752065946e-08
59563440.326530606	3.968108794856199e-09	chr2	1.0461799587068512e-08
64526212.02040816	3.994060978331531e-09	chr2	1.05302217388799e-08
69488983.71428572	4.099497899228979e-09	chr2	1.080820301221005e-08
74451755.40816326	4.0566221635316175e-09	chr2	1.0695162423555986e-08
79414527.10204081	3.756767865244806e-09	chr2	9.904605577417051e-09
84377298.79591836	3.2649483232609047e-09	chr2	8.607938135256896e-09
89340070.48979591	2.7552217229591887e-09	chr2	7.2640592719890915e-09
94302842.18367347	2.42338261370143e-09	chr2	6.389175432940568e-09
99265613.87755102	2.3860654342517343e-09	chr2	6.290789810786391e-09
104228385.57142857	2.5795577744876483e-09	chr2	6.800926550939545e-09
109191157.26530612	2.8325137385296144e-09	chr2	7.467837348242082e-09
114153928.95918366	3.0635424661366935e-09	chr2	8.076937645646678e-09
119116700.65306121	3.2991970143490804e-09	chr2	8.698233780060884e-09
124079472.34693877	3.5259627151339523e-09	chr2	9.296094735362249e-09
129042244.04081632	3.6408230198969578e-09	chr2	9.59892047706012e-09
134005015.73469387	3.552115196311088e-09	chr2	9.365044966045047e-09
138967787.42857143	3.2920777596448083e-09	chr2	8.679464078982643e-09
143930559.12244898	3.0102851373500287e-09	chr2	7.936526298802825e-09
148893330.81632653	2.84711354100324e-09	chr2	7.506329288706985e-09
153856102.51020408	2.8465312648445916e-09	chr2	7.504794135113412e-09
158818874.20408162	3.0118115511103814e-09	chr2	7.940550642809838e-09
163781645.89795917	3.3410383410715e-09	chr2	8.808547180538823e-09
168744417.59183672	3.7035242699957763e-09	chr2	9.764230438632448e-09
173707189.28571427	3.826493571351255e-09	chr2	1.0088435306152838e-08
178669960.97959182	3.5776536106107774e-09	chr2	9.432376227859544e-09
183632732.67346936	3.151476261179507e-09	chr2	8.308772453669277e-09
188595504.36734694	2.8595063465504296e-09	chr2	7.539002548100546e-09
193558276.0612245	2.8478754965813276e-09	chr2	7.508338161690138e-09
198521047.75510204	3.079636848511965e-09	chr2	8.119370001106791e-09
203483819.4489796	3.448420120555262e-09	chr2	9.091656015084428e-09
208446591.14285713	3.8386483164627786e-09	chr2	1.0120480926362016e-08
213409362.83673468	4.178624970283321e-09	chr2	1.1016819157098852e-08
218372134.53061223	4.48221458656979e-09	chr2	1.18172240568892e-08
223334906.22448978	4.8098394819761545e-09	chr2	1.2680997247765101e-08
228297677.91836733	5.140284474562249e-09	chr2	1.3552205540105115e-08
233260449.61224487	5.224779844365908e-09	chr2	1.3774975043317074e-08
238223221.30612242	4.688129167719855e-09	chr2	1.2360111661896311e-08
243185993.0	3.460638046015388e-09	chr2	9.123868208383986e-09
60196.0	5.814835468369264e-09	chr3	1.5330638963506913e-08
4099016.0816326533	7.68912875627943e-09	chr3	2.0272156890364673e-08
8137836.1632653065	8.393144774889456e-09	chr3	2.212827396616952e-08
12176656.24489796	7.96944331924878e-09	chr3	2.1011197811551993e-08
16215476.326530613	7.070617696793668e-09	chr3	1.8641471069675136e-08
20254296.408163264	6.30545523549822e-09	chr3	1.662414323531793e-08
24293116.48979592	5.834414782776952e-09	chr3	1.5382259237540465e-08
28331936.571428575	5.467584453633508e-09	chr3	1.4415122098827976e-08
32370756.653061226	4.996915654696099e-09	chr3	1.3174217955082628e-08
36409576.73469388	4.397429993589049e-09	chr3	1.159369202546267e-08
40448396.81632653	3.806455565089602e-09	chr3	1.0035605704831026e-08
44487216.89795919	3.4454469145336355e-09	chr3	9.08381724675992e-09
48526036.97959184	3.549820202740211e-09	chr3	9.358994284465134e-09
52564857.06122449	4.206015817324203e-09	chr3	1.1089034302165748e-08
56603677.14285715	5.185205622501135e-09	chr3	1.3670638796664734e-08
60642497.2244898	6.040415681222194e-09	chr3	1.5925374415502283e-08
64681317.30612245	6.419880834042596e-09	chr3	1.692582288713428e-08
68720137.38775511	6.2252148498315365e-09	chr3	1.641259186991129e-08
72758957.46938775	5.5097681557794554e-09	chr3	1.4526338161820899e-08
76797777.55102041	4.408028649234947e-09	chr3	1.1621635062559704e-08
80836597.63265306	3.1861724822965274e-09	chr3	8.400247997945032e-09
84875417.71428572	2.18083458005453e-09	chr3	5.749704831342969e-09
88914237.79591838	1.6252834363428151e-09	chr3	4.285010936505017e-09
92953057.87755102	1.5789297115820745e-09	chr3	4.162800734206726e-09
96991877.95918368	1.9603214782971566e-09	chr3	5.1683286654729776e-09
101030698.04081634	2.5827583250812607e-09	chr3	6.809364706395881e-09
105069518.12244898	3.2230935257493088e-09	chr3	8.49758921944812e-09
109108338.20408164	3.7262854616235814e-09	chr3	9.824239636334295e-09
113147158.2857143	4.0442193438050485e-09	chr3	1.0662462762079438e-08
117185978.36734694	4.193241737027591e-09	chr3	1.1055355823353495e-08
121224798.4489796	4.214996271062341e-09	chr3	1.1112710998563568e-08
125263618.53061225	4.162690468538346e-09	chr3	1.0974808322115746e-08
129302438.6122449	4.093760352272573e-09	chr3	1.079307614208564e-08
133341258.69387756	4.070351031835398e-09	chr3	1.0731358172255616e-08
137380078.77551022	4.137758830497759e-09	chr3	1.0909076807673384e-08
141418898.85714287	4.263781377720738e-09	chr3	1.1241331466166552e-08
145457718.9387755	4.313844056367746e-09	chr3	1.1373320213923604e-08
149496539.02040818	4.146485971994624e-09	chr3	1.093208565395969e-08
153535359.10204083	3.777040052833867e-09	chr3	9.958052590770903e-09
157574179.18367347	3.436356416646658e-09	chr3	9.059850422270756e-09
161612999.26530612	3.4272116282315865e-09	chr3	9.035740462435823e-09
165651819.3469388	3.872621169372637e-09	chr3	1.0210049332098427e-08
169690639.42857143	4.5835574415297105e-09	chr3	1.2084411448410924e-08
173729459.51020408	5.250741161722775e-09	chr3	1.3843421276332636e-08
177768279.59183675	5.802491944034746e-09	chr3	1.5298095632549547e-08
181807099.6734694	6.410251187953938e-09	chr3	1.6900434614613997e-08
185845919.75510204	7.051966611104289e-09	chr3	1.8592298042762046e-08
189884739.8367347	7.267481479055225e-09	chr3	1.9160496515409503e-08
193923559.91836736	6.537378136285408e-09	chr3	1.7235600993439973e-08
197962380.0	4.8743889409222985e-09	chr3	1.2851179956420583e-08
10455.0	5.559130054936919e-09	chr4	1.465647932551376e-08
3909096.326530612	7.735290192619712e-09	chr4	2.0393860130021125e-08
7807737.653061224	8.777199711809612e-09	chr4	2.3140823265647212e-08
11706378.979591835	8.49531785583831e-09	chr4	2.2397650223560917e-08
15605020.306122448	7.536452974032328e-09	chr4	1.9869631778719902e-08
19503661.63265306	6.650317803279694e-09	chr4	1.7533363031380088e-08
23402302.95918367	6.099507077253182e-09	chr4	1.6081167105308986e-08
27300944.285714284	5.763628141201379e-09	chr4	1.5195632384323823e-08
31199585.612244897	5.512856759656998e-09	chr4	1.4534481173124565e-08
35098226.93877551	5.30097591817145e-09	chr4	1.397586370204246e-08
38996868.26530612	5.049826333531758e-09	chr4	1.3313715369748264e-08
42895509.591836736	4.699152235845628e-09	chr4	1.2389173649741988e-08
46794150.91836734	4.351040950544e-09	chr4	1.1471388707569193e-08
50692792.244897954	4.17277972712462e-09	chr4	1.1001408349173606e-08
54591433.57142857	4.161281133388404e-09	chr4	1.0971092652346606e-08
58490074.89795918	4.144821481978319e-09	chr4	1.0927697276053361e-08
62388716.22448979	4.0128227224200115e-09	chr4	1.0579686513336685e-08
66287357.551020406	3.829066067394814e-09	chr4	1.0095217614662405e-08
70185998.87755102	3.7143812610142876e-09	chr4	9.792854569175821e-09
74084640.20408162	3.708013511445906e-09	chr4	9.77606618880394e-09
77983281.53061225	3.753745444232247e-09	chr4	9.89663705524797e-09
81881922.85714285	3.7681503689149134e-09	chr4	9.934615206273524e-09
85780564.18367347	3.7137994972206644e-09	chr4	9.791320766417241e-09
89679205.51020408	3.6231005586505206e-09	chr4	9.5521957405836e-09
93577846.83673468	3.554442766218299e-09	chr4	9.371181534156713e-09
97476488.1632653	3.5406563000474513e-09	chr4	9.334833930411504e-09
101375129.48979591	3.587586872656292e-09	chr4	9.458564974725739e-09
105273770.81632653	3.67713743703927e-09	chr4	9.694662346526137e-09
109172412.14285713	3.748876664852779e-09	chr4	9.883800664731744e-09
113071053.46938775	3.738321067833664e-09	chr4	9.855971150410214e-09
116969694.79591836	3.6592898685423106e-09	chr4	9.647607768543369e-09
120868336.12244898	3.5967051957469386e-09	chr4	9.482605159528166e-09
124766977.44897959	3.61850106056501e-09	chr4	9.540069302106386e-09
128665618.77551019	3.742644822124922e-09	chr4	9.8673705986606e-09
132564260.10204081	3.952685661577515e-09	chr4	1.042113695967901e-08
136462901.42857143	4.176077401579348e-09	chr4	1.1010102568770982e-08
140361542.75510204	4.296859516083533e-09	chr4	1.1328540983887808e-08
144260184.08163264	4.279230022592578e-09	chr4	1.1282061354104727e-08
148158825.40816325	4.2327731205850515e-09	chr4	1.1159579128095994e-08
152057466.73469388	4.2771224704021395e-09	chr4	1.1276504856091308e-08
155956108.0612245	4.406123599103322e-09	chr4	1.1616612455138704e-08
159854749.3877551	4.552215966727212e-09	chr4	1.2001780591975754e-08
163753390.7142857	4.724788266429584e-09	chr4	1.2456762273956368e-08
167652032.0408163	5.053377470267906e-09	chr4	1.3323077835033496e-08
171550673.36734694	5.713183666664941e-09	chr4	1.506263704317811e-08
175449314.69387755	6.724976371011006e-09	chr4	1.773019810154627e-08
179347956.02040815	7.739735760768184e-09	chr4	2.0405580736845276e-08
183246597.34693876	8.1010814422902e-09	chr4	2.1358257766929833e-08
187145238.67346936	7.29780101611648e-09	chr4	1.9240433063701405e-08
191043880.0	5.449905720845287e-09	chr4	1.4368512651117406e-08
10042.0	5.773871789661872e-09	chr5	1.5222639455645298e-08
3701171.7551020407	7.635276967488752e-09	chr5	2.0130178267585096e-08
7392301.510204081	8.423160261465416e-09	chr5	2.2207408894494343e-08
11083431.265306123	8.09030738107771e-09	chr5	2.132985227832781e-08
14774561.020408163	7.121702864821233e-09	chr5	1.8776155579955927e-08
18465690.775510203	6.10494924053425e-09	chr5	1.609551520525031e-08
22156820.530612245	5.458835927030903e-09	chr5	1.4392056871353055e-08
25847950.285714284	5.316836432623205e-09	chr5	1.4017679471750476e-08
29539080.040816326	5.452740730394172e-09	chr5	1.4375987068594645e-08
33230209.795918368	5.402857691073844e-09	chr5	1.4244471934523822e-08
36921339.551020406	4.850242620887647e-09	chr5	1.2787518909300303e-08
40612469.306122445	3.939570482589586e-09	chr5	1.038655918441788e-08
44303599.06122449	3.170870503084717e-09	chr5	8.359904789611893e-09
47994728.81632653	2.9557983684610103e-09	chr5	7.792873570076548e-09
51685858.57142857	3.2666175038465636e-09	chr5	8.612338879708366e-09
55376988.32653061	3.724314408480541e-09	chr5	9.819043013957237e-09
59068118.08163265	4.012822815820874e-09	chr5	1.0579686759585251e-08
62759247.83673469	4.1425454662102925e-09	chr5	1.0921696628880339e-08
66450377.591836736	4.319485449722818e-09	chr5	1.1388193577967726e-08
70141507.34693877	4.654702499964975e-09	chr5	1.2271983256906913e-08
73832637.10204081	5.015390265776293e-09	chr5	1.3222925711992057e-08
77523766.85714285	5.115957013493292e-09	chr5	1.3488066920091585e-08
81214896.61224489	4.780700110058573e-09	chr5	1.2604172169407883e-08
84906026.36734694	4.140353277914511e-09	chr5	1.0915916990318686e-08
88597156.12244898	3.536182763056467e-09	chr5	9.323039584574595e-09
92288285.87755102	3.2300736282291085e-09	chr5	8.515992049868376e-09
95979415.63265306	3.2575262572006863e-09	chr5	8.588370081138864e-09
99670545.3877551	3.536181707785847e-09	chr5	9.323036802385318e-09
103361675.14285713	3.991932442085483e-09	chr5	1.0524609917034482e-08
107052804.89795919	4.541581113637625e-09	chr5	1.1973742121406247e-08
110743934.65306123	5.053499335014761e-09	chr5	1.3323399127776268e-08
114435064.40816326	5.390947951196999e-09	chr5	1.4213072263252916e-08
118126194.1632653	5.4763706637978974e-09	chr5	1.4438286677881067e-08
121817323.91836734	5.310202059495064e-09	chr5	1.4000188146375926e-08
125508453.67346938	4.966742211016168e-09	chr5	1.3094666577600151e-08
129199583.42857142	4.592219423571117e-09	chr5	1.2107248503751104e-08
132890713.18367347	4.358004318733356e-09	chr5	1.1489747418535597e-08
136581842.9387755	4.3673952828744e-09	chr5	1.1514506413273922e-08
140272972.69387755	4.598145879337242e-09	chr5	1.2122873426275202e-08
143964102.4489796	4.910560337790973e-09	chr5	1.2946544757233233e-08
147655232.20408162	5.128529342151767e-09	chr5	1.3521213486772976e-08
151346361.95918366	5.196681292543297e-09	chr5	1.370089405586127e-08
155037491.7142857	5.28445485578092e-09	chr5	1.3932306417544809e-08
158728621.46938774	5.680561149826284e-09	chr5	1.49766287579128e-08
162419751.22448978	6.534225458730264e-09	chr5	1.7227289053810867e-08
166110880.97959185	7.654547618915742e-09	chr5	2.0180984760946056e-08
169802010.73469388	8.522156195719435e-09	chr5	2.246840870010519e-08
173493140.48979592	8.53928398708747e-09	chr5	2.2513565607318463e-08
177184270.24489796	7.408429131220964e-09	chr5	1.9532100764551378e-08
180875400.0	5.395548284023463e-09	chr5	1.4225200902499569e-08
63978.0	6.313770736659594e-09	chr6	1.664606680423043e-08
3553558.1428571427	8.176066540173945e-09	chr6	2.1555953724029942e-08
7043138.285714285	8.996041663132138e-09	chr6	2.3717793493617547e-08
10532718.42857143	8.837912472916882e-09	chr6	2.330089063575188e-08
14022298.57142857	8.213270604810155e-09	chr6	2.165404112237772e-08
17511878.714285713	7.577370234295283e-09	chr6	1.9977508905747733e-08
21001458.85714286	7.1347950323961844e-09	chr6	1.8810672686318286e-08
24491039.0	6.974133003841365e-09	chr6	1.838709207628783e-08
27980619.14285714	7.119616975726208e-09	chr6	1.877065619604254e-08
31470199.285714284	7.405571431488369e-09	chr6	1.9524566525086678e-08
34959779.428571425	7.513921476661051e-09	chr6	1.9810228163022565e-08
38449359.57142857	7.231556497165287e-09	chr6	1.906578138028297e-08
41938939.71428572	6.570510621864719e-09	chr6	1.7322953795964316e-08
45428519.85714286	5.672349501499232e-09	chr6	1.4954978993876975e-08
48918100.0	4.705491511028645e-09	chr6	1.2405886958252576e-08
52407680.14285714	3.804041822119772e-09	chr6	1.0029241944029459e-08
55897260.28571428	3.0575395592816125e-09	chr6	8.061111162124074e-09
59386840.428571425	2.5706110757495303e-09	chr6	6.7773388485848624e-09
62876420.57142857	2.4460911562476544e-09	chr6	6.449045822921049e-09
66366000.71428571	2.6475893275006726e-09	chr6	6.98028969595762e-09
69855580.85714285	2.965795227272417e-09	chr6	7.81922998790479e-09
73345161.0	3.1889890750120556e-09	chr6	8.407673859994594e-09
76834741.14285713	3.2730517858502593e-09	chr6	8.629302670846504e-09
80324321.28571428	3.3244544655378642e-09	chr6	8.76482429107705e-09
83813901.42857143	3.4487602673189407e-09	chr6	9.092552801804695e-09
87303481.57142857	3.6355343486840192e-09	chr6	9.584977054343639e-09
90793061.71428572	3.794357823625086e-09	chr6	1.0003710373024095e-08
94282641.85714285	3.898542019776828e-09	chr6	1.0278388875209382e-08
97772222.0	4.0389630494746034e-09	chr6	1.0648604700040656e-08
101261802.14285713	4.280000029940467e-09	chr6	1.1284091455336988e-08
104751382.28571428	4.507674884972341e-09	chr6	1.1884349368488452e-08
108240962.42857142	4.515763822599546e-09	chr6	1.1905675609451857e-08
111730542.57142857	4.254402243132201e-09	chr6	1.1216603659687905e-08
115220122.71428572	3.923287350336931e-09	chr6	1.0343629195578404e-08
118709702.85714285	3.787309884954788e-09	chr6	9.98512869452622e-09
122199283.0	3.949832759110289e-09	chr6	1.0413615368060286e-08
125688863.14285713	4.32788252745414e-09	chr6	1.1410332221055336e-08
129178443.28571428	4.766276693287192e-09	chr6	1.2566145264546164e-08
132668023.42857142	5.114046591773478e-09	chr6	1.3483030150639751e-08
136157603.57142857	5.28269462453274e-09	chr6	1.3927665620757877e-08
139647183.7142857	5.348941622815765e-09	chr6	1.4102323840860181e-08
143136763.85714287	5.551507547605064e-09	chr6	1.463638281400677e-08
146626344.0	6.0682805030244455e-09	chr6	1.599883918078352e-08
150115924.14285713	6.819846086866693e-09	chr6	1.7980319256352032e-08
153605504.28571427	7.582114155289313e-09	chr6	1.9990016110883026e-08
157095084.42857143	8.217461142659018e-09	chr6	2.1665089349481183e-08
160584664.57142857	8.626796327545293e-09	chr6	2.274428926299339e-08
164074244.7142857	8.524170334833228e-09	chr6	2.2473718917349304e-08
167563824.85714287	7.539121478675063e-09	chr6	1.987666721101592e-08
171053405.0	5.678251575265484e-09	chr6	1.4970539633991142e-08
16863.0	5.427833551099199e-09	chr7	1.4310320038900054e-08
3264040.612244898	7.56065176439654e-09	chr7	1.993343116228722e-08
6511218.224489796	9.013341293684326e-09	chr7	2.376340344967569e-08
9758395.836734693	9.564923900733169e-09	chr7	2.5217634416865406e-08
13005573.448979592	9.439205502459329e-09	chr7	2.4886181637936287e-08
16252751.06122449	9.010418256053218e-09	chr7	2.375569694880511e-08
19499928.673469387	8.531805736771231e-09	chr7	2.2493849425097898e-08
22747106.285714287	8.100760047371724e-09	chr7	2.135741041888591e-08
25994283.897959184	7.741084837236194e-09	chr7	2.040913753641041e-08
29241461.51020408	7.433256544015387e-09	chr7	1.9597557492264433e-08
32488639.12244898	7.117959202651906e-09	chr7	1.8766285527151943e-08
35735816.73469388	6.74428819386219e-09	chr7	1.7781113142129824e-08
38982994.346938774	6.3161814653689554e-09	chr7	1.6652422618024856e-08
42230171.95918367	5.875412394501514e-09	chr7	1.5490348208782084e-08
45477349.571428575	5.439696812122864e-09	chr7	1.4341597170071344e-08
48724527.18367347	4.969776104657311e-09	chr7	1.3102665347009717e-08
51971704.79591837	4.417832038352272e-09	chr7	1.1647481403353699e-08
55218882.408163264	3.82082441180934e-09	chr7	1.007348873739154e-08
58466060.02040816	3.3409811351927798e-09	chr7	8.808396358958743e-09
61713237.632653065	3.1822109604359197e-09	chr7	8.38980356461216e-09
64960415.24489796	3.4349094740961554e-09	chr7	9.056035601720225e-09
68207592.85714285	4.000638351818767e-09	chr7	1.054756278641417e-08
71454770.46938775	4.647658275682586e-09	chr7	1.2253411371281134e-08
74701948.08163266	5.1081811639533665e-09	chr7	1.3467566126461289e-08
77949125.69387755	5.18352291340095e-09	chr7	1.3666202384691279e-08
81196303.30612245	4.875344231981735e-09	chr7	1.2853698552590149e-08
84443480.91836734	4.423801434229359e-09	chr7	1.1663219536189903e-08
87690658.53061225	4.126924085970746e-09	chr7	1.0880511329336288e-08
90937836.14285715	4.107791151385762e-09	chr7	1.083006792229058e-08
94185013.75510204	4.299879334225452e-09	chr7	1.1336502643666669e-08
97432191.36734694	4.594918419409681e-09	chr7	1.2114364325168598e-08
100679368.97959183	4.8934820184755515e-09	chr7	1.2901518281599927e-08
103926546.59183674	5.0458115886215314e-09	chr7	1.3303130615444541e-08
107173724.20408164	4.889486619207153e-09	chr7	1.2890984531499505e-08
110420901.81632653	4.407478131964576e-09	chr7	1.162018364032065e-08
113668079.42857143	3.799370669298947e-09	chr7	1.0016926589995974e-08
116915257.04081632	3.3659193908395303e-09	chr7	8.874145320520881e-09
120162434.65306123	3.336492671935728e-09	chr7	8.796562660469914e-09
123409612.26530613	3.7747968250776814e-09	chr7	9.952138388205744e-09
126656789.87755102	4.5651814956415306e-09	chr7	1.203596381931513e-08
129903967.48979592	5.459704308871123e-09	chr7	1.4394346333977975e-08
133151145.10204081	6.204705229582205e-09	chr7	1.6358518872484017e-08
136398322.7142857	6.696456593927366e-09	chr7	1.7655006566348526e-08
139645500.3265306	7.064972471227813e-09	chr7	1.862658760212245e-08
142892677.9387755	7.614047085317001e-09	chr7	2.0074206321244853e-08
146139855.5510204	8.538742443888491e-09	chr7	2.2512137844948946e-08
149387033.16326532	9.540697836606194e-09	chr7	2.5153763126842203e-08
152634210.7755102	9.820939073409514e-09	chr7	2.5892610725796404e-08
155881388.3877551	8.712297769067384e-09	chr7	2.2969711244056285e-08
159128566.0	6.382870560241031e-09	chr7	1.68282464124982e-08
11739.0	9.799393999674905e-09	chr8	2.58358077863729e-08
2997291.0	1.341863462520102e-08	chr8	3.537782692927365e-08
5982843.0	1.5522001862034773e-08	chr8	4.092329143828247e-08
8968395.0	1.5706578207849038e-08	chr8	4.140992142708857e-08
11953947.0	1.457555509885878e-08	chr8	3.84280129900171e-08
14939499.0	1.3031950063727484e-08	chr8	3.435834470368709e-08
17925051.0	1.1563818449850961e-08	chr8	3.048765982434969e-08
20910603.0	1.0193687984212957e-08	chr8	2.6875352027188825e-08
23896155.0	8.834502378572268e-09	chr8	2.3291900024493287e-08
26881707.0	7.497485772791323e-09	chr8	1.9766895923699796e-08
29867259.0	6.2676388307229265e-09	chr8	1.6524441420595654e-08
32852811.0	5.241610554370666e-09	chr8	1.3819348704444031e-08
35838363.0	4.457007887103559e-09	chr8	1.175076735126434e-08
38823915.0	3.828374496676935e-09	chr8	1.009339430924797e-08
41809467.0	3.2454832519115665e-09	chr8	8.55661905961342e-09
44795019.0	2.771915740965563e-09	chr8	7.3080725487702115e-09
47780571.0	2.621561712107445e-09	chr8	6.911668670161598e-09
50766123.0	2.8869231187935215e-09	chr8	7.611286044183955e-09
53751675.0	3.3898903641681574e-09	chr8	8.937344071320291e-09
56737227.0	3.850293474541894e-09	chr8	1.0151183035674485e-08
59722779.0	4.147686163160404e-09	chr8	1.0935249921899834e-08
62708331.0	4.386194490222902e-09	chr8	1.1564069958489899e-08
65693883.0	4.715834189802493e-09	chr8	1.243315512001913e-08
68679435.0	5.101360046213105e-09	chr8	1.3449582454528979e-08
71664987.0	5.303150325053448e-09	chr8	1.3981596460441043e-08
74650539.0	5.124249665583874e-09	chr8	1.3509930248115606e-08
77636091.0	4.629567970873379e-09	chr8	1.2205716826305896e-08
80621643.0	4.073116913602136e-09	chr8	1.073865033641267e-08
83607195.0	3.6849566523722517e-09	chr8	9.715277472766583e-09
86592747.0	3.5887641562196976e-09	chr8	9.461668847460647e-09
89578299.0	3.822206536497709e-09	chr8	1.0077132667596479e-08
92563851.0	4.315509558884338e-09	chr8	1.1377711261256511e-08
95549403.0	4.868441572385529e-09	chr8	1.2835499898005156e-08
98534955.0	5.227179886647027e-09	chr8	1.3781302682664592e-08
101520507.0	5.21649900544992e-09	chr8	1.3753142860372856e-08
104506059.0	4.8249550873058695e-09	chr8	1.2720849086959051e-08
107491611.0	4.226839798426353e-09	chr8	1.1143936102534225e-08
110477163.0	3.742298784440152e-09	chr8	9.866458280703914e-09
113462715.0	3.700055516768384e-09	chr8	9.755085174992243e-09
116448267.0	4.2487239120121764e-09	chr8	1.1201632910336549e-08
119433819.0	5.2688476161140575e-09	chr8	1.3891158399195685e-08
122419371.0	6.462865854281117e-09	chr8	1.7039151601196867e-08
125404923.0	7.532573565517057e-09	chr8	1.9859403834754317e-08
128390475.0	8.31063659867753e-09	chr8	2.191074363914254e-08
131376027.0	8.7734906177124e-09	chr8	2.313104435052651e-08
134361579.0	8.932035191344764e-09	chr8	2.354904235428818e-08
137347131.0	8.692697198279471e-09	chr8	2.2918034928215068e-08
140332683.0	7.85762749568127e-09	chr8	2.071639875303256e-08
143318235.0	6.34029389751092e-09	chr8	1.6715994320734475e-08
146303787.0	4.394679067231517e-09	chr8	1.1586439290792545e-08
10468.0	6.846172259108523e-09	chr9	1.804972741830709e-08
2890798.897959184	9.070646733454377e-09	chr9	2.3914487519472427e-08
5771129.795918368	1.0278145755058202e-08	chr9	2.709802240187686e-08
8651460.693877552	1.0498623177480722e-08	chr9	2.7679304500252752e-08
11531791.591836736	1.0197393190741597e-08	chr9	2.688512069285182e-08
14412122.48979592	9.750397005804805e-09	chr9	2.5706628684503948e-08
17292453.387755103	9.270793069328822e-09	chr9	2.4442167319159075e-08
20172784.285714287	8.766492376215524e-09	chr9	2.311259369713285e-08
23053115.18367347	8.240066384296766e-09	chr9	2.1724687389720892e-08
25933446.081632655	7.678115937087983e-09	chr9	2.0243121923526342e-08
28813776.97959184	7.1288327417171156e-09	chr9	1.8794953286123126e-08
31694107.877551023	6.7877651052844124e-09	chr9	1.7895738712515803e-08
34574438.77551021	6.834240513896163e-09	chr9	1.801826973063041e-08
37454769.673469394	7.124464726893642e-09	chr9	1.8783437146309682e-08
40335100.571428575	7.158969890977918e-09	chr9	1.88744089744603e-08
43215431.469387755	6.458367622199591e-09	chr9	1.7027292147495887e-08
46095762.36734694	4.989043798814758e-09	chr9	1.3153464043618398e-08
48976093.26530613	3.210730740847706e-09	chr9	8.46499510858446e-09
51856424.16326531	1.7251520446843575e-09	chr9	4.548311521121804e-09
54736755.06122449	9.139930192408291e-10	chr9	2.4097151276881074e-09
57617085.95918368	8.865450826936146e-10	chr9	2.337349467853436e-09
60497416.857142866	1.6069217022641046e-09	chr9	4.236600776417791e-09
63377747.755102046	2.8927143123879327e-09	chr9	7.626554352057263e-09
66258078.653061226	4.344724342003131e-09	chr9	1.1454735158979447e-08
69138409.55102041	5.5235750442718244e-09	chr9	1.456273960840306e-08
72018740.4489796	6.2853909752728255e-09	chr9	1.65712444162097e-08
74899071.34693879	6.8013463230985806e-09	chr9	1.79315451851368e-08
77779402.24489796	7.216000680295104e-09	chr9	1.902476893659192e-08
80659733.14285715	7.460143398259941e-09	chr9	1.9668443875469918e-08
83540064.04081634	7.432841436691934e-09	chr9	1.959646307428105e-08
86420394.93877551	7.175549572373706e-09	chr9	1.891812080620368e-08
89300725.8367347	6.787718461194811e-09	chr9	1.789561573677533e-08
92181056.73469388	6.3130549065145066e-09	chr9	1.664417953956521e-08
95061387.63265307	5.8005351613999526e-09	chr9	1.529293663393862e-08
97941718.53061226	5.3843802844682936e-09	chr9	1.4195756807295801e-08
100822049.42857143	5.2132222130695536e-09	chr9	1.3744503695736981e-08
103702380.32653062	5.338165728213605e-09	chr9	1.407391351858139e-08
106582711.22448981	5.699815812572575e-09	chr9	1.502739309759759e-08
109463042.12244898	6.168759887613701e-09	chr9	1.626375005862221e-08
112343373.02040817	6.5760006682853194e-09	chr9	1.7337428138364022e-08
115223703.91836736	6.764730256105696e-09	chr9	1.7835008024905005e-08
118104034.81632654	6.681121496211627e-09	chr9	1.7614576042075064e-08
120984365.71428573	6.451429647698057e-09	chr9	1.7009000386224287e-08
123864696.6122449	6.385727422952718e-09	chr9	1.6835778445182426e-08
126745027.51020409	6.863604157008737e-09	chr9	1.8095686093253372e-08
129625358.40816328	8.054047651795402e-09	chr9	2.12342545917612e-08
132505689.30612245	9.563463691716598e-09	chr9	2.5213784619675775e-08
135386020.20408165	1.0410860674480201e-08	chr9	2.744792129855195e-08
138266351.10204083	9.6721399981272e-09	chr9	2.5500306435560556e-08
141146682.0	7.351155570232906e-09	chr9	1.9381100742205336e-08
