Start	End	Chromosome	Length(bp)	invCenters	NHCenters	NAHRCenters	allRepCounts	intraRepCounts	WAvgRate	maxRate
752721.0	74264167.0204082	chr1	73511446.0204082	3.0	3.0	0.0	1968.0	1178.0	1.3193893544084e-06	0.000426479
74264167.0204082	147775613.040816	chr1	73511446.02040781	2.0	1.0	1.0	2862.0	1628.0	5.984640085613001e-07	0.000402942
147775613.040816	175659264.979592	chr1	27883651.938775986	1.0	0.0	1.0	1782.0	954.0	1.1351400051136984e-06	0.00080052
175659264.979592	213682426.714286	chr1	38023161.734694004	4.0	4.0	0.0	572.0	128.0	9.460997512835144e-07	0.000233727
213682426.714286	249170711.0	chr1	35488284.285714	0.0	0.0	0.0	1094.0	258.0	1.4965174670022437e-06	0.000477011
158946.0	26393389.1020408	chr10	26234443.1020408	3.0	2.0	1.0	360.0	82.0	1.7864800111956038e-06	0.000468466
26393389.1020408	60912393.1836735	chr10	34519004.0816327	3.0	2.0	1.0	2568.0	1178.0	6.945652996190171e-07	0.000289471
60912393.1836735	91289116.7755102	chr10	30376723.591836706	2.0	2.0	0.0	574.0	290.0	1.0468358819035304e-06	0.000264553
91289116.7755102	116142799.714286	chr10	24853682.938775793	0.0	0.0	0.0	228.0	22.0	9.336056196515115e-07	0.000159312
116142799.714286	135473442.0	chr10	19330642.285714	1.0	1.0	0.0	168.0	34.0	2.057027664763173e-06	0.000640854
241489.0	30481001.0612245	chr11	30239512.0612245	2.0	1.0	1.0	748.0	120.0	1.498593605073792e-06	0.000371061
30481001.0612245	63469559.6734694	chr11	32988558.6122449	1.0	1.0	0.0	842.0	484.0	7.072901325872399e-07	0.000334609
63469559.6734694	81338362.255102	chr11	17868802.58163259	2.0	1.0	1.0	1256.0	158.0	9.958191720716248e-07	0.000196833
81338362.255102	107454304.489796	chr11	26115942.234694004	0.0	0.0	0.0	498.0	240.0	7.373784080716213e-07	0.000225632
107454304.489796	134944770.0	chr11	27490465.510204002	0.0	0.0	0.0	346.0	64.0	1.7392690102895348e-06	0.000331321
191619.0	23358895.4795918	chr12	23167276.4795918	0.0	0.0	0.0	816.0	174.0	1.7617024880145035e-06	0.000358918
23358895.4795918	53340076.8061225	chr12	29981181.326530695	4.0	4.0	0.0	654.0	118.0	7.584671973421496e-07	0.000432374
53340076.8061225	76507353.2857143	chr12	23167276.4795918	3.0	2.0	1.0	298.0	26.0	9.31580997710786e-07	0.000391175
76507353.2857143	106488534.612245	chr12	29981181.326530695	0.0	0.0	0.0	306.0	28.0	9.582154911907499e-07	0.00027115
106488534.612245	133744154.0	chr12	27255619.387755007	0.0	0.0	0.0	166.0	82.0	1.789517322128529e-06	0.000321199
19260565.0	43702991.7857143	chr13	24442426.7857143	0.0	0.0	0.0	1024.0	254.0	1.7739177497397924e-06	0.000432204
43702991.7857143	67167721.5	chr13	23464729.7142857	1.0	0.0	1.0	566.0	134.0	7.292561399525674e-07	0.000353981
67167721.5	79877783.4285714	chr13	12710061.928571403	0.0	0.0	0.0	250.0	22.0	1.0673605973657713e-06	0.000199513
79877783.4285714	96498633.6428571	chr13	16620850.214285702	1.0	0.0	1.0	168.0	0.0	7.916287730661563e-07	0.000114076
96498633.6428571	115074878.0	chr13	18576244.357142895	1.0	1.0	0.0	1826.0	1786.0	2.0410670832072465e-06	0.0002955
19035752.0	34344370.8265306	chr14	15308618.826530598	1.0	1.0	0.0	762.0	92.0	1.92091592584014e-06	0.000504921
34344370.8265306	49652989.6530612	chr14	15308618.826530606	2.0	1.0	1.0	68.0	4.0	7.838570205200621e-07	0.000181205
49652989.6530612	59558566.5408163	chr14	9905576.887755096	0.0	0.0	0.0	308.0	4.0	1.1716720012872902e-06	0.000257734
59558566.5408163	80270227.3061225	chr14	20711660.765306197	2.0	1.0	1.0	254.0	26.0	9.423554239490669e-07	0.000136631
80270227.3061225	107285437.0	chr14	27015209.693877503	1.0	0.0	1.0	558.0	174.0	1.6052978152007501e-06	0.000481211
20161372.0	38622797.4897959	chr15	18461425.4897959	0.0	0.0	0.0	3292.0	2006.0	1.5738867742194865e-06	0.000315314
38622797.4897959	53727600.1632653	chr15	15104802.673469402	0.0	0.0	0.0	254.0	48.0	8.696547171863083e-07	0.000480182
53727600.1632653	67993247.1326531	chr15	14265646.9693878	0.0	0.0	0.0	240.0	20.0	1.2259727646875636e-06	0.000302182
67993247.1326531	85615516.9183674	chr15	17622269.7857143	0.0	0.0	0.0	2312.0	1726.0	9.63465513732185e-07	0.000330873
85615516.9183674	102398631.0	chr15	16783114.0816326	0.0	0.0	0.0	692.0	460.0	2.4889409659286084e-06	0.000535593
143503.0	23102138.7142857	chr16	22958635.7142857	1.0	0.0	1.0	1768.0	1398.0	1.8654044206106063e-06	0.0004556
23102138.7142857	46979119.8571429	chr16	23876981.1428572	2.0	1.0	1.0	3556.0	1316.0	5.36057814300919e-07	0.000424386
46979119.8571429	61672646.7142857	chr16	14693526.857142799	1.0	1.0	0.0	292.0	26.0	1.4347694850218744e-06	0.000221624
61672646.7142857	75447828.1428571	chr16	13775181.428571403	1.0	0.0	1.0	366.0	274.0	8.068452212709402e-07	0.000162716
75447828.1428571	90141355.0	chr16	14693526.857142895	1.0	1.0	0.0	78.0	32.0	2.5364247414849364e-06	0.000285591
6888.0	17373479.3571429	chr17	17366591.3571429	2.0	2.0	0.0	424.0	256.0	2.5659364089201427e-06	0.000368015
17373479.3571429	28951206.9285714	chr17	11577727.5714285	2.0	0.0	2.0	1178.0	560.0	3.863952665632528e-07	0.0001561
28951206.9285714	38047992.877551	chr17	9096785.948979598	0.0	0.0	0.0	710.0	562.0	1.4496329169162656e-06	0.000179929
38047992.877551	58722506.3979592	chr17	20674513.520408206	2.0	0.0	2.0	944.0	534.0	9.89389199069427e-07	0.00018536
58722506.3979592	81050981.0	chr17	22328474.602040797	0.0	0.0	0.0	490.0	378.0	1.9066980293435738e-06	0.000270806
112535.0	12036317.7040816	chr18	11923782.7040816	1.0	1.0	0.0	150.0	24.0	3.221962516477798e-06	0.00037012
12036317.7040816	45422909.2755102	chr18	33386591.571428597	0.0	0.0	0.0	928.0	72.0	7.822167145804004e-07	0.000276637
45422909.2755102	78014582.0	chr18	32591672.7244898	0.0	0.0	0.0	234.0	60.0	1.5922852544370106e-06	0.00061574
261033.0	14660310.5510204	chr19	14399277.5510204	0.0	0.0	0.0	388.0	138.0	2.4164638627503666e-06	0.000223715
14660310.5510204	29659558.0	chr19	14999247.4489796	1.0	1.0	0.0	420.0	220.0	8.13752629555972e-07	0.000205522
29659558.0	36859196.7755102	chr19	7199638.775510199	0.0	0.0	0.0	314.0	66.0	1.6545374470701093e-06	0.000197217
36859196.7755102	46458715.1428571	chr19	9599518.367346898	0.0	0.0	0.0	750.0	306.0	9.694980080307689e-07	0.000112026
46458715.1428571	59058083.0	chr19	12599367.857142903	0.0	0.0	0.0	480.0	374.0	2.8056234872289696e-06	0.000236827
118913.0	52174280.0	chr2	52055367.0	1.0	1.0	0.0	492.0	76.0	1.3920012898828206e-06	0.00038054
52174280.0	111666128.0	chr2	59491848.0	0.0	0.0	0.0	3360.0	990.0	7.206728438341012e-07	0.000711419
111666128.0	141412052.0	chr2	29745924.0	3.0	2.0	1.0	1566.0	356.0	9.567241612662292e-07	0.00027971
141412052.0	163721495.0	chr2	22309443.0	1.0	1.0	0.0	320.0	40.0	7.105244334059153e-07	0.000229413
163721495.0	183552111.0	chr2	19830616.0	1.0	1.0	0.0	214.0	26.0	9.776766072319347e-07	0.000259178
183552111.0	210819208.0	chr2	27267097.0	2.0	2.0	0.0	530.0	36.0	6.888539656141387e-07	0.0003018
210819208.0	243043959.0	chr2	32224751.0	2.0	1.0	1.0	278.0	108.0	1.5792153162757797e-06	0.000410627
69094.0	16740246.244898	chr20	16671152.244898	1.0	0.0	1.0	78.0	14.0	2.398139973339819e-06	0.000252576
16740246.244898	43029370.9387755	chr20	26289124.693877503	1.0	0.0	1.0	658.0	92.0	8.488083106697668e-07	0.000135765
43029370.9387755	62906514.0	chr20	19877143.061224498	0.0	0.0	0.0	216.0	86.0	2.238939879271762e-06	0.000229317
14665973.0	24899288.3061225	chr21	10233315.3061225	1.0	0.0	1.0	370.0	36.0	1.7913336607540192e-06	0.000289967
24899288.3061225	36838156.1632653	chr21	11938867.857142802	1.0	1.0	0.0	280.0	14.0	1.567489943203303e-06	0.000438197
36838156.1632653	48094803.0	chr21	11256646.836734697	0.0	0.0	0.0	92.0	54.0	2.1691840093471393e-06	0.000355476
17087705.0	28932923.3673469	chr22	11845218.367346901	0.0	0.0	0.0	1810.0	880.0	2.4417164886973677e-06	0.000634161
28932923.3673469	34158755.0	chr22	5225831.632653099	0.0	0.0	0.0	130.0	52.0	9.554057500217835e-07	0.000104356
34158755.0	39384586.6326531	chr22	5225831.632653102	0.0	0.0	0.0	40.0	16.0	1.88594644695541e-06	0.000163382
39384586.6326531	44958807.0408163	chr22	5574220.408163197	0.0	0.0	0.0	178.0	48.0	1.2073689161713043e-06	0.000292075
44958807.0408163	51229805.0	chr22	6270997.9591837	0.0	0.0	0.0	82.0	14.0	2.883946203532154e-06	0.000157975
108226.0	26332677.3673469	chr3	26224451.3673469	1.0	1.0	0.0	588.0	136.0	1.7668059335636352e-06	0.000668561
26332677.3673469	54574394.2244898	chr3	28241716.8571429	2.0	2.0	0.0	574.0	32.0	8.457425055895059e-07	0.000613585
54574394.2244898	76764314.6122449	chr3	22189920.387755103	2.0	2.0	0.0	722.0	78.0	1.4380004618136915e-06	0.000546597
76764314.6122449	117109624.408163	chr3	40345309.79591809	2.0	2.0	0.0	400.0	56.0	5.479754621521234e-07	0.000195182
117109624.408163	153420403.22449	chr3	36310778.81632699	0.0	0.0	0.0	1106.0	182.0	9.755619371529753e-07	0.000536286
153420403.22449	173593058.122449	chr3	20172654.897959024	1.0	1.0	0.0	128.0	18.0	7.74795276644218e-07	0.000216585
173593058.122449	197800244.0	chr3	24207185.87755099	0.0	0.0	0.0	496.0	230.0	1.716610344568617e-06	0.000287479
167596.0	29366952.9387755	chr4	29199356.9387755	0.0	0.0	0.0	1718.0	296.0	1.5756918309251934e-06	0.000559385
29366952.9387755	68299428.8571429	chr4	38932475.9183674	1.0	1.0	0.0	658.0	66.0	7.63178938410134e-07	0.000215448
68299428.8571429	105285280.979592	chr4	36985852.1224491	2.0	2.0	0.0	702.0	222.0	8.061694833371688e-07	0.00045357
105285280.979592	153950875.877551	chr4	48665594.897958994	0.0	0.0	0.0	884.0	96.0	8.012111876617208e-07	0.000267505
153950875.877551	190936728.0	chr4	36985852.12244901	2.0	1.0	1.0	312.0	46.0	1.5058640761977165e-06	0.000287631
157856.0	27790760.6428571	chr5	27632904.6428571	1.0	1.0	0.0	674.0	398.0	1.574692412763706e-06	0.000311959
27790760.6428571	60950246.2142857	chr5	33159485.5714286	1.0	1.0	0.0	460.0	146.0	7.965311625643521e-07	0.000355061
60950246.2142857	84898763.5714286	chr5	23948517.357142895	1.0	0.0	1.0	1424.0	612.0	1.0499567604269545e-06	0.000350549
84898763.5714286	132795798.285714	chr5	47897034.7142854	1.0	1.0	0.0	596.0	202.0	7.241206679285412e-07	0.000294548
132795798.285714	180692833.0	chr5	47897034.714286	3.0	2.0	1.0	958.0	578.0	1.3902233992071676e-06	0.000326341
183917.0	21097929.2857143	chr6	20914012.2857143	1.0	1.0	0.0	270.0	44.0	1.934806505803159e-06	0.000262363
21097929.2857143	36783438.5	chr6	15685509.214285702	1.0	1.0	0.0	604.0	158.0	8.692559260703437e-07	0.000198629
36783438.5	52468947.7142857	chr6	15685509.214285702	0.0	0.0	0.0	126.0	12.0	1.177431279845511e-06	0.000349149
52468947.7142857	109982481.5	chr6	57513533.7857143	3.0	2.0	1.0	608.0	70.0	6.665722920280019e-07	0.000486662
109982481.5	170981684.0	chr6	60999202.5	3.0	2.0	1.0	626.0	104.0	1.195611900206964e-06	0.0003571
46239.0	37379756.1530612	chr7	37333517.1530612	1.0	0.0	1.0	1200.0	442.0	1.4901698629696065e-06	0.000708545
37379756.1530612	69843684.1122449	chr7	32463927.9591837	4.0	2.0	2.0	3886.0	1542.0	6.896386479751782e-07	0.000305907
69843684.1122449	99061219.2755102	chr7	29217535.163265303	1.0	1.0	0.0	1486.0	978.0	9.011364804605162e-07	0.000341507
99061219.2755102	136394736.428571	chr7	37333517.15306078	1.0	1.0	0.0	900.0	568.0	8.162850296860327e-07	0.000607767
136394736.428571	159119486.0	chr7	22724749.571429014	2.0	1.0	1.0	442.0	208.0	1.8139036298280808e-06	0.000312671
113565.0	28452046.7755102	chr8	28338481.7755102	2.0	0.0	2.0	2190.0	558.0	1.742172690932119e-06	0.00056939
28452046.7755102	59773526.6326531	chr8	31321479.857142903	0.0	0.0	0.0	298.0	40.0	6.488068251509848e-07	0.000203086
59773526.6326531	79163014.1632653	chr8	19389487.5306122	0.0	0.0	0.0	222.0	14.0	8.509065678736672e-07	0.000505568
79163014.1632653	94078004.5714286	chr8	14914990.408163294	0.0	0.0	0.0	524.0	214.0	5.401200972364688e-07	0.000232421
94078004.5714286	106009996.897959	chr8	11931992.326530397	1.0	1.0	0.0	66.0	4.0	1.105248901428881e-06	0.000179624
106009996.897959	122416486.346939	chr8	16406489.448980004	0.0	0.0	0.0	50.0	4.0	6.884847854247201e-07	0.000270033
122416486.346939	146280471.0	chr8	23863984.653061002	0.0	0.0	0.0	294.0	68.0	1.727869798327912e-06	0.000591489
212908.0	31824445.5714286	chr9	31611537.5714286	1.0	0.0	1.0	324.0	74.0	1.6777121222310017e-06	0.000456986
31824445.5714286	70620423.5	chr9	38795977.9285714	0.0	0.0	0.0	4372.0	1730.0	1.9870145495633427e-07	0.000249213
70620423.5	93610632.6428571	chr9	22990209.142857105	1.0	1.0	0.0	1014.0	234.0	1.2553432753517917e-06	0.000467189
93610632.6428571	118037729.857143	chr9	24427097.214285895	2.0	2.0	0.0	490.0	148.0	1.087212461861262e-06	0.000365708
118037729.857143	141027939.0	chr9	22990209.142857	2.0	0.0	2.0	278.0	58.0	1.6682008295969532e-06	0.000209821
