pos	val	Chromosome	valScaled
158946.0	7.001281001311968e-09	chr10	1.923080730501907e-06
2920466.326530612	9.82111111714728e-09	chr10	2.6976191268376173e-06
5681986.653061224	1.1804602431554892e-08	chr10	3.242435700424707e-06
8443506.979591835	1.2530203156396091e-08	chr10	3.4417404807525993e-06
11205027.306122448	1.2120373070505906e-08	chr10	3.3291701752888325e-06
13966547.632653061	1.0976262435801281e-08	chr10	3.0149109540476806e-06
16728067.959183672	9.543116422096746e-09	chr10	2.6212607802531483e-06
19489588.285714284	8.252835721350432e-09	chr10	2.266852215294998e-06
22251108.612244897	7.423674888065961e-09	chr10	2.039102004915288e-06
25012628.93877551	7.073759376142679e-09	chr10	1.94298876818657e-06
27774149.265306123	6.886860136594097e-09	chr10	1.89165211621474e-06
30535669.591836732	6.446734106713932e-09	chr10	1.770760255582915e-06
33297189.918367345	5.552985657567894e-09	chr10	1.525269406101708e-06
36058710.244897954	4.3554229271389786e-09	chr10	1.1963282009103242e-06
38820230.57142857	3.2273119404209097e-09	chr10	8.864636918271323e-07
41581750.89795918	2.5131447927942317e-09	chr10	6.902994356430121e-07
44343271.22448979	2.3546073183410653e-09	chr10	6.467530671818418e-07
47104791.551020406	2.6835378806342495e-09	chr10	7.371022512669606e-07
49866311.87755102	3.300675408225021e-09	chr10	9.066148429136901e-07
52627832.20408163	3.953958922170895e-09	chr10	1.0860558533499893e-06
55389352.530612245	4.440139051753729e-09	chr10	1.2195976492839712e-06
58150872.85714285	4.715198486952475e-09	chr10	1.2951497517455527e-06
60912393.183673464	4.904198571766433e-09	chr10	1.3470634545523449e-06
63673913.51020408	5.1885360710877905e-09	chr10	1.4251640144072537e-06
66435433.83673469	5.663302295046273e-09	chr10	1.5555706895023715e-06
69196954.1632653	6.254535598431041e-09	chr10	1.7179680240411757e-06
71958474.48979591	6.7732755480701296e-09	chr10	1.8604532065535654e-06
74719994.81632653	7.07936945095039e-09	chr10	1.9445297185865557e-06
77481515.14285713	7.155423930492627e-09	chr10	1.9654200248103192e-06
80243035.46938775	7.021230737093861e-09	chr10	1.928560435209313e-06
83004555.79591836	6.693442907275599e-09	chr10	1.838525131798635e-06
85766076.12244898	6.2622214871526745e-09	chr10	1.7200791497758215e-06
88527596.44897959	5.8888947419235965e-09	chr10	1.6175354195932306e-06
91289116.77551019	5.673224339776016e-09	chr10	1.5582960326250616e-06
94050637.10204081	5.5731702054517904e-09	chr10	1.5308136079530748e-06
96812157.42857142	5.465468979437475e-09	chr10	1.5012307141425353e-06
99573677.75510204	5.267668545441401e-09	chr10	1.4468997705578564e-06
102335198.08163264	5.032368262872454e-09	chr10	1.3822685353303028e-06
105096718.40816326	4.94915015804795e-09	chr10	1.3594105563708948e-06
107858238.73469387	5.2321218082186474e-09	chr10	1.4371359508550788e-06
110619759.06122449	5.974265223585803e-09	chr10	1.6409846038507245e-06
113381279.3877551	7.0872382542271914e-09	chr10	1.946691086477787e-06
116142799.7142857	8.366749558179324e-09	chr10	2.298141561416391e-06
118904320.04081632	9.62540085704048e-09	chr10	2.6438623029217684e-06
121665840.36734693	1.0766072113106947e-08	chr10	2.9571768109336266e-06
124427360.69387755	1.1688043183149733e-08	chr10	3.210419724415782e-06
127188881.02040815	1.2103992097700252e-08	chr10	3.3246707225253273e-06
129950401.34693877	1.1554249241087358e-08	chr10	3.1736697993963712e-06
132711921.67346938	9.774128681963821e-09	chr10	2.6847142004739367e-06
135473442.0	7.084313093771294e-09	chr10	1.945887616412051e-06
241489.0	6.122026703178178e-09	chr11	1.681571069964754e-06
2990535.551020408	8.222056258245846e-09	chr11	2.258397849246766e-06
5739582.102040816	9.639561880736181e-09	chr11	2.6477519899359423e-06
8488628.653061224	1.0238746713627412e-08	chr11	2.8123334152388556e-06
11237675.204081632	1.027405009969527e-08	chr11	2.822030392328597e-06
13986721.75510204	1.0103002939369938e-08	chr11	2.7750479189830657e-06
16735768.306122448	9.888364057941817e-09	chr11	2.7160918655389096e-06
19484814.85714286	9.526676793974576e-09	chr11	2.6167452163081446e-06
22233861.408163264	8.872529240310218e-09	chr11	2.4370668752843872e-06
24982907.95918367	8.0293183031722e-09	chr11	2.2054574448594815e-06
27731954.51020408	7.336529964677536e-09	chr11	2.01516542489544e-06
30481001.06122449	7.028050216716241e-09	chr11	1.930433579545527e-06
33230047.612244897	6.9768052100353016e-09	chr11	1.916357828998721e-06
35979094.1632653	6.840041622099355e-09	chr11	1.8787922148568753e-06
38728140.71428572	6.3892906732086814e-09	chr11	1.7549819487206256e-06
41477187.26530612	5.614072104268636e-09	chr11	1.5420483596279292e-06
44226233.81632653	4.600378374984284e-09	chr11	1.2636114739991343e-06
46975280.367346935	3.49013800951661e-09	chr11	9.58655587689731e-07
49724326.91836734	2.547523695036332e-09	chr11	6.997424796267064e-07
52473373.469387755	2.089252826653731e-09	chr11	5.738666754457557e-07
55222420.02040816	2.263160262234e-09	chr11	6.216347964785705e-07
57971466.57142857	2.9304359691836944e-09	chr11	8.049191202653934e-07
60720513.12244898	3.792534234747605e-09	chr11	1.0417164380697212e-06
63469559.67346939	4.61819525768808e-09	chr11	1.2685053361079204e-06
66218606.22448979	5.334591583451961e-09	chr11	1.4652818930295352e-06
68967652.7755102	5.937392585226009e-09	chr11	1.6308565915199528e-06
71716699.3265306	6.3863057182712475e-09	chr11	1.754162054572609e-06
74465745.87755102	6.6001598206412334e-09	chr11	1.8129025483950161e-06
77214792.42857143	6.507605950824187e-09	chr11	1.7874802630239258e-06
79963838.97959183	6.1111799655035505e-09	chr11	1.6785917362961045e-06
82712885.53061225	5.5458378647773294e-09	chr11	1.5233060821644772e-06
85461932.08163264	5.052910744650174e-09	chr11	1.387911052871881e-06
88210978.63265306	4.839984794049568e-09	chr11	1.329425499649964e-06
90960025.18367347	4.940983887645782e-09	chr11	1.3571674815325141e-06
93709071.73469387	5.203851286727504e-09	chr11	1.4293707297318772e-06
96458118.28571428	5.416632184440648e-09	chr11	1.4878164404717212e-06
99207164.83673468	5.476434524351422e-09	chr11	1.5042426812553413e-06
101956211.3877551	5.474528120168913e-09	chr11	1.5037190386323348e-06
104705257.93877551	5.634335680413313e-09	chr11	1.547614268610526e-06
107454304.48979591	6.1537982740548955e-09	chr11	1.6902979437638975e-06
110203351.04081632	7.07113693312654e-09	chr11	1.9422684472009916e-06
112952397.59183674	8.244321155692056e-09	chr11	2.2645134722645236e-06
115701444.14285713	9.442914916694068e-09	chr11	2.593737876348697e-06
118450490.69387755	1.0473460827849813e-08	chr11	2.876803644351691e-06
121199537.24489796	1.1249823102424722e-08	chr11	3.090051381422073e-06
123948583.79591836	1.1754838763317848e-08	chr11	3.2287668373341077e-06
126697630.34693877	1.1898056302928347e-08	chr11	3.268105194220973e-06
129446676.89795917	1.1406568892244205e-08	chr11	3.1331056179157464e-06
132195723.44897959	9.975234076560158e-09	chr11	2.739952935939022e-06
134944770.0	7.644719809006321e-09	chr11	2.099817640804787e-06
191619.0	6.98635133643322e-09	chr12	1.9189799165457477e-06
2917180.93877551	9.378043900375398e-09	chr12	2.575919394069935e-06
5642742.87755102	1.0837020071599215e-08	chr12	2.9766644806642607e-06
8368304.816326531	1.1149229963670505e-08	chr12	3.062420905410228e-06
11093866.75510204	1.0603837160165602e-08	chr12	2.912614835524138e-06
13819428.69387755	9.669167807078075e-09	chr12	2.6558840141249565e-06
16544990.632653061	8.733543192573628e-09	chr12	2.3988908057678557e-06
19270552.57142857	8.010006719840905e-09	chr12	2.2001530250293195e-06
21996114.51020408	7.490428539438169e-09	chr12	2.0574376010184123e-06
24721676.44897959	6.970753763959752e-09	chr12	1.914695644701679e-06
27447238.3877551	6.210343203348739e-09	chr12	1.7058294534850765e-06
30172800.32653061	5.137482558631646e-09	chr12	1.4111408626425335e-06
32898362.265306123	3.949150778778231e-09	chr12	1.0847351739048721e-06
35623924.20408163	3.0216882623341095e-09	chr12	8.299838943458496e-07
38349486.14285714	2.674909578059358e-09	chr12	7.34732267486049e-07
41075048.08163265	2.9729570659208457e-09	chr12	8.165986260243681e-07
43800610.02040816	3.7267459619085885e-09	chr12	1.023646007849022e-06
46526171.95918367	4.639953873837051e-09	chr12	1.2744818960304021e-06
49251733.89795918	5.423594571629254e-09	chr12	1.4897288380227112e-06
51977295.83673469	5.8557890321275546e-09	chr12	1.6084420904486887e-06
54702857.7755102	5.879000814042848e-09	chr12	1.6148177994815855e-06
57428419.71428571	5.681302570199734e-09	chr12	1.5605149250336788e-06
60153981.65306122	5.584443890150419e-09	chr12	1.5339102135316287e-06
62879543.59183673	5.761157683220978e-09	chr12	1.5824491723599078e-06
65605105.530612245	6.0753557083467105e-09	chr12	1.6687516886519728e-06
68330667.46938775	6.2415337211100405e-09	chr12	1.714396726198441e-06
71056229.40816326	6.114461339311143e-09	chr12	1.6794930494611913e-06
73781791.34693877	5.769324344130181e-09	chr12	1.5846923544610246e-06
76507353.28571428	5.337513972298021e-09	chr12	1.4660846018018069e-06
79232915.2244898	4.88596155288424e-09	chr12	1.342054191306437e-06
81958477.1632653	4.4972611118254826e-09	chr12	1.235287682720706e-06
84684039.10204081	4.361411569643895e-09	chr12	1.1979731346018745e-06
87409601.04081632	4.668249992282723e-09	chr12	1.282254148011243e-06
90135162.97959183	5.390074205502925e-09	chr12	1.4805216129213572e-06
92860724.91836734	6.229605785859886e-09	chr12	1.7111204139878687e-06
95586286.85714285	6.837286343565857e-09	chr12	1.8780354072021131e-06
98311848.79591836	7.074617218667687e-09	chr12	1.943224396556484e-06
101037410.73469387	7.046351608443564e-09	chr12	1.9354605244382666e-06
103762972.67346938	6.9405174569785845e-09	chr12	1.9063904703619935e-06
106488534.61224489	6.928214025332891e-09	chr12	1.90301101847134e-06
109214096.5510204	7.162744569058941e-09	chr12	1.967430825256582e-06
111939658.48979591	7.70774611897522e-09	chr12	2.117129427346866e-06
114665220.42857142	8.446288164795761e-09	chr12	2.3199888721708627e-06
117390782.36734693	9.22798885221963e-09	chr12	2.5347029407424914e-06
120116344.30612244	1.0131475757398297e-08	chr12	2.78286870601949e-06
122841906.24489795	1.1324444349532398e-08	chr12	3.110548013734346e-06
125567468.18367346	1.2511114742276919e-08	chr12	3.436497360049182e-06
128293030.12244897	1.2781645440667861e-08	chr12	3.510805529223845e-06
131018592.06122449	1.1354112803085337e-08	chr12	3.1186972126196295e-06
133744154.0	8.43714597022308e-09	chr12	2.3174777348212935e-06
19260565.0	7.986248031192648e-09	chr13	2.1936270940871253e-06
21215959.14285714	1.1611222653184542e-08	chr13	3.189319002868494e-06
23171353.285714287	1.4675789017707471e-08	chr13	4.031080463643167e-06
25126747.42857143	1.651430063659013e-08	chr13	4.536074659193177e-06
27082141.57142857	1.6995853593171242e-08	chr13	4.668345483824244e-06
29037535.714285716	1.640728301590309e-08	chr13	4.506679535053917e-06
30992929.85714286	1.516191041087492e-08	chr13	4.164606126119773e-06
32948324.0	1.3650907252554011e-08	chr13	3.749570498075428e-06
34903718.14285714	1.2220488217207611e-08	chr13	3.356669358569341e-06
36859112.28571428	1.1118332407297064e-08	chr13	3.0539341020280714e-06
38814506.42857143	1.0418659308656152e-08	chr13	2.8617510067638245e-06
40769900.57142857	1.0022781138833413e-08	chr13	2.753012951560811e-06
42725294.71428572	9.730861290918111e-09	chr13	2.672829705913084e-06
44680688.85714286	9.327958607323827e-09	chr13	2.5621621885055574e-06
46636083.0	8.672929767231581e-09	chr13	2.3822417796448986e-06
48591477.14285715	7.766768464080284e-09	chr13	2.133341422625918e-06
50546871.28571428	6.738801344183816e-09	chr13	1.8509839855380484e-06
52502265.42857143	5.761746867518102e-09	chr13	1.582611006882519e-06
54457659.571428575	4.984724770107794e-09	chr13	1.3691820326099643e-06
56413053.71428572	4.504775619978891e-09	chr13	1.237351734403007e-06
58368447.85714286	4.3302394679241245e-09	chr13	1.189410920324901e-06
60323842.0	4.368053677022617e-09	chr13	1.1997975591189809e-06
62279236.14285714	4.5077259485221674e-09	chr13	1.2381621175270613e-06
64234630.28571429	4.747424274092274e-09	chr13	1.304001387647924e-06
66190024.42857143	5.215841555369429e-09	chr13	1.4326641634013024e-06
68145418.57142857	6.0380600327584435e-09	chr13	1.6585074783365451e-06
70100812.71428572	7.1479366181321475e-09	chr13	1.9633634431474796e-06
72056206.85714287	8.220356202690684e-09	chr13	2.25793088554708e-06
74011601.0	8.829721035193108e-09	chr13	2.4253085078723863e-06
75966995.14285715	8.733425391634232e-09	chr13	2.3988584487296876e-06
77922389.2857143	8.020548204827237e-09	chr13	2.2030485132470173e-06
79877783.42857143	7.001796259170281e-09	chr13	1.9232222592390586e-06
81833177.57142857	6.00320662569149e-09	chr13	1.6489340994776996e-06
83788571.71428572	5.27277059589383e-09	chr13	1.448301179087135e-06
85743965.85714287	4.997827342954041e-09	chr13	1.3727809890517772e-06
87699360.0	5.300085817340232e-09	chr13	1.4558040026422994e-06
89654754.14285715	6.166205364377793e-09	chr13	1.6937058681590318e-06
91610148.28571428	7.409305560387857e-09	chr13	2.035155101889563e-06
93565542.42857143	8.755625106438103e-09	chr13	2.404956167669116e-06
95520936.57142858	1.00168062417086e-08	chr13	2.7513717933891414e-06
97476330.71428572	1.1206323407034493e-08	chr13	3.078103078536933e-06
99431724.85714287	1.250364983516526e-08	chr13	3.4344469325604513e-06
101387119.0	1.4083811750181115e-08	chr13	3.868478780342385e-06
103342513.14285715	1.5907149333367236e-08	chr13	4.369305039246731e-06
105297907.28571428	1.7608052815774577e-08	chr13	4.836501643817838e-06
107253301.42857143	1.8590183075024565e-08	chr13	5.106268815861435e-06
109208695.57142858	1.8284355484314637e-08	chr13	5.022265453271092e-06
111164089.71428572	1.6419862183167437e-08	chr13	4.510134724778097e-06
113119483.85714287	1.3204169315220005e-08	chr13	3.6268625081075625e-06
115074878.0	9.324059290273198e-09	chr13	2.5610911414384885e-06
19035752.0	8.863501041124512e-09	chr14	2.434587049680771e-06
20836765.979591835	1.2697779041222772e-08	chr14	3.4877694795810437e-06
22637779.959183674	1.536168305197116e-08	chr14	4.219478786780253e-06
24438793.93877551	1.6194961420446507e-08	chr14	4.448359983415372e-06
26239807.91836735	1.562287022571157e-08	chr14	4.291220518154885e-06
28040821.897959184	1.471869952810046e-08	chr14	4.042866931813391e-06
29841835.87755102	1.4300557058581025e-08	chr14	3.928013417779799e-06
31642849.85714286	1.43501761102115e-08	chr14	3.941642558224021e-06
33443863.836734693	1.4177026122401744e-08	chr14	3.894082489576414e-06
35244877.81632653	1.3133898723191178e-08	chr14	3.607560894384834e-06
37045891.79591837	1.1208960095759096e-08	chr14	3.0788273124703612e-06
38846905.77551021	8.970892027862583e-09	chr14	2.4640847283465567e-06
40647919.75510204	7.061711088984867e-09	chr14	1.9396793982492113e-06
42448933.73469388	5.823175958099883e-09	chr14	1.599484076306235e-06
44249947.71428572	5.304767685853645e-09	chr14	1.4570899974651325e-06
46050961.69387755	5.4375842642137e-09	chr14	1.4935714645691606e-06
47851975.67346939	6.109033341375115e-09	chr14	1.6780021111266174e-06
49652989.653061226	7.1232905691462114e-09	chr14	1.956593776013854e-06
51454003.63265306	8.196366681351407e-09	chr14	2.251341550507838e-06
53255017.6122449	9.039284434997888e-09	chr14	2.482870450595085e-06
55056031.591836736	9.442650820196791e-09	chr14	2.593665335497271e-06
56857045.57142857	9.324968735068243e-09	chr14	2.5613409436904592e-06
58658059.551020406	8.778488764320972e-09	chr14	2.411236255540906e-06
60459073.530612245	8.059176865963263e-09	chr14	2.2136588621048704e-06
62260087.51020408	7.459819321059966e-09	chr14	2.049029997034539e-06
64061101.489795916	7.17391234283565e-09	chr14	1.9704983396940927e-06
65862115.469387755	7.265397529045507e-09	chr14	1.995627083804433e-06
67663129.44897959	7.687682621561082e-09	chr14	2.111618475100217e-06
69464143.42857143	8.299206916654357e-09	chr14	2.2795892490067733e-06
71265157.40816326	8.928216804311851e-09	chr14	2.4523628877198346e-06
73066171.3877551	9.453517067248698e-09	chr14	2.5966500279149126e-06
74867185.36734694	9.78815086981663e-09	chr14	2.6885657526761926e-06
76668199.34693877	9.824828601788537e-09	chr14	2.698640228987095e-06
78469213.3265306	9.506224004859863e-09	chr14	2.6111273351483752e-06
80270227.30612245	8.96801993902858e-09	chr14	2.4632958357579107e-06
82071241.28571428	8.545629938045789e-09	chr14	2.347275628670883e-06
83872255.26530612	8.608011538500535e-09	chr14	2.3644103292706608e-06
85673269.24489796	9.36865268307946e-09	chr14	2.573339856266154e-06
87474283.2244898	1.0797606698714047e-08	chr14	2.9658385906727937e-06
89275297.20408162	1.2668109217655133e-08	chr14	3.4796199043862147e-06
91076311.18367347	1.4686401547572258e-08	chr14	4.03399546615214e-06
92877325.1632653	1.6571735608228008e-08	chr14	4.551850641787367e-06
94678339.14285713	1.8028579501042306e-08	chr14	4.952010043630482e-06
96479353.12244898	1.8739957407886268e-08	chr14	5.147408163560256e-06
98280367.10204081	1.8475163575916644e-08	chr14	5.074675771342157e-06
100081381.08163264	1.719301362095482e-08	chr14	4.722500523478383e-06
101882395.06122449	1.502970975696832e-08	chr14	4.128293838405584e-06
103683409.04081632	1.2234305564861059e-08	chr14	3.3604646461765675e-06
105484423.02040815	9.135792976880135e-09	chr14	2.509378987702481e-06
107285437.0	6.12780553754907e-09	chr14	1.6831583744910746e-06
20161372.0	3.177052669606179e-09	chr15	8.726586988244556e-07
21839683.408163264	5.925839997581475e-09	chr15	1.6276833781205086e-06
23517994.81632653	9.229205658546335e-09	chr15	2.5350371676931306e-06
25196306.224489797	1.2226391195116943e-08	chr15	3.3582907622907295e-06
26874617.63265306	1.416966254879117e-08	chr15	3.892059895923128e-06
28552929.040816326	1.496303521178453e-08	chr15	4.1099799708385055e-06
30231240.448979594	1.511356930700316e-08	chr15	4.151328006682838e-06
31909551.85714286	1.5164062322684165e-08	chr15	4.165197203685911e-06
33587863.26530612	1.5238303860366187e-08	chr15	4.185589539101726e-06
35266174.67346939	1.508050170189218e-08	chr15	4.142245143963735e-06
36944486.08163265	1.436097111335654e-08	chr15	3.944607681682148e-06
38622797.48979592	1.2919787749825012e-08	chr15	3.5487498443795105e-06
40301108.89795919	1.0914188578070315e-08	chr15	2.9978607828507285e-06
41979420.30612245	8.842836389028233e-09	chr15	2.4289109749393866e-06
43657731.71428572	7.289147174453445e-09	chr15	2.0021505307895914e-06
45336043.12244898	6.505403267632986e-09	chr15	1.786875239800375e-06
47014354.530612245	6.286592727641775e-09	chr15	1.7267733337336193e-06
48692665.93877551	6.29125373639686e-09	chr15	1.728053598890799e-06
50370977.346938774	6.411046742395668e-09	chr15	1.7609578090549158e-06
52049288.75510204	6.793653988419664e-09	chr15	1.8660506659251473e-06
53727600.1632653	7.605200665447245e-09	chr15	2.0889626981949766e-06
55405911.571428575	8.8273479435197e-09	chr15	2.424656677604755e-06
57084222.97959184	1.0186856250376263e-08	chr15	2.7980803735517126e-06
58762534.3877551	1.1222594281056603e-08	chr15	3.0825722898561874e-06
60440845.79591837	1.155191075403098e-08	chr15	3.173027474171058e-06
62119157.20408163	1.1212608387644536e-08	chr15	3.0798294090613735e-06
63797468.6122449	1.0700254941398161e-08	chr15	2.9390984428998937e-06
65475780.02040816	1.0532262464938557e-08	chr15	2.8929550165343155e-06
67154091.42857143	1.0727517931207612e-08	chr15	2.9465869197012962e-06
68832402.8367347	1.0772354547848985e-08	chr15	2.9589024421703653e-06
70510714.24489796	1.0150438743334264e-08	chr15	2.788077374667328e-06
72189025.65306123	8.898919648748404e-09	chr15	2.44431567531513e-06
73867337.06122449	7.627114219365421e-09	chr15	2.0949818157348897e-06
75545648.46938775	6.995437924465267e-09	chr15	1.9214757801380193e-06
77223959.87755102	7.1549199398229714e-09	chr15	1.965281590894442e-06
78902271.28571428	7.65281548100961e-09	chr15	2.1020413239889173e-06
80580582.69387755	7.914385952333498e-09	chr15	2.173888337839241e-06
82258894.10204083	7.874983089344558e-09	chr15	2.163065334659332e-06
83937205.51020408	8.105089931796645e-09	chr15	2.226270058850994e-06
85615516.91836736	9.280681123665118e-09	chr15	2.549176219538786e-06
87293828.3265306	1.1607439844055086e-08	chr15	3.1882799576790977e-06
88972139.73469388	1.4764377446689553e-08	chr15	4.055413539360161e-06
90650451.14285715	1.8195631262060613e-08	chr15	4.997895078462038e-06
92328762.55102041	2.1300490900726564e-08	chr15	5.8507241165927346e-06
94007073.95918368	2.349398589421577e-08	chr15	6.4532235668563415e-06
95685385.36734694	2.431815793102306e-08	chr15	6.67960347680505e-06
97363696.7755102	2.3528632737291197e-08	chr15	6.462740207636592e-06
99042008.18367347	2.1071338466837533e-08	chr15	5.787781545100884e-06
100720319.59183674	1.7133565295512097e-08	chr15	4.706171521814533e-06
102398631.0	1.2322173409116417e-08	chr15	3.384599794885291e-06
143503.0	7.866914365523186e-09	chr16	2.160849053481971e-06
1980193.857142857	1.1181029735226635e-08	chr16	3.0711555252465826e-06
3816884.714285714	1.4225508900468752e-08	chr16	3.907399523451271e-06
5653575.571428571	1.6439274149834868e-08	chr16	4.51546671745662e-06
7490266.428571428	1.7481390972451595e-08	chr16	4.801710731963474e-06
9326957.285714285	1.735008814354771e-08	chr16	4.76564505482837e-06
11163648.142857142	1.6365187073361664e-08	chr16	4.495116808758749e-06
13000339.0	1.502143219475188e-08	chr16	4.126020194426577e-06
14837029.857142856	1.3790547742875708e-08	chr16	3.787926326970907e-06
16673720.714285713	1.295918829953297e-08	chr16	3.559572212157687e-06
18510411.57142857	1.2581949647485251e-08	chr16	3.4559539768065362e-06
20347102.42857143	1.2545834564532248e-08	chr16	3.446034046426027e-06
22183793.285714284	1.2618586506671568e-08	chr16	3.4660172263624555e-06
24020484.14285714	1.2433519489611394e-08	chr16	3.415183841115785e-06
25857175.0	1.1572786337146393e-08	chr16	3.1787614865067606e-06
27693865.857142854	9.833102184254199e-09	chr16	2.700912779825856e-06
29530556.714285713	7.438583465016878e-09	chr16	2.043197026533209e-06
31367247.57142857	4.934742429553409e-09	chr16	1.3554531055796806e-06
33203938.428571425	2.8476114117669555e-09	chr16	7.821692391578315e-07
35040629.28571428	1.4250538755479699e-09	chr16	3.9142746127170483e-07
36877320.14285714	6.299627255982893e-10	chr16	1.7303536000133598e-07
38714011.0	3.015454456011315e-10	chr16	8.282716201470565e-08
40550701.85714286	3.270131218216731e-10	chr16	8.98225100633281e-08
42387392.71428571	7.350475808920365e-10	chr16	2.0189960073744092e-07
44224083.57142857	1.682011121601961e-09	chr16	4.620073349200656e-07
46060774.428571425	3.3254398475763285e-09	chr16	9.134170289863899e-07
47897465.28571428	5.637195208092771e-09	chr16	1.548399710957101e-06
49734156.14285714	8.29030361933224e-09	chr16	2.2771437308916045e-06
51570847.0	1.0733530860024404e-08	chr16	2.9482385242489904e-06
53407537.85714285	1.2418893397165496e-08	chr16	3.4111664110854837e-06
55244228.71428571	1.3033467347115256e-08	chr16	3.579974850626099e-06
57080919.57142857	1.261071419959288e-08	chr16	3.463854896062503e-06
58917610.428571425	1.147428751409619e-08	chr16	3.1517062678189993e-06
60754301.28571428	1.0044240257821084e-08	chr16	2.7589072469349014e-06
62590992.14285714	8.633074714263541e-09	chr16	2.3712945709324347e-06
64427683.0	7.3918529111852284e-09	chr16	2.0303612858191187e-06
66264373.85714285	6.42756448487023e-09	chr16	1.7654948291028572e-06
68101064.71428572	5.926909304632032e-09	chr16	1.62797709062591e-06
69937755.57142857	6.132660073068811e-09	chr16	1.68449179671935e-06
71774446.42857142	7.214856909038163e-09	chr16	1.9817448110566983e-06
73611137.28571428	9.183049301118622e-09	chr16	2.5223591446938024e-06
75447828.14285713	1.1880406442759151e-08	chr16	3.2632572091192367e-06
77284519.0	1.4996923935306797e-08	chr16	4.119288374711278e-06
79121209.85714285	1.808124228019991e-08	chr16	4.966475221616294e-06
80957900.71428572	2.0569648094664212e-08	chr16	5.649979464706732e-06
82794591.57142857	2.183060509429898e-08	chr16	5.9963335258470745e-06
84631282.42857142	2.128911243599948e-08	chr16	5.847598730501925e-06
86467973.28571428	1.8722193519497627e-08	chr16	5.142528857694289e-06
88304664.14285713	1.456619848787271e-08	chr16	4.000978624261027e-06
90141355.0	9.859531784036678e-09	chr16	2.708172344760764e-06
6888.0	1.012667093944125e-08	chr17	2.7815489399902397e-06
1660849.081632653	1.3798048476357027e-08	chr17	3.789986595087535e-06
3314810.163265306	1.6858745551910995e-08	chr17	4.630685256775075e-06
4968771.244897959	1.91031547412124e-08	chr17	5.247169591927189e-06
6622732.326530612	2.0668465135575574e-08	chr17	5.6771220900614706e-06
8276693.408163265	2.1673273541571157e-08	chr17	5.9531183946026456e-06
9930654.489795918	2.1975175057547272e-08	chr17	6.036043360444495e-06
11584615.57142857	2.1243511598947834e-08	chr17	5.8350732953690764e-06
13238576.653061224	1.924154922796696e-08	chr17	5.285183174103869e-06
14892537.734693877	1.6105905614473624e-08	chr17	4.423898530664987e-06
16546498.81632653	1.2408682280427578e-08	chr17	3.4083616669491016e-06
18200459.897959184	8.89795417165908e-09	chr17	2.4440504823617442e-06
19854420.979591835	6.118274264928427e-09	chr17	1.6805403669135347e-06
21508382.06122449	4.267572605717938e-09	chr17	1.172197865295807e-06
23162343.14285714	3.3500365877965175e-09	chr17	9.20173152207518e-07
24816304.224489797	3.3559433921460257e-09	chr17	9.21795606958478e-07
26470265.30612245	4.271791165495896e-09	chr17	1.1733566005355353e-06
28124226.3877551	5.957294299742477e-09	chr17	1.636323105959724e-06
29778187.469387755	8.021370984413287e-09	chr17	2.2032745106847844e-06
31432148.551020406	9.847696322132613e-09	chr17	2.7049214327176634e-06
33086109.63265306	1.0846278873039172e-08	chr17	2.9792076470695784e-06
34740070.71428572	1.0772972225557883e-08	chr17	2.9590721031366115e-06
36394031.79591837	9.83465498206243e-09	chr17	2.7013392954224757e-06
38047992.87755102	8.508746255896537e-09	chr17	2.337144582881135e-06
39701953.95918367	7.2756551922297956e-09	chr17	1.9984446131117107e-06
41355915.04081632	6.464283476895191e-09	chr17	1.7755806385416476e-06
43009876.12244898	6.22406754619019e-09	chr17	1.7095991949441397e-06
44663837.20408163	6.5271292220976935e-09	chr17	1.7928428283566711e-06
46317798.28571428	7.180401548269748e-09	chr17	1.97228076578501e-06
47971759.367346935	7.931582212569819e-09	chr17	2.1786117301285904e-06
49625720.448979594	8.642150291081615e-09	chr17	2.37378741001342e-06
51279681.530612245	9.305875195115898e-09	chr17	2.5560964150459805e-06
52933642.6122449	9.846707141178657e-09	chr17	2.7046497288921526e-06
54587603.69387755	1.0019382920029677e-08	chr17	2.7520795439317975e-06
56241564.7755102	9.65713722520766e-09	chr17	2.652579507397204e-06
57895525.85714286	8.964977296828026e-09	chr17	2.4624600963289976e-06
59549486.93877551	8.436009536245496e-09	chr17	2.317165584190092e-06
61203448.02040816	8.485254044152704e-09	chr17	2.330691846630016e-06
62857409.10204081	9.224300575375508e-09	chr17	2.5336898612608425e-06
64511370.18367347	1.0543884687306895e-08	chr17	2.896147356890026e-06
66165331.26530612	1.2305691587295027e-08	chr17	3.3800726413626222e-06
67819292.34693877	1.4388419922675488e-08	chr17	3.952147198560074e-06
69473253.42857143	1.657504294373658e-08	chr17	4.552759085997026e-06
71127214.51020408	1.8509461021831174e-08	chr17	5.084096441264033e-06
72781175.59183674	1.9820486146965862e-08	chr17	5.44420299246201e-06
74435136.67346938	2.019644782091993e-08	chr17	5.547470473149161e-06
76089097.75510204	1.9321196480120103e-08	chr17	5.307060327131212e-06
77743058.8367347	1.6962074622858075e-08	chr17	4.6590672264748716e-06
79397019.91836734	1.3307384891223751e-08	chr17	3.655213303521039e-06
81050981.0	9.1170994203567e-09	chr17	2.5042443247275157e-06
112535.0	1.353486598430731e-08	chr18	3.7176967985529525e-06
1702372.693877551	1.8651897451934883e-08	chr18	5.123220246465195e-06
3292210.387755102	2.2856849421627007e-08	chr18	6.278217753933563e-06
4882048.081632653	2.5392880302163e-08	chr18	6.974803438382259e-06
6471885.775510204	2.6032533194165788e-08	chr18	7.150500450199078e-06
8061723.469387755	2.4913368574044377e-08	chr18	6.843093289307855e-06
9651561.163265307	2.2293771852375463e-08	chr18	6.12355411123695e-06
11241398.857142856	1.8525810054066764e-08	chr18	5.088587120733794e-06
12831236.551020408	1.4194148413340262e-08	chr18	3.8987855643079875e-06
14421074.24489796	1.013402007707855e-08	chr18	2.7835675684345847e-06
16010911.93877551	7.181953213799215e-09	chr18	1.9727069703723335e-06
17600749.63265306	5.806706523179996e-09	chr18	1.5949603251625862e-06
19190587.326530613	5.888785567149085e-09	chr18	1.6175054319516717e-06
20780425.020408165	6.811384901499223e-09	chr18	1.8709209142798576e-06
22370262.714285713	7.815962849939421e-09	chr18	2.1468539177645723e-06
23960100.408163264	8.391404876629091e-09	chr18	2.30491377464512e-06
25549938.102040816	8.437481057670664e-09	chr18	2.3175697751512506e-06
27139775.795918368	8.13297737923936e-09	chr18	2.233930058898117e-06
28729613.48979592	7.693758007112005e-09	chr18	2.113287234985895e-06
30319451.183673467	7.249866775865074e-09	chr18	1.9913611655866272e-06
31909288.87755102	6.868282276433934e-09	chr18	1.8865492322023322e-06
33499126.57142857	6.592448811016251e-09	chr18	1.8107845225623522e-06
35088964.26530612	6.440346725370094e-09	chr18	1.7690057980802947e-06
36678801.95918367	6.414270961791822e-09	chr18	1.7618434233004363e-06
38268639.653061226	6.544466024632609e-09	chr18	1.797604824179602e-06
39858477.346938774	6.90417852473259e-09	chr18	1.8964090540531509e-06
41448315.04081633	7.537574337576694e-09	chr18	2.0703873991921094e-06
43038152.73469388	8.340208893985046e-09	chr18	2.2908514898027573e-06
44627990.428571425	9.028754764440783e-09	chr18	2.479978207512268e-06
46217828.12244898	9.299717181843744e-09	chr18	2.554404959345283e-06
47807665.81632653	9.087532189059954e-09	chr18	2.496122929121424e-06
49397503.510204084	8.68849341340883e-09	chr18	2.386516732764793e-06
50987341.20408163	8.601985979360655e-09	chr18	2.362755255481988e-06
52577178.89795918	9.178988080728836e-09	chr18	2.521243626737523e-06
54167016.591836736	1.0345253687964015e-08	chr18	2.8415882773094395e-06
55756854.28571428	1.163590594156846e-08	chr18	3.1960988987543525e-06
57346691.97959184	1.252927775805866e-08	chr18	3.441486296452552e-06
58936529.67346939	1.2799678691712584e-08	chr18	3.515758822426319e-06
60526367.367346935	1.2611588894477127e-08	chr18	3.46409515336351e-06
62116205.06122449	1.2345964343629706e-08	chr18	3.3911345829782933e-06
63706042.75510204	1.2359722059727051e-08	chr18	3.3949134912548733e-06
65295880.448979594	1.285274942875549e-08	chr18	3.530336056469864e-06
66885718.14285714	1.3863810901966405e-08	chr18	3.8080499257061404e-06
68475555.8367347	1.529262372907582e-08	chr18	4.2005098790765555e-06
70065393.53061225	1.685863285325488e-08	chr18	4.630654301209389e-06
71655231.2244898	1.8052584779125683e-08	chr18	4.958603706662122e-06
73245068.91836734	1.822657050128207e-08	chr18	5.006393331103522e-06
74834906.6122449	1.6876607111400175e-08	chr18	4.6355913905045915e-06
76424744.30612245	1.3986389224859454e-08	chr18	3.841719194328367e-06
78014582.0	1.016221760212346e-08	chr18	2.7913127392185523e-06
261033.0	1.5925643037035432e-08	chr19	4.374384807528172e-06
1460972.7959183673	2.1179453087994315e-08	chr19	5.817477988450775e-06
2660912.5918367347	2.5021829323938237e-08	chr19	6.872884805759999e-06
3860852.387755102	2.6831322036533058e-08	chr19	7.369908217178944e-06
5060792.183673469	2.6743613622875637e-08	chr19	7.34581686015787e-06
6260731.979591837	2.5310438287967753e-08	chr19	6.952158632545593e-06
7460671.775510204	2.3082296344619057e-08	chr19	6.340142512170765e-06
8660611.57142857	2.0518822133714477e-08	chr19	5.636018815777863e-06
9860551.367346939	1.8124145861043965e-08	chr19	4.978259786408833e-06
11060491.163265307	1.643978377431894e-08	chr19	4.515606698843587e-06
12260430.959183674	1.579630323037374e-08	chr19	4.338858324612927e-06
13460370.75510204	1.607794886983071e-08	chr19	4.41621949637108e-06
14660310.551020408	1.6739111221802358e-08	chr19	4.597824630998833e-06
15860250.346938776	1.7049459190023448e-08	chr19	4.683069630781667e-06
17060190.14285714	1.640792920966284e-08	chr19	4.506857028682199e-06
18260129.93877551	1.4603792944830047e-08	chr19	4.0113049025142195e-06
19460069.734693877	1.1913949104654579e-08	chr19	3.2724705583232965e-06
20660009.530612245	8.93975504885242e-09	chr19	2.455532161419266e-06
21859949.326530613	6.273730267270472e-09	chr19	1.7232403303186354e-06
23059889.12244898	4.273160201856199e-09	chr19	1.1737326413548314e-06
24259828.91836735	3.0960048355860887e-09	chr19	8.503968401983348e-07
25459768.714285713	2.8532815191131677e-09	chr19	7.837266790285259e-07
26659708.51020408	3.640856881002598e-09	chr19	1.0000543770574743e-06
27859648.30612245	5.405716050727717e-09	chr19	1.4848180454078772e-06
29059588.102040816	7.815727814138043e-09	chr19	2.1467893591758622e-06
30259527.897959184	1.0311983777907901e-08	chr19	2.8324498463676656e-06
31459467.69387755	1.2331182560245333e-08	chr19	3.387074388453375e-06
32659407.48979592	1.350793894283664e-08	chr19	3.710300598547272e-06
33859347.28571428	1.3727283688207082e-08	chr19	3.7705492377719654e-06
35059287.08163265	1.310149249704198e-08	chr19	3.5986596962977794e-06
36259226.87755102	1.1964517671581912e-08	chr19	3.2863605074067325e-06
37459166.67346939	1.0801504952914665e-08	chr19	2.9669093458009483e-06
38659106.469387755	1.0031492573854067e-08	chr19	2.755405769792232e-06
39859046.26530612	9.807732726794597e-09	chr19	2.6939444100697063e-06
41058986.06122449	1.005993120847581e-08	chr19	2.7632171674825417e-06
42258925.85714286	1.070679621585344e-08	chr19	2.940895171077996e-06
43458865.653061226	1.1763508030078192e-08	chr19	3.23114807297531e-06
44658805.448979594	1.3267307949832531e-08	chr19	3.6442051474832415e-06
45858745.24489796	1.520331457985051e-08	chr19	4.175978839128219e-06
47058685.04081633	1.7543448208072748e-08	chr19	4.818756337473221e-06
48258624.8367347	2.0285634073457996e-08	chr19	5.571967756381972e-06
49458564.63265306	2.3369753566805187e-08	chr19	6.419099983628654e-06
50658504.428571425	2.6534090755678866e-08	chr19	7.288266050751688e-06
51858444.22448979	2.926307557983442e-08	chr19	8.037851466360954e-06
53058384.02040816	3.0875682575961046e-08	chr19	8.480795184737997e-06
54258323.81632653	3.0711331997050105e-08	chr19	8.435652098595441e-06
55458263.6122449	2.8379925954504748e-08	chr19	7.79527185467229e-06
56658203.408163264	2.4010884814539005e-08	chr19	6.595203063623373e-06
57858143.20408163	1.8336062939169038e-08	chr19	5.036468227025661e-06
59058083.0	1.246861625774632e-08	chr19	3.4248240653105457e-06
752721.0	3.713817737497792e-09	chr1	1.020094940660125e-06
5822475.897959184	5.183884162405162e-09	chr1	1.4238862488175078e-06
10892230.795918368	6.088673491633396e-09	chr1	1.6724097581405172e-06
15961985.693877552	6.274789814319069e-09	chr1	1.7235313619901015e-06
21031740.591836736	5.927422544124214e-09	chr1	1.6281180649672288e-06
26101495.48979592	5.369779651989087e-09	chr1	1.4749471952127567e-06
31171250.387755103	4.839543188490209e-09	chr1	1.3293042013987545e-06
36241005.28571428	4.392853238590885e-09	chr1	1.2066093924060458e-06
41310760.18367347	4.030150868354179e-09	chr1	1.106983918299397e-06
46380515.08163266	3.847510449167229e-09	chr1	1.0568170601653788e-06
51450269.97959184	3.933478676780631e-09	chr1	1.08043043062255e-06
56520024.87755102	4.156043626559674e-09	chr1	1.1415635812738378e-06
61589779.77551021	4.228188673107922e-09	chr1	1.1613800618281964e-06
66659534.673469394	4.022839911056653e-09	chr1	1.1049757770609922e-06
71729289.57142857	3.7011982830465134e-09	chr1	1.0166286850305977e-06
76799044.46938775	3.4896559980953133e-09	chr1	9.585231909360507e-07
81868799.36734694	3.4298590504160897e-09	chr1	9.420984312666134e-07
86938554.26530613	3.4077022036926757e-09	chr1	9.360124871408889e-07
92008309.16326532	3.357013448158955e-09	chr1	9.220895251855333e-07
97078064.06122449	3.338966696784356e-09	chr1	9.171325237724853e-07
102147818.95918368	3.408357523798812e-09	chr1	9.361924875534113e-07
107217573.85714287	3.4514356107846543e-09	chr1	9.480249849169415e-07
112287328.75510204	3.2205656440778956e-09	chr1	8.846106491486461e-07
117357083.65306123	2.5811368350052056e-09	chr1	7.08975187434562e-07
122426838.55102041	1.6978238322892947e-09	chr1	4.6635069997199173e-07
127496593.4489796	9.150781772402508e-10	chr1	2.513496043400875e-07
132566348.34693879	4.928995517808754e-10	chr1	1.3538745694183738e-07
137636103.24489796	5.218619053441271e-10	chr1	1.433427074220046e-07
142705858.14285713	1.0138952509611182e-09	chr1	2.78492238706795e-07
147775613.04081634	1.9290547019717524e-09	chr1	5.298641669647042e-07
152845367.9387755	3.0796640619990867e-09	chr1	8.459084291774417e-07
157915122.8367347	4.0971243102534365e-09	chr1	1.1253798854870755e-06
162984877.73469388	4.608715335584484e-09	chr1	1.2659014332620456e-06
168054632.63265306	4.506754882715608e-09	chr1	1.2378953894896786e-06
173124387.53061226	4.018188914883878e-09	chr1	1.103698262115395e-06
178194142.42857143	3.483410291823631e-09	chr1	9.568076481122165e-07
183263897.32653064	3.1246227726233624e-09	chr1	8.582574878787785e-07
188333652.2244898	3.0423003222138996e-09	chr1	8.35645523291088e-07
193403407.12244898	3.278028637765412e-09	chr1	9.003943287148152e-07
198473162.02040818	3.746980941897813e-09	chr1	1.0292040621668072e-06
203542916.91836736	4.20136401676423e-09	chr1	1.1540119845138845e-06
208612671.81632653	4.40987974245319e-09	chr1	1.2112861567694931e-06
213682426.71428573	4.37483095247395e-09	chr1	1.2016591110011751e-06
218752181.6122449	4.339159293730657e-09	chr1	1.191860978410666e-06
223821936.51020408	4.59482314635905e-09	chr1	1.2620855885046489e-06
228891691.40816328	5.210857829882343e-09	chr1	1.4312952558473089e-06
233961446.30612245	5.85069470123792e-09	chr1	1.6070428022945892e-06
239031201.20408165	5.925796924995611e-09	chr1	1.6276715471341687e-06
244100956.10204083	5.0779116033711034e-09	chr1	1.3947781775656635e-06
249170711.0	3.5413814449159863e-09	chr1	9.727309066439044e-07
69094.0	1.4559404123530643e-08	chr20	3.9991123784783205e-06
1351490.3265306123	1.911436822715055e-08	chr20	5.250249662377921e-06
2633886.6530612246	2.2654040024392744e-08	chr20	6.222510970601651e-06
3916282.979591837	2.477209137277201e-08	chr20	6.804287895926956e-06
5198679.306122449	2.544035561770791e-08	chr20	6.987843746931767e-06
6481075.632653061	2.4892524766263456e-08	chr20	6.8373680048797245e-06
7763471.959183674	2.3528693447617125e-08	chr20	6.462756883278937e-06
9045868.285714285	2.1777586694426722e-08	chr20	5.981770667544818e-06
10328264.612244898	1.9959493548893697e-08	chr20	5.482384927452829e-06
11610660.938775511	1.828822401319714e-08	chr20	5.023328043581057e-06
12893057.265306123	1.6950190311934488e-08	chr20	4.6558028968003215e-06
14175453.591836736	1.606935075492258e-08	chr20	4.413857804404229e-06
15457849.918367349	1.5575571888297744e-08	chr20	4.278228821171396e-06
16740246.24489796	1.5182880408113586e-08	chr20	4.170366071706988e-06
18022642.57142857	1.4546107211009418e-08	chr20	3.995460041678819e-06
19305038.897959184	1.3446842939763794e-08	chr20	3.6935190201192587e-06
20587435.224489797	1.1864088979978014e-08	chr20	3.2587752010068345e-06
21869831.55102041	9.926492990313714e-09	chr20	2.726564951122143e-06
23152227.877551023	7.829646256791917e-09	chr20	2.150612415108233e-06
24434624.204081632	5.795126861317688e-09	chr20	1.5917796751374036e-06
25717020.530612245	4.070427344216836e-09	chr20	1.1180468815784723e-06
26999416.85714286	2.894745322594644e-09	chr20	7.951157721778514e-07
28281813.18367347	2.3980681991377647e-09	chr20	6.58690708647041e-07
29564209.510204084	2.521270750266969e-09	chr20	6.9253143750521e-07
30846605.836734697	3.06558406995326e-09	chr20	8.42040999576505e-07
32129002.163265307	3.84719155671322e-09	chr20	1.0567294682042376e-06
33411398.48979592	4.80467887771571e-09	chr20	1.3197278275580095e-06
34693794.81632653	5.957469753946917e-09	chr20	1.6363712989403489e-06
35976191.14285714	7.293231543659577e-09	chr20	2.003272407159801e-06
37258587.469387755	8.729057274561865e-09	chr20	2.397658633757417e-06
38540983.79591837	1.0158571790228285e-08	chr20	2.790311323820237e-06
39823380.12244898	1.1486800694703457e-08	chr20	3.1551433326216567e-06
41105776.448979594	1.2627826681248669e-08	chr20	3.468555276423918e-06
42388172.77551021	1.352882653287446e-08	chr20	3.716037908891026e-06
43670569.10204082	1.4221686300014084e-08	chr20	3.9063495485576195e-06
44952965.42857143	1.4827980018665574e-08	chr20	4.0728836109877e-06
46235361.755102046	1.5502374300839483e-08	chr20	4.258123233360561e-06
47517758.08163266	1.637051113944809e-08	chr20	4.496579199555062e-06
48800154.408163264	1.7487096440304383e-08	chr20	4.803277884500865e-06
50082550.73469388	1.8815720424097536e-08	chr20	5.168218411932416e-06
51364947.06122449	2.0258807434670155e-08	chr20	5.564599134538717e-06
52647343.3877551	2.172805778450255e-08	chr20	5.96816628682362e-06
53929739.71428572	2.316525684172187e-08	chr20	6.362929732586769e-06
55212136.04081633	2.445968082746891e-08	chr20	6.718476356643587e-06
56494532.36734694	2.5336673662820337e-08	chr20	6.959364848640483e-06
57776928.693877555	2.5338634802050642e-08	chr20	6.95990352564301e-06
59059325.02040817	2.396458746555914e-08	chr20	6.582486313691494e-06
60341721.34693878	2.0954537094950834e-08	chr20	5.755699063690782e-06
61624117.673469394	1.6573356702797573e-08	chr20	4.552295916834671e-06
62906514.0	1.1633122379891837e-08	chr20	3.1953343224116126e-06
14665973.0	1.1344983549245284e-08	chr21	3.116189629772951e-06
15348194.020408163	1.776486392862098e-08	chr21	4.879573822950052e-06
16030415.040816326	2.4501538421205928e-08	chr21	6.729973614349106e-06
16712636.06122449	3.038058848728637e-08	chr21	8.344804942161352e-06
17394857.08163265	3.4570463409637544e-08	chr21	9.495661153314257e-06
18077078.102040816	3.676729826472192e-08	chr21	1.0099077981908346e-05
18759299.12244898	3.710024271775622e-08	chr21	1.0190529683652324e-05
19441520.14285714	3.5988921150219444e-08	chr21	9.885276817566724e-06
20123741.163265307	3.4034152609119585e-08	chr21	9.34834968762064e-06
20805962.18367347	3.18277835739476e-08	chr21	8.742314052838916e-06
21488183.204081632	2.9686285932519658e-08	chr21	8.154097004005477e-06
22170404.224489797	2.7591637123197243e-08	chr21	7.578748184036408e-06
22852625.24489796	2.548939378378529e-08	chr21	7.001313332315482e-06
23534846.265306123	2.358890598580066e-08	chr21	6.479295795499953e-06
24217067.285714287	2.2253404522024077e-08	chr21	6.112466192450944e-06
24899288.306122452	2.166847578177968e-08	chr21	5.951800567278927e-06
25581509.326530613	2.1799644904842515e-08	chr21	5.987829518688204e-06
26263730.346938774	2.2603527412801318e-08	chr21	6.208636391081046e-06
26945951.36734694	2.3949590147818517e-08	chr21	6.57836691714809e-06
27628172.387755103	2.5247086193539642e-08	chr21	6.934757360977033e-06
28310393.408163264	2.553280749369234e-08	chr21	7.013238017090484e-06
28992614.42857143	2.4295005924013897e-08	chr21	6.673244186477548e-06
29674835.448979594	2.2151126497811578e-08	chr21	6.084372919594162e-06
30357056.469387755	2.0491473831499925e-08	chr21	5.628506905744414e-06
31039277.48979592	2.0399453113880653e-08	chr21	5.603231064248063e-06
31721498.510204084	2.189641082144866e-08	chr21	6.014408750340207e-06
32403719.530612245	2.4096590850947966e-08	chr21	6.618744416566482e-06
33085940.55102041	2.599524583691662e-08	chr21	7.140258524728042e-06
33768161.571428575	2.717920204963004e-08	chr21	7.465462352141988e-06
34450382.591836736	2.7908378412638495e-08	chr21	7.665749272860675e-06
35132603.612244904	2.860033578897853e-08	chr21	7.8558130478354e-06
35814824.63265306	2.931446222578345e-08	chr21	8.051966121752044e-06
36497045.653061226	2.978389066236195e-08	chr21	8.180906637146951e-06
37179266.673469394	2.98749335262091e-08	chr21	8.205913886117725e-06
37861487.69387755	2.9892557579953847e-08	chr21	8.210754782825558e-06
38543708.71428572	3.044567874141214e-08	chr21	8.36268364370601e-06
39225929.73469388	3.20903344187739e-08	chr21	8.814430351323129e-06
39908150.75510204	3.5029757715632245e-08	chr21	9.621818070787237e-06
40590371.77551021	3.8950992246280553e-08	chr21	1.0698885333800303e-05
41272592.79591837	4.3005782605782285e-08	chr21	1.181263711795544e-05
41954813.81632653	4.598850032611064e-08	chr21	1.2631916757126496e-05
42637034.8367347	4.677156272321065e-08	chr21	1.2847004854056397e-05
43319255.85714286	4.491695319091158e-08	chr21	1.2337588955237143e-05
44001476.87755102	4.1066400715883144e-08	chr21	1.1279936324936203e-05
44683697.89795919	3.658744549782227e-08	chr21	1.0049676823707817e-05
45365918.91836735	3.253546976682674e-08	chr21	8.936698149194013e-06
46048139.93877551	2.8860919771103326e-08	chr21	7.92738909721947e-06
46730360.95918368	2.471119913412147e-08	chr21	6.787562286604314e-06
47412581.97959184	1.950809777562689e-08	chr21	5.3583975438245e-06
48094803.0	1.3658005011646442e-08	chr21	3.751520078978957e-06
17087705.0	2.093977555259553e-08	chr22	5.7516444288817155e-06
17784482.55102041	2.7313218715938427e-08	chr22	7.5022734540668315e-06
18481260.102040816	3.1316868938151894e-08	chr22	8.601978292733587e-06
19178037.653061226	3.253101764502417e-08	chr22	8.935475260176022e-06
19874815.204081632	3.1873050072948376e-08	chr22	8.754747653482766e-06
20571592.755102042	3.078809117577196e-08	chr22	8.45673596845604e-06
21268370.30612245	3.028820793082279e-08	chr22	8.319430261731462e-06
21965147.85714286	3.0532638989766876e-08	chr22	8.386569498008861e-06
22661925.408163264	3.108620985033935e-08	chr22	8.538621880242167e-06
23358702.959183674	3.1574709373403384e-08	chr22	8.672800756863144e-06
24055480.51020408	3.219453259357241e-08	chr22	8.8430510426039e-06
24752258.06122449	3.3546773952184874e-08	chr22	9.214478685523538e-06
25449035.612244897	3.5830308178227276e-08	chr22	9.84170971177728e-06
26145813.163265307	3.8154391439431846e-08	chr22	1.0480078566686405e-05
26842590.714285716	3.877486350196685e-08	chr22	1.0650507073562826e-05
27539368.265306123	3.625511908621434e-08	chr22	9.958394882834383e-06
28236145.81632653	3.0637250413744035e-08	chr22	8.41530369873629e-06
28932923.36734694	2.3579667869976323e-08	chr22	6.4767583109275444e-06
29629700.91836735	1.7331617689264617e-08	chr22	4.760571672584639e-06
30326478.469387755	1.3483987251976912e-08	chr22	3.7037216546159185e-06
31023256.02040816	1.243974415214349e-08	chr22	3.4168936037388114e-06
31720033.57142857	1.3634282318031592e-08	chr22	3.7450040349924674e-06
32416811.12244898	1.6011802082108056e-08	chr22	4.398050590876471e-06
33113588.673469387	1.853571830978205e-08	chr22	5.091308676351312e-06
33810366.22448979	2.0706496418698583e-08	chr22	5.6875683537832686e-06
34507143.77551021	2.2777255604932165e-08	chr22	6.2563552783202756e-06
35203921.32653061	2.5305469338542583e-08	chr22	6.950793783614578e-06
35900698.87755102	2.8298218848349246e-08	chr22	7.772828910107821e-06
36597476.42857143	3.0799812147038035e-08	chr22	8.459955432719843e-06
37294253.97959183	3.145594657817058e-08	chr22	8.64017952041085e-06
37991031.530612245	2.956669380055703e-08	chr22	8.121247969028324e-06
38687809.08163265	2.5595155250738327e-08	chr22	7.030363421733247e-06
39384586.63265306	2.075337258640051e-08	chr22	5.700444091067697e-06
40081364.18367347	1.6301026803129075e-08	chr22	4.477493551054199e-06
40778141.73469388	1.324843082249093e-08	chr22	3.6390200620922884e-06
41474919.28571428	1.2391169476776904e-08	chr22	3.403551327922377e-06
42171696.8367347	1.4221839979487299e-08	chr22	3.906391760551904e-06
42868474.3877551	1.8616207899462582e-08	chr22	5.113417198904776e-06
43565251.93877551	2.4612672427796255e-08	chr22	6.76049940906257e-06
44262029.48979592	3.06457029514441e-08	chr22	8.417625404203017e-06
44958807.04081632	3.529188303558789e-08	chr22	9.693817487992303e-06
45655584.591836736	3.8091796832564555e-08	chr22	1.0462885358432476e-05
46352362.14285714	3.972413931513627e-08	chr22	1.0911249932461869e-05
47049139.69387755	4.122354510604524e-08	chr22	1.1323100047199397e-05
47745917.24489796	4.282439181365347e-08	chr22	1.1762813501824618e-05
48442694.79591837	4.3463934685195355e-08	chr22	1.19384802937105e-05
49139472.346938774	4.147352557940817e-08	chr22	1.1391763571950926e-05
49836249.89795919	3.594845363839654e-08	chr22	9.87416138137963e-06
50533027.448979594	2.763348636083088e-08	chr22	7.59024314652461e-06
51229805.0	1.8557245491747724e-08	chr22	5.097221666961523e-06
118913.0	4.083339282249202e-09	chr2	1.121593475297368e-06
5076567.0	5.68231102183078e-09	chr2	1.5607919220430753e-06
10034221.0	6.449266134642978e-09	chr2	1.7714557417544495e-06
14991875.0	6.245600829342853e-09	chr2	1.7155138614012591e-06
19949529.0	5.533102797808531e-09	chr2	1.5198080706027703e-06
24907183.0	4.883017707182259e-09	chr2	1.3412455888604004e-06
29864837.0	4.54612649863016e-09	chr2	1.248709809862152e-06
34822491.0	4.438055020046555e-09	chr2	1.2190252167224057e-06
39780145.0	4.3596118711335045e-09	chr2	1.197478801418362e-06
44737799.0	4.175485505249949e-09	chr2	1.1469037900537766e-06
49695453.0	3.89615294107204e-09	chr2	1.0701779635269506e-06
54653107.0	3.6757112512929734e-09	chr2	1.009628020490246e-06
59610761.0	3.6691394091318066e-09	chr2	1.0078228961106256e-06
64568415.0	3.841437141680413e-09	chr2	1.0551488710731085e-06
69526069.0	3.9617805373502045e-09	chr2	1.088204259824449e-06
74483723.0	3.797818257851531e-09	chr2	1.0431678300376741e-06
79441377.0	3.295227172898379e-09	chr2	9.051183458626587e-07
84399031.0	2.6171888998689177e-09	chr2	7.188778082865486e-07
89356685.0	2.0634123884975978e-09	chr2	5.667689388063502e-07
94314339.0	1.89435852438935e-09	chr2	5.203339752014701e-07
99271993.0	2.1410972237956717e-09	chr2	5.881070638988789e-07
104229647.0	2.5910494156291027e-09	chr2	7.116979309987456e-07
109187301.0	3.0023030339175455e-09	chr2	8.246592460111682e-07
114144955.0	3.2959178300961986e-09	chr2	9.053080525103794e-07
119102609.0	3.5186777210815985e-09	chr2	9.664947487453189e-07
124060263.0	3.70159301794708e-09	chr2	1.0167371090576855e-06
129017917.0	3.8046852004895666e-09	chr2	1.0450540113039587e-06
133975571.0	3.761304312501446e-09	chr2	1.0331383419076892e-06
138933225.0	3.5609361270766513e-09	chr2	9.781020997794487e-07
143890879.0	3.2902185144062257e-09	chr2	9.037425898217114e-07
148848533.0	3.0768721325515752e-09	chr2	8.45141554412606e-07
153806187.0	3.0125404911097136e-09	chr2	8.274712252263872e-07
158763841.0	3.1346213898565117e-09	chr2	8.610038635961837e-07
163721495.0	3.405038650845508e-09	chr2	9.352808742897404e-07
168679149.0	3.6624338483173394e-09	chr2	1.0059810424859685e-06
173636803.0	3.6897610947316865e-09	chr2	1.0134871690058524e-06
178594457.0	3.4196426259956806e-09	chr2	9.392922292396079e-07
183552111.0	3.022738994790644e-09	chr2	8.30272504864367e-07
188509765.0	2.741108697352009e-09	chr2	7.52915547183584e-07
193467419.0	2.6935142469213085e-09	chr2	7.398425151934444e-07
198425073.0	2.8729409667122873e-09	chr2	7.891266486688094e-07
203382727.0	3.247455411376634e-09	chr2	8.919966108505395e-07
208340381.0	3.793452456752652e-09	chr2	1.0419686512067023e-06
213298035.0	4.456428444088634e-09	chr2	1.2240719471310327e-06
218255689.0	5.135470611836569e-09	chr2	1.4105882300440584e-06
223213343.0	5.725618757488483e-09	chr2	1.5726874982825365e-06
228170997.0	6.106026163534575e-09	chr2	1.6771761128904016e-06
233128651.0	6.041752736360665e-09	chr2	1.659521773740423e-06
238086305.0	5.2689800217339184e-09	chr2	1.4472600010337047e-06
243043959.0	3.841339375297041e-09	chr2	1.0551220170376942e-06
108226.0	5.47323880377239e-09	chr3	1.5033648949381724e-06
4142756.9795918367	7.229478342058991e-09	chr3	1.985760961256842e-06
8177287.959183673	7.93637119439212e-09	chr3	2.1799271463587728e-06
12211818.93877551	7.592479330655525e-09	chr3	2.085468458526602e-06
16246349.918367347	6.7818749647582056e-09	chr3	1.862815256087543e-06
20280880.897959184	6.09518099175565e-09	chr3	1.6741972093350199e-06
24315411.87755102	5.709261420769282e-09	chr3	1.5681945377741477e-06
28349942.85714286	5.4348827919937935e-09	chr3	1.492829436193337e-06
32384473.836734693	5.034434086764547e-09	chr3	1.3828359666501928e-06
36419004.81632653	4.459197988597356e-09	chr3	1.2248326733004281e-06
40453535.79591837	3.856687475087874e-09	chr3	1.0593377648347105e-06
44488066.77551021	3.4673001004087044e-09	chr3	9.523825723769422e-07
48522597.75510204	3.5248214900256406e-09	chr3	9.681822918773156e-07
52557128.73469388	4.114814807568436e-09	chr3	1.1302390326193068e-06
56591659.71428572	5.0352985560170906e-09	chr3	1.3830734152201567e-06
60626190.69387755	5.861904322629164e-09	chr3	1.6101218112487629e-06
64660721.67346939	6.216628906198315e-09	chr3	1.7075559823910605e-06
68695252.65306123	5.9604313226735296e-09	chr3	1.6371847694679765e-06
72729783.63265306	5.169509651026198e-09	chr3	1.4199379219558828e-06
76764314.6122449	4.052658919685786e-09	chr3	1.113166329745081e-06
80798845.59183674	2.9058719619446223e-09	chr3	7.981719879939538e-07
84833376.57142857	2.021362854399387e-09	chr3	5.552189597759843e-07
88867907.55102041	1.572932709747563e-09	chr3	4.3204616182736506e-07
92902438.53061225	1.583908630850818e-09	chr3	4.3506097902570685e-07
96936969.51020408	1.9575098809117128e-09	chr3	5.376801089747688e-07
100971500.48979592	2.5210562282218855e-09	chr3	6.924725135438533e-07
105006031.46938775	3.099616133010528e-09	chr3	8.513887753153154e-07
109040562.44897959	3.5860175970276047e-09	chr3	9.849913664074132e-07
113075093.42857143	3.944705023179153e-09	chr3	1.083514033527346e-06
117109624.40816326	4.17663233689304e-09	chr3	1.1472187966695006e-06
121144155.3877551	4.300805849868114e-09	chr3	1.1813262250095926e-06
125178686.36734694	4.346854868417189e-09	chr3	1.1939747646430762e-06
129213217.34693877	4.352793843049962e-09	chr3	1.195606055784381e-06
133247748.3265306	4.37406675082836e-09	chr3	1.2014492034915954e-06
137282279.30612245	4.463984936749194e-09	chr3	1.2261475309310512e-06
141316810.2857143	4.6019318361260216e-09	chr3	1.2640381717972515e-06
145351341.26530612	4.650127514828663e-09	chr3	1.277276346495445e-06
149385872.24489796	4.446769780515536e-09	chr3	1.2214189483731845e-06
153420403.2244898	3.995093274331338e-09	chr3	1.0973544542755345e-06
157454934.20408162	3.5487029620371894e-09	chr3	9.747419484077169e-07
161489465.18367347	3.459237480948717e-09	chr3	9.501679679184201e-07
165523996.16326532	3.894597977004979e-09	chr3	1.069750852911989e-06
169558527.14285713	4.702155773123948e-09	chr3	1.291567237112532e-06
173593058.12244898	5.591400131038873e-09	chr3	1.535820922844226e-06
177627589.10204083	6.428447245188783e-09	chr3	1.7657373017814919e-06
181662120.08163264	7.216448542998602e-09	chr3	1.982181993994901e-06
185696651.0612245	7.774576230034811e-09	chr3	2.1354860250569026e-06
189731182.04081634	7.656677944715144e-09	chr3	2.103102248343044e-06
193765713.02040815	6.551064973536022e-09	chr3	1.7994173941186376e-06
197800244.0	4.6892878924962085e-09	chr3	1.2880327448856142e-06
167596.0	4.833139853771139e-09	chr4	1.327545361893971e-06
4060843.5918367347	6.6694219959125024e-09	chr4	1.8319271746872422e-06
7954091.183673469	7.604150098840785e-09	chr4	2.08867413323142e-06
11847338.775510203	7.525931144892753e-09	chr4	2.067189298803365e-06
15740586.367346939	6.952774132422375e-09	chr4	1.909757079467035e-06
19633833.959183674	6.433167204173567e-09	chr4	1.7670337591256115e-06
23527081.551020406	6.111876971855139e-09	chr4	1.6787831869011475e-06
27420329.14285714	5.853458226874391e-09	chr4	1.6078018752269212e-06
31313576.734693877	5.548263066275171e-09	chr4	1.5239722257269494e-06
35206824.32653061	5.165896010635865e-09	chr4	1.4189453432834498e-06
39100071.91836735	4.6542197653514245e-09	chr4	1.2784003876706578e-06
42993319.510204084	4.0123366154006476e-09	chr4	1.1020907785187194e-06
46886567.10204081	3.4361778903538525e-09	chr4	9.438340621206187e-07
50779814.69387755	3.181065085047537e-09	chr4	8.737608112545377e-07
54673062.28571428	3.255780848499732e-09	chr4	8.942834048960056e-07
58566309.87755102	3.4126029312981285e-09	chr4	9.373585972058497e-07
62459557.469387755	3.461681149682357e-09	chr4	9.508391839790971e-07
66352805.06122449	3.4621145775828263e-09	chr4	9.509582360273292e-07
70246052.65306123	3.5801678970223316e-09	chr4	9.83384596823783e-07
74139300.24489796	3.867478653428345e-09	chr4	1.062301837712528e-06
78032547.8367347	4.213016077857659e-09	chr4	1.1572125208379094e-06
81925795.42857143	4.447744106011362e-09	chr4	1.221686571767519e-06
85819043.02040817	4.468496336513538e-09	chr4	1.2273867021559707e-06
89712290.6122449	4.299426045938298e-09	chr4	1.1809472266021862e-06
93605538.20408162	4.066533752393578e-09	chr4	1.1169774070913971e-06
97498785.79591836	3.912365850907712e-09	chr4	1.0746312535012428e-06
101392033.3877551	3.911726941006299e-09	chr4	1.074455760570777e-06
105285280.97959183	4.025256837488343e-09	chr4	1.1056396476650934e-06
109178528.57142857	4.115666493798181e-09	chr4	1.130472970005415e-06
113071776.1632653	4.053792677838676e-09	chr4	1.1134777453926553e-06
116965023.75510204	3.84429612795207e-09	chr4	1.0559341647081966e-06
120858271.34693877	3.6238050290874615e-09	chr4	9.95370650203599e-07
124751518.93877551	3.5360024958792233e-09	chr4	9.712534408428583e-07
128644766.53061225	3.6439948539577307e-09	chr4	1.000916301514116e-06
132538014.12244898	3.924227170988676e-09	chr4	1.077889268153382e-06
136431261.7142857	4.26824616543198e-09	chr4	1.1723828756827166e-06
140324509.30612245	4.524942444465468e-09	chr4	1.242891068070415e-06
144217756.89795917	4.625574757468187e-09	chr4	1.2705323042906297e-06
148111004.48979592	4.644141984253275e-09	chr4	1.2756322675748588e-06
152004252.08163264	4.685529032445064e-09	chr4	1.2870002779225461e-06
155897499.6734694	4.772022040561608e-09	chr4	1.3107577927546037e-06
159790747.26530612	4.890094001460693e-09	chr4	1.3431892739042755e-06
163683994.85714287	5.0897476634896815e-09	chr4	1.3980292539236663e-06
167577242.4489796	5.496300533969197e-09	chr4	1.5096993884323206e-06
171470490.04081634	6.238215070784101e-09	chr4	1.7134851740850645e-06
175363737.63265306	7.294716798102489e-09	chr4	2.003680370245202e-06
179256985.2244898	8.30938695315576e-09	chr4	2.2823854561620045e-06
183150232.81632653	8.62415996896087e-09	chr4	2.368845908336877e-06
187043480.40816325	7.72415063730035e-09	chr4	2.1216353474889533e-06
190936728.0	5.7535824053473445e-09	chr4	1.5803684287211007e-06
157856.0	5.840206100452231e-09	chr5	1.6041618400739465e-06
3842243.285714286	7.739115788808934e-09	chr5	2.1257459087547855e-06
7526630.571428572	8.586900704236032e-09	chr5	2.3586116991954964e-06
11211017.857142858	8.261673333803966e-09	chr5	2.2692796913825672e-06
14895405.142857144	7.232469345657262e-09	chr5	1.9865825168241184e-06
18579792.42857143	6.153856127347125e-09	chr5	1.6903138346489316e-06
22264179.714285716	5.493573644306636e-09	chr5	1.508950378506381e-06
25948567.0	5.359513133989995e-09	chr5	1.4721272337043264e-06
29632954.285714287	5.483729491977801e-09	chr5	1.5062464305219819e-06
33317341.571428575	5.403822396583286e-09	chr5	1.4842979049086302e-06
37001728.85714286	4.825513192514168e-09	chr5	1.3254505044959322e-06
40686116.14285714	3.890093361694625e-09	chr5	1.0685135452107212e-06
44370503.42857143	3.0645396392096813e-09	chr5	8.417541199844785e-07
48054890.71428572	2.7395401137830767e-09	chr5	7.524846956244151e-07
51739278.0	2.9263306373375096e-09	chr5	8.03791485970436e-07
55423665.28571429	3.340782545096282e-09	chr5	9.176312929116649e-07
59108052.571428575	3.747170923429353e-09	chr5	1.0292562454490361e-06
62792439.85714286	4.155017675464703e-09	chr5	1.141281777589511e-06
66476827.14285715	4.6747107832129445e-09	chr5	1.2840287693325957e-06
70161214.42857143	5.256677387898232e-09	chr5	1.443880768281956e-06
73845601.71428572	5.636334560858058e-09	chr5	1.548163312201998e-06
77529989.0	5.551169817042782e-09	chr5	1.5247706391013756e-06
81214376.28571428	4.998289940139947e-09	chr5	1.3729080531896163e-06
84898763.57142858	4.249429889926374e-09	chr5	1.1672145048034638e-06
88583150.85714287	3.6164941408563615e-09	chr5	9.933625279360531e-07
92267538.14285715	3.2400485401828457e-09	chr5	8.899621244096418e-07
95951925.42857143	3.0993176330036227e-09	chr5	8.513067846608584e-07
99636312.71428572	3.145064719829977e-09	chr5	8.638723910314461e-07
103320700.0	3.348213482291129e-09	chr5	9.196723896947112e-07
107005087.2857143	3.650108804345551e-09	chr5	1.0025956542176939e-06
110689474.57142858	3.955445250678871e-09	chr5	1.0864641114548057e-06
114373861.85714287	4.193983667212329e-09	chr5	1.1519847829196377e-06
118058249.14285715	4.3460994104067675e-09	chr5	1.1937672587963214e-06
121742636.42857143	4.409141895041229e-09	chr5	1.2110834881236083e-06
125427023.71428572	4.39140327323983e-09	chr5	1.206211122371464e-06
129111411.0	4.352991538355398e-09	chr5	1.1956603578517201e-06
132795798.2857143	4.4066495225371315e-09	chr5	1.2103988943278495e-06
136480185.57142857	4.645483670158107e-09	chr5	1.2760007958926742e-06
140164572.85714287	5.0578393529444956e-09	chr5	1.3892648210804738e-06
143848960.14285716	5.4950428198141894e-09	chr5	1.5093539251013214e-06
147533347.42857143	5.758759278075547e-09	chr5	1.5817903891003514e-06
151217734.71428573	5.797534369006953e-09	chr5	1.5924409586432213e-06
154902122.0	5.821573592586377e-09	chr5	1.5990439456727596e-06
158586509.2857143	6.166150512517962e-09	chr5	1.6936908016941015e-06
162270896.57142857	6.999968532047173e-09	chr5	1.922720227280849e-06
165955283.85714287	8.112601626738347e-09	chr5	2.2283333378128137e-06
169639671.14285716	8.93441264527109e-09	chr5	2.4540647337614e-06
173324058.42857143	8.832719514015788e-09	chr5	2.426132116701061e-06
177008445.71428573	7.551331902279952e-09	chr5	2.0741662658844353e-06
180692833.0	5.444637942287869e-09	chr5	1.4955089374946232e-06
183917.0	6.528054620420039e-09	chr6	1.7930970126525747e-06
3669585.714285714	8.480178400513101e-09	chr6	2.329297691406653e-06
7155254.428571428	9.47674045410766e-09	chr6	2.603028924542129e-06
10640923.142857142	9.49706942687231e-09	chr6	2.6086127963774787e-06
14126591.857142856	8.891274013576105e-09	chr6	2.4422156062464063e-06
17612260.57142857	7.978158230613648e-09	chr6	2.191405023639708e-06
21097929.285714284	6.915386088782119e-09	chr6	1.899487497905851e-06
24583598.0	5.875177986102192e-09	chr6	1.6137677621030941e-06
28069266.714285713	5.168185382767737e-09	chr6	1.4195741778397152e-06
31554935.428571425	5.072708054752373e-09	chr6	1.393348889971431e-06
35040604.14285714	5.542725821372635e-09	chr6	1.5224512799214401e-06
38526272.85714286	6.1550089484001805e-09	chr6	1.6906304864091497e-06
42011941.57142857	6.392888418812471e-09	chr6	1.7559701614837755e-06
45497610.28571428	6.0048433487673424e-09	chr6	1.6493836672936108e-06
48983279.0	5.111619817647458e-09	chr6	1.4040369999614992e-06
52468947.71428571	4.024839257242704e-09	chr6	1.1055249485802152e-06
55954616.428571425	3.043435875403101e-09	chr6	8.359574319912536e-07
59440285.14285714	2.391401571443321e-09	chr6	6.568595489986547e-07
62925953.85714285	2.1801520763500733e-09	chr6	5.988344771202435e-07
66411622.57142857	2.3365981102034174e-09	chr6	6.418063779781633e-07
69897291.28571428	2.634317722265026e-09	chr6	7.235826770498467e-07
73382960.0	2.8677022143835176e-09	chr6	7.876876914760555e-07
76868628.71428572	3.002695601861499e-09	chr6	8.247670748282501e-07
80354297.42857142	3.156829888430667e-09	chr6	8.671039952225724e-07
83839966.14285713	3.4399463944303688e-09	chr6	9.448691780616884e-07
87325634.85714285	3.819587670684154e-09	chr6	1.0491473555452082e-06
90811303.57142857	4.159556605414897e-09	chr6	1.1425285106834522e-06
94296972.28571428	4.392958195736587e-09	chr6	1.2066382215680792e-06
97782641.0	4.5984261378705745e-09	chr6	1.2630752421904064e-06
101268309.7142857	4.8512550278698e-09	chr6	1.3325211573565864e-06
104753978.42857142	5.049922043685171e-09	chr6	1.3870901297816705e-06
108239647.14285713	4.9915600221964244e-09	chr6	1.371059509257067e-06
111725315.85714285	4.6361184627406715e-09	chr6	1.2734284023666542e-06
115210984.57142857	4.21967674300716e-09	chr6	1.1590420427209664e-06
118696653.28571428	4.060263865781126e-09	chr6	1.115255222519091e-06
122182322.0	4.290653704973104e-09	chr6	1.17853767899677e-06
125667990.7142857	4.80462018522983e-09	chr6	1.3197117061669957e-06
129153659.42857142	5.392470047450532e-09	chr6	1.481179692133134e-06
132639328.14285713	5.8642009132349e-09	chr6	1.6107526285433284e-06
136124996.85714284	6.117535553752998e-09	chr6	1.6803374610129421e-06
139610665.57142857	6.214120872513425e-09	chr6	1.7068670868518074e-06
143096334.28571427	6.370410304630468e-09	chr6	1.749795973041213e-06
146582003.0	6.760098976622383e-09	chr6	1.8568339245049667e-06
150067671.7142857	7.327010338014266e-09	chr6	2.0125506161776817e-06
153553340.42857143	7.865630993904573e-09	chr6	2.1604965426729684e-06
157039009.14285713	8.221986859859608e-09	chr6	2.2583787872066516e-06
160524677.85714284	8.283337291580986e-09	chr6	2.2752302509643903e-06
164010346.57142857	7.837158649926524e-09	chr6	2.152675885846575e-06
167496015.28571427	6.672624018789077e-09	chr6	1.8328066920914734e-06
170981684.0	4.896297671918728e-09	chr6	1.3448932705177518e-06
46239.0	4.665676146195192e-09	chr7	1.2815471754139025e-06
3292631.7959183673	6.55438404830256e-09	chr7	1.8003290628154703e-06
6539024.591836735	7.977914527415731e-09	chr7	2.191338084329061e-06
9785417.387755102	8.677418704413616e-09	chr7	2.3834747809476013e-06
13031810.18367347	8.734264429673919e-09	chr7	2.3990889119671974e-06
16278202.979591837	8.428969510361393e-09	chr7	2.315231861187485e-06
19524595.775510203	8.043573645074829e-09	chr7	2.2093730387792976e-06
22770988.57142857	7.762789352914236e-09	chr7	2.1322484580660727e-06
26017381.36734694	7.647994630671796e-09	chr7	2.1007171542566144e-06
29263774.163265307	7.632395214723501e-09	chr7	2.0964323760550784e-06
32510166.959183674	7.574416350629723e-09	chr7	2.0805069994998107e-06
35756559.75510204	7.363626467381773e-09	chr7	2.0226081717591563e-06
39002952.551020406	6.976437162670067e-09	chr7	1.9162567353851582e-06
42249345.346938774	6.4368629984192845e-09	chr7	1.7680489034537006e-06
45495738.14285714	5.7550049261256725e-09	chr7	1.5807591604024927e-06
48742130.93877551	4.9226021379082194e-09	chr7	1.3521184642588764e-06
51988523.73469388	3.972541586591374e-09	chr7	1.0911600569752557e-06
55234916.530612245	3.047274958854981e-09	chr7	8.370119343612793e-07
58481309.32653061	2.3944234145320057e-09	chr7	6.57689575420014e-07
61727702.12244898	2.242286198226434e-09	chr7	6.159012014046559e-07
64974094.91836735	2.6328507140449526e-09	chr7	7.231797257557932e-07
68220487.71428572	3.3823717353799982e-09	chr7	9.290548267502303e-07
71466880.51020408	4.212682153547935e-09	chr7	1.1571207999934871e-06
74713273.30612245	4.887485871116115e-09	chr7	1.3424728842596725e-06
77959666.10204081	5.244215446775156e-09	chr7	1.4404577777129521e-06
81206058.89795919	5.22722724031809e-09	chr7	1.4357915327104663e-06
84452451.69387755	4.963159312484145e-09	chr7	1.3632585286122353e-06
87698844.48979592	4.709731115719353e-09	chr7	1.2936479985288277e-06
90945237.28571428	4.647704395898179e-09	chr7	1.2766107749633133e-06
94191630.08163266	4.764311462089106e-09	chr7	1.3086398853489856e-06
97438022.87755102	4.950562308210431e-09	chr7	1.3597984394976448e-06
100684415.6734694	5.1137831078868915e-09	chr7	1.4046312029042405e-06
103930808.46938775	5.157663813433199e-09	chr7	1.4166841599646868e-06
107177201.26530612	4.968552264468663e-09	chr7	1.364739840680699e-06
110423594.06122449	4.522112851856901e-09	chr7	1.2421138481559898e-06
113669986.85714285	3.9684321125570665e-09	chr7	1.0900312849224853e-06
116916379.65306123	3.5638371578267047e-09	chr7	9.788989420048893e-07
120162772.44897959	3.5319015861208067e-09	chr7	9.701270211873039e-07
123409165.24489796	3.963088976175668e-09	chr7	1.0885636559823547e-06
126655558.04081632	4.7668062228904856e-09	chr7	1.3093251351516211e-06
129901950.8367347	5.698998815072527e-09	chr7	1.5653756508795252e-06
133148343.63265306	6.494777973513566e-09	chr7	1.7839567312627029e-06
136394736.42857143	7.040430619235867e-09	chr7	1.93383417345354e-06
139641129.2244898	7.471257615509422e-09	chr7	2.0521718168874253e-06
142887522.02040815	8.094529988982507e-09	chr7	2.223369500719237e-06
146133914.81632653	9.072845625514295e-09	chr7	2.492088889158358e-06
149380307.6122449	1.0058617176732622e-08	chr7	2.7628562350868675e-06
152626700.40816328	1.0255795275085883e-08	chr7	2.8170162382847264e-06
155873093.20408162	9.063318631233306e-09	chr7	2.4894720567361287e-06
159119486.0	6.692890941520536e-09	chr7	1.838373520299645e-06
113565.0	6.641623502199631e-09	chr8	1.8242916080550526e-06
3096563.0816326533	8.769968439029033e-09	chr8	2.4088959304798973e-06
6079561.1632653065	9.976115647136361e-09	chr8	2.7401950818245187e-06
9062559.24489796	1.027130471581925e-08	chr8	2.821276302494349e-06
12045557.326530613	1.0152852115231645e-08	chr8	2.7887402689277523e-06
15028555.408163266	1.00513269711416e-08	chr8	2.7608537938349213e-06
18011553.48979592	9.992527868926243e-09	chr8	2.744703117920046e-06
20994551.571428575	9.735639423495583e-09	chr8	2.6741421421209433e-06
23977549.653061226	9.0975446726853e-09	chr8	2.4988731135977737e-06
26960547.734693877	8.115965175218895e-09	chr8	2.2292572223516343e-06
29943545.816326533	6.995169676449873e-09	chr8	1.9214020989660594e-06
32926543.897959188	5.952253149793005e-09	chr8	1.6349384253097713e-06
35909541.97959184	5.070167226234657e-09	chr8	1.392650986493337e-06
38892540.06122449	4.277177757192624e-09	chr8	1.1748361655884331e-06
41875538.14285715	3.5172958388221506e-09	chr8	9.661151794715719e-07
44858536.2244898	2.9248628665987577e-09	chr8	8.033883252311427e-07
47841534.30612245	2.7419587532447246e-09	chr8	7.531490367559672e-07
50824532.3877551	3.051530432215405e-09	chr8	8.381808088596835e-07
53807530.469387755	3.6594057192837185e-09	chr8	1.0051492894692079e-06
56790528.55102041	4.259769631439132e-09	chr8	1.1700545790210004e-06
59773526.632653065	4.686336526222331e-09	chr8	1.2872220767223334e-06
62756524.71428572	4.9929844684661525e-09	chr8	1.3714507698238742e-06
65739522.795918375	5.301688460483116e-09	chr8	1.4562442095337774e-06
68722520.87755102	5.5932272876962605e-09	chr8	1.5363227981094484e-06
71705518.95918368	5.687835779499449e-09	chr8	1.562309437910717e-06
74688517.04081634	5.44155581110299e-09	chr8	1.4946623514071045e-06
77671515.12244898	4.9091984619619e-09	chr8	1.3484368021565513e-06
80654513.20408164	4.2984514887199306e-09	chr8	1.1806795395593348e-06
83637511.2857143	3.835053831257162e-09	chr8	1.0533955317528517e-06
86620509.36734694	3.696578286479323e-09	chr8	1.015359684918806e-06
89603507.4489796	3.977344841691556e-09	chr8	1.0924793937259325e-06
92586505.53061225	4.618723141744455e-09	chr8	1.2686503329530066e-06
95569503.6122449	5.376708032665564e-09	chr8	1.476850252006223e-06
98552501.69387756	5.914211399855178e-09	chr8	1.624489286609825e-06
101535499.7755102	5.983209517154876e-09	chr8	1.6434413826326948e-06
104518497.85714287	5.5813952520288035e-09	chr8	1.5330728271697827e-06
107501495.93877551	4.980512043884492e-09	chr8	1.3680248997050866e-06
110484494.02040817	4.592554226516488e-09	chr8	1.2614623716922587e-06
113467492.10204083	4.746769359926805e-09	chr8	1.303821498737379e-06
116450490.18367347	5.521851253365758e-09	chr8	1.5167175464112361e-06
119433488.26530613	6.730022094290967e-09	chr8	1.848572540219108e-06
122416486.34693879	8.034932672173536e-09	chr8	2.2069995747694754e-06
125399484.42857143	9.126900666657777e-09	chr8	2.5069364874750144e-06
128382482.51020409	9.870219667324004e-09	chr8	2.7111080450127407e-06
131365480.59183675	1.0311829867365674e-08	chr8	2.832407570904372e-06
134348478.6734694	1.0501951206924663e-08	chr8	2.8846292549782704e-06
137331476.75510204	1.0289782624036494e-08	chr8	2.8263517321515655e-06
140314474.8367347	9.367811936120758e-09	chr8	2.573108923630369e-06
143297472.91836736	7.602540524131632e-09	chr8	2.088232022408144e-06
146280471.0	5.308125423664292e-09	chr8	1.4580122859549852e-06
212908.0	7.412520372864422e-09	chr9	2.036038132284244e-06
3086684.1428571427	9.62824698733339e-09	chr9	2.6446440653337853e-06
5960460.285714285	1.106668215247254e-08	chr9	3.0397470397233386e-06
8834236.42857143	1.1647690347701125e-08	chr9	3.199335787025212e-06
11708012.57142857	1.1587624161141335e-08	chr9	3.182837074017375e-06
14581788.714285713	1.1133849136485837e-08	chr9	3.0581961681982128e-06
17455564.85714286	1.0441988837228342e-08	chr9	2.8681590579248142e-06
20329341.0	9.612101707961216e-09	chr9	2.6402093517944516e-06
23203117.14285714	8.725508421071874e-09	chr9	2.3966838504626603e-06
26076893.285714284	7.831846382359127e-09	chr9	2.151216735815e-06
28950669.428571425	6.944268394408513e-09	chr9	1.907420761174698e-06
31824445.57142857	6.0484001107437005e-09	chr9	1.6613476449748516e-06
34698221.71428572	5.097186029419225e-09	chr9	1.400072391198523e-06
37571997.85714286	4.036464978736186e-09	chr9	1.1087182500600597e-06
40445774.0	2.890373469461879e-09	chr9	7.939149310011254e-07
43319550.14285714	1.804059985609672e-09	chr9	4.955311741301893e-07
46193326.28571428	9.546668375748572e-10	chr9	2.622236415086571e-07
49067102.428571425	4.2136862549429764e-10	chr9	1.1573966020994037e-07
51940878.57142857	1.5746629700757178e-10	chr9	4.325214220397752e-08
54814654.71428571	6.72763138909952e-11	chr9	1.84791587194867e-08
57688430.85714285	9.248344030737761e-11	chr9	2.5402940106576693e-08
60562207.0	2.525527862781825e-10	chr9	6.937007622392642e-08
63435983.14285714	6.399033838173046e-10	chr9	1.7576581579448462e-07
66309759.28571428	1.3717965214935107e-09	chr9	3.767989680973192e-07
69183535.42857143	2.5023573402998817e-09	chr9	6.873363861640379e-07
72057311.57142857	3.939527603910991e-09	chr9	1.0820919230269297e-06
74931087.71428572	5.442001198363333e-09	chr9	1.4947846883991232e-06
77804863.85714285	6.726979914677184e-09	chr9	1.847736927851472e-06
80678640.0	7.61760556747489e-09	chr9	2.092370021518902e-06
83552416.14285713	8.098908881589879e-09	chr9	2.2245722754675433e-06
86426192.28571428	8.235491116710226e-09	chr9	2.262088076424483e-06
89299968.42857142	8.072104669154206e-09	chr9	2.2172098135949712e-06
92173744.57142857	7.653240992878005e-09	chr9	2.102158201696662e-06
95047520.71428572	7.1076575289911e-09	chr9	1.9522997620647173e-06
97921296.85714285	6.64220917228418e-09	chr9	1.8244524773093815e-06
100795073.0	6.435904266057091e-09	chr9	1.7677855631119692e-06
103668849.14285713	6.559165194486795e-09	chr9	1.8016423267874334e-06
106542625.28571428	6.968890172719388e-09	chr9	1.9141837617472305e-06
109416401.42857142	7.531953341613699e-09	chr9	2.068843449017757e-06
112290177.57142857	8.05958552469874e-09	chr9	2.213771110669012e-06
115163953.7142857	8.37464210907522e-09	chr9	2.3003094521980293e-06
118037729.85714285	8.40519548295161e-09	chr9	2.308701717062487e-06
120911506.0	8.262721858167607e-09	chr9	2.269567695391948e-06
123785282.14285713	8.241420987288703e-09	chr9	2.2637168669046392e-06
126659058.28571428	8.669670465185869e-09	chr9	2.381346529053211e-06
129532834.42857142	9.622277305364525e-09	chr9	2.6430043396379595e-06
132406610.57142857	1.06826122437118e-08	chr9	2.93425242515709e-06
135280386.7142857	1.105398934765598e-08	chr9	3.0362606365416674e-06
138154162.85714287	1.0094561935801462e-08	chr9	2.772729381660311e-06
141027939.0	7.864698724686707e-09	chr9	2.1602404711100385e-06
