pos	val	Chromosome	valScaled
158946.0	3.2936544564943342e-09	chr10	1.1201706618516053e-06
2920466.326530612	5.6596966709527976e-09	chr10	1.924860743445577e-06
5681986.653061224	8.11992738999923e-09	chr10	2.761584300595882e-06
8443506.979591835	1.0007378158044393e-08	chr10	3.403505608365317e-06
11205027.306122448	1.088401393257296e-08	chr10	3.70164911088733e-06
13966547.632653061	1.067685187260862e-08	chr10	3.631193370952853e-06
16728067.959183672	9.721609420206837e-09	chr10	3.306315766374209e-06
19489588.285714284	8.70790167107184e-09	chr10	2.9615541360114208e-06
22251108.612244897	8.2874161809833e-09	chr10	2.8185471764310854e-06
25012628.93877551	8.569025625656643e-09	chr10	2.914322444356172e-06
27774149.265306123	9.03544952400009e-09	chr10	3.072953039584699e-06
30535669.591836732	8.967890614875126e-09	chr10	3.0499762795911706e-06
33297189.918367345	7.991684866286865e-09	chr10	2.7179690657368793e-06
36058710.244897954	6.336537874544742e-09	chr10	2.155054186325134e-06
38820230.57142857	4.659510305682233e-09	chr10	1.5846977307315545e-06
41581750.89795918	3.5867144682066565e-09	chr10	1.2198402633894179e-06
44343271.22448979	3.353112028035916e-09	chr10	1.1403921599308885e-06
47104791.551020406	3.811311834442091e-09	chr10	1.2962257445348373e-06
49866311.87755102	4.627752990147269e-09	chr10	1.573897079469766e-06
52627832.20408163	5.391404496282272e-09	chr10	1.833614674120452e-06
55389352.530612245	5.751531549135465e-09	chr10	1.9560937515324158e-06
58150872.85714285	5.6573011332545075e-09	chr10	1.9240460219608467e-06
60912393.183673464	5.403963943857421e-09	chr10	1.8378861375931929e-06
63673913.51020408	5.3861955767524286e-09	chr10	1.8318431225158898e-06
66435433.83673469	5.8025218462477405e-09	chr10	1.9734355327115693e-06
69196954.1632653	6.4900608860207826e-09	chr10	2.2072673057176304e-06
71958474.48979591	7.05097047653836e-09	chr10	2.3980324498905705e-06
74719994.81632653	7.268779910262835e-09	chr10	2.4721093577008566e-06
77481515.14285713	7.27966058889978e-09	chr10	2.475809872478935e-06
80243035.46938775	7.2300189365467845e-09	chr10	2.458926764883353e-06
83004555.79591836	7.065035289579663e-09	chr10	2.4028158876012962e-06
85766076.12244898	6.785771842289688e-09	chr10	2.307838492518167e-06
88527596.44897959	6.581765058032206e-09	chr10	2.2384558606839963e-06
91289116.77551019	6.581750900717674e-09	chr10	2.238451045786563e-06
94050637.10204081	6.6855381483267645e-09	chr10	2.2737490502924074e-06
96812157.42857142	6.678518525057325e-09	chr10	2.2713616790160513e-06
99573677.75510204	6.412626268797072e-09	chr10	2.1809318210541808e-06
102335198.08163264	5.9422109987692866e-09	chr10	2.0209437617928e-06
105096718.40816326	5.5646529970545785e-09	chr10	1.8925364251232797e-06
107858238.73469387	5.66736718858799e-09	chr10	1.927469483654865e-06
110619759.06122449	6.464016757323536e-09	chr10	2.1984097071852103e-06
113381279.3877551	7.840047746178355e-09	chr10	2.666397337300614e-06
116142799.7142857	9.407340916725128e-09	chr10	3.1994331646337355e-06
118904320.04081632	1.0709885457906646e-08	chr10	3.642428081088781e-06
121665840.36734693	1.142703644962396e-08	chr10	3.886330867993319e-06
124427360.69387755	1.1412236737092584e-08	chr10	3.881297491237965e-06
127188881.02040815	1.0583474802701681e-08	chr10	3.599435864031271e-06
129950401.34693877	8.903274781730769e-09	chr10	3.0280004586495754e-06
132711921.67346938	6.5643866179332534e-09	chr10	2.232545459637157e-06
135473442.0	4.0960750180444684e-09	chr10	1.3930735979026617e-06
241489.0	4.041569662612839e-09	chr11	1.374536346689828e-06
2990535.551020408	5.930451918484565e-09	chr11	2.0169445029393616e-06
5739582.102040816	7.485453293761661e-09	chr11	2.5457998952497896e-06
8488628.653061224	8.475503396612396e-09	chr11	2.8825155688657067e-06
11237675.204081632	8.986525325763596e-09	chr11	3.056313937868648e-06
13986721.75510204	9.287300439156416e-09	chr11	3.158607442633059e-06
16735768.306122448	9.547869844385094e-09	chr11	3.2472270009287883e-06
19484814.85714286	9.596630619031592e-09	chr11	3.2638105223423553e-06
22233861.408163264	9.118381044630439e-09	chr11	3.1011580190626414e-06
24982907.95918367	8.19283578338788e-09	chr11	2.7863804182079365e-06
27731954.51020408	7.417385626873583e-09	chr11	2.52265010692929e-06
30481001.06122449	7.316560245557859e-09	chr11	2.4883594320537946e-06
33230047.612244897	7.749087129881339e-09	chr11	2.6354616653575688e-06
35979094.1632653	8.093909446988194e-09	chr11	2.752735607805652e-06
38728140.71428572	7.920476632751416e-09	chr11	2.693751171861762e-06
41477187.26530612	7.203856967447459e-09	chr11	2.450029088873792e-06
44226233.81632653	6.032817028090358e-09	chr11	2.05175883883654e-06
46975280.367346935	4.560875933258292e-09	chr11	1.5511522171693808e-06
49724326.91836734	3.2286832426272874e-09	chr11	1.0980739760577301e-06
52473373.469387755	2.6315773867275485e-09	chr11	8.949984954225834e-07
55222420.02040816	3.0403290228387633e-09	chr11	1.0340147756072907e-06
57971466.57142857	4.164691766412331e-09	chr11	1.4164101286312507e-06
60720513.12244898	5.4167047068329345e-09	chr11	1.8422192663665024e-06
63469559.67346939	6.381004221333275e-09	chr11	2.1701771744133406e-06
66218606.22448979	7.014499151316978e-09	chr11	2.3856285656788294e-06
68967652.7755102	7.436384535263059e-09	chr11	2.52911162864209e-06
71716699.3265306	7.665978517611706e-09	chr11	2.6071964570786372e-06
74465745.87755102	7.597507196092691e-09	chr11	2.5839093859675268e-06
77214792.42857143	7.119431003128774e-09	chr11	2.4213158496504584e-06
79963838.97959183	6.262063790501467e-09	chr11	2.1297255779008183e-06
82712885.53061225	5.2998013886251034e-09	chr11	1.8024604911035697e-06
85461932.08163264	4.657094330686489e-09	chr11	1.5838760585295228e-06
88210978.63265306	4.642759427238332e-09	chr11	1.5790007631713714e-06
90960025.18367347	5.238591634437433e-09	chr11	1.7816430763547393e-06
93709071.73469387	6.086745495035977e-09	chr11	2.0700998904887568e-06
96458118.28571428	6.707509076985259e-09	chr11	2.2812213549989174e-06
99207164.83673468	6.846827524403157e-09	chr11	2.328603507411575e-06
101956211.3877551	6.669306416455089e-09	chr11	2.2682286442893302e-06
104705257.93877551	6.616698086924933e-09	chr11	2.2503365708836017e-06
107454304.48979591	7.07848011380207e-09	chr11	2.40738846734414e-06
110203351.04081632	8.146815422617417e-09	chr11	2.770728910539531e-06
112952397.59183674	9.586741479669218e-09	chr11	3.2604472297046436e-06
115701444.14285713	1.0968314326328016e-08	chr11	3.730319643608441e-06
118450490.69387755	1.1855141322397162e-08	chr11	4.031929176805189e-06
121199537.24489796	1.197618305364813e-08	chr11	4.073095424812691e-06
123948583.79591836	1.1302979270744543e-08	chr11	3.844139067363234e-06
126697630.34693877	9.971689316705103e-09	chr11	3.3913678466323206e-06
129446676.89795917	8.14144785955338e-09	chr11	2.7689034043276945e-06
132195723.44897959	5.991683337806716e-09	chr11	2.037769285992412e-06
134944770.0	3.833925171198115e-09	chr11	1.303916531997597e-06
191619.0	2.7890774763172645e-09	chr12	9.485642176098413e-07
2917180.93877551	4.7528603959177675e-09	chr12	1.6164460618768758e-06
5642742.87755102	6.851531476163897e-09	chr12	2.3302033196647265e-06
8368304.816326531	8.554205204190328e-09	chr12	2.909282024499709e-06
11093866.75510204	9.490642832686365e-09	chr12	3.2277641154266503e-06
13819428.69387755	9.676146406704026e-09	chr12	3.290853812305288e-06
16544990.632653061	9.496676583414317e-09	chr12	3.2298161918164643e-06
19270552.57142857	9.380784081748427e-09	chr12	3.190401194885398e-06
21996114.51020408	9.409386914889393e-09	chr12	3.2001290078522896e-06
24721676.44897959	9.274476066639222e-09	chr12	3.154245878285563e-06
27447238.3877551	8.595360097038661e-09	chr12	2.9232787883282432e-06
30172800.32653061	7.254295828907637e-09	chr12	2.4671833269917233e-06
32898362.265306123	5.552450523111989e-09	chr12	1.888386368250876e-06
35623924.20408163	4.11288229013962e-09	chr12	1.398789744922767e-06
38349486.14285714	3.500735044844448e-09	chr12	1.1905986933202324e-06
41075048.08163265	3.842601195906175e-09	chr12	1.3068672447902838e-06
43800610.02040816	4.829861023699239e-09	chr12	1.6426339468916157e-06
46526171.95918367	6.008027757049687e-09	chr12	2.043328016928767e-06
49251733.89795918	6.962340152073816e-09	chr12	2.3678893093374345e-06
51977295.83673469	7.362025021630277e-09	chr12	2.5038219855719866e-06
54702857.7755102	7.095195763017717e-09	chr12	2.4130734534568303e-06
57428419.71428571	6.430199891388302e-09	chr12	2.1869086035944174e-06
60153981.65306122	5.878335144795259e-09	chr12	1.9992196074932077e-06
62879543.59183673	5.771685356449074e-09	chr12	1.962948053941948e-06
65605105.530612245	6.004049020376209e-09	chr12	2.041974850058431e-06
68330667.46938775	6.215696108119494e-09	chr12	2.1139559462808626e-06
71056229.40816326	6.174150389050015e-09	chr12	2.0998262625991407e-06
73781791.34693877	5.902140567305426e-09	chr12	2.0073158228798252e-06
76507353.28571428	5.4842528032241945e-09	chr12	1.8651923489532987e-06
79232915.2244898	4.943815380719359e-09	chr12	1.681389781545858e-06
81958477.1632653	4.397472565569895e-09	chr12	1.4955787922852433e-06
84684039.10204081	4.177214099239603e-09	chr12	1.4206689693919725e-06
87409601.04081632	4.630923337319014e-09	chr12	1.5749753133697035e-06
90135162.97959183	5.759346283246196e-09	chr12	1.958751539711668e-06
92860724.91836734	7.102869806830412e-09	chr12	2.415683392917782e-06
95586286.85714285	8.09868851921181e-09	chr12	2.7543609685004293e-06
98311848.79591836	8.555124353239564e-09	chr12	2.9095946267512274e-06
101037410.73469387	8.66108743154239e-09	chr12	2.945632630470855e-06
103762972.67346938	8.626418464600835e-09	chr12	2.9338417276431284e-06
106488534.61224489	8.581821425261452e-09	chr12	2.918674291066739e-06
109214096.5510204	8.749643641113501e-09	chr12	2.97575056457616e-06
111939658.48979591	9.30188307845295e-09	chr12	3.1635669928615695e-06
114665220.42857142	9.98568758938482e-09	chr12	3.396128653990694e-06
117390782.36734693	1.0304291644298612e-08	chr12	3.5044857751688677e-06
120116344.30612244	1.0219700929065254e-08	chr12	3.475716504220419e-06
122841906.24489795	1.0224098811832676e-08	chr12	3.477212222522202e-06
125567468.18367346	1.043956227061694e-08	chr12	3.5504912651234403e-06
128293030.12244897	1.0113369866014384e-08	chr12	3.439553349024153e-06
131018592.06122449	8.472136474245128e-09	chr12	2.8813704798145135e-06
133744154.0	5.782510502572804e-09	chr12	1.9666296821328315e-06
19260565.0	8.163951339612386e-09	chr13	2.7765568295684504e-06
21215959.14285714	1.1737256719698407e-08	chr13	3.991836667050013e-06
23171353.285714287	1.442844744968907e-08	chr13	4.90710963845673e-06
25126747.42857143	1.563863067820809e-08	chr13	5.318692506653152e-06
27082141.57142857	1.5504123626898736e-08	chr13	5.2729467082765744e-06
29037535.714285716	1.4544754333458064e-08	chr13	4.9466655665877225e-06
30992929.85714286	1.3223521608705531e-08	chr13	4.497314805815654e-06
32948324.0	1.1867428001628641e-08	chr13	4.0361078718651845e-06
34903718.14285714	1.0755287439519874e-08	chr13	3.6578692782346395e-06
36859112.28571428	1.00796648458805e-08	chr13	3.428090284149011e-06
38814506.42857143	9.858991233647975e-09	chr13	3.3530392702880135e-06
40769900.57142857	9.956953662149288e-09	chr13	3.386356255970751e-06
42725294.71428572	1.0151972624319697e-08	chr13	3.4526821328390115e-06
44680688.85714286	1.0175507557671346e-08	chr13	3.4606863549629105e-06
46636083.0	9.791162967582284e-09	chr13	3.329970902098619e-06
48591477.14285715	8.9364409022023e-09	chr13	3.0392802439489686e-06
50546871.28571428	7.770036774402492e-09	chr13	2.6425866317068903e-06
52502265.42857143	6.561741680365943e-09	chr13	2.231645917349262e-06
54457659.571428575	5.5753195462303795e-09	chr13	1.8961641145508609e-06
56413053.71428572	5.008644162236082e-09	chr13	1.7034380261500944e-06
58368447.85714286	4.9118812761470425e-09	chr13	1.670529004397886e-06
60323842.0	5.145047263027596e-09	chr13	1.7498286702539303e-06
62279236.14285714	5.513758783384965e-09	chr13	1.8752273218874205e-06
64234630.28571429	5.98423413270722e-09	chr13	2.0352358140946184e-06
66190024.42857143	6.730394985463188e-09	chr13	2.289004844003433e-06
68145418.57142857	7.941076775909059e-09	chr13	2.7007572729266854e-06
70100812.71428572	9.535539127662644e-09	chr13	3.2430333287344096e-06
72056206.85714287	1.1035292925663791e-08	chr13	3.7530990404574067e-06
74011601.0	1.1792025195169676e-08	chr13	4.010463405290962e-06
75966995.14285715	1.1451844837517413e-08	chr13	3.894768191535649e-06
77922389.2857143	1.0207903817079837e-08	chr13	3.4717043107996473e-06
79877783.42857143	8.595150794153099e-09	chr13	2.923207604494315e-06
81833177.57142857	7.11059431410984e-09	chr13	2.418310494985096e-06
83788571.71428572	6.047424357300064e-09	chr13	2.056726786095384e-06
85743965.85714287	5.560298852713383e-09	chr13	1.8910555822440709e-06
87699360.0	5.732397389130374e-09	chr13	1.949586230795195e-06
89654754.14285715	6.530185388990958e-09	chr13	2.2209136343298942e-06
91610148.28571428	7.752381598895791e-09	chr13	2.6365821130502804e-06
93565542.42857143	9.118525089507884e-09	chr13	3.101207008672157e-06
95520936.57142858	1.0455256750565166e-08	chr13	3.5558289519461595e-06
97476330.71428572	1.1789177491891636e-08	chr13	4.00949490245988e-06
99431724.85714287	1.3256295255722174e-08	chr13	4.5084611110382725e-06
101387119.0	1.4900963958266507e-08	chr13	5.067812328171294e-06
103342513.14285715	1.6478357030276298e-08	chr13	5.604283128254564e-06
105297907.28571428	1.741794299018828e-08	chr13	5.923835965531042e-06
107253301.42857143	1.7086800873830418e-08	chr13	5.811214654295394e-06
109208695.57142858	1.521012386906638e-08	chr13	5.172957499431087e-06
111164089.71428572	1.2088595528400186e-08	chr13	4.111326865878132e-06
113119483.85714287	8.457127331390151e-09	chr13	2.876265875883602e-06
115074878.0	5.131176715043282e-09	chr13	1.7451113020171994e-06
19035752.0	9.541930409645998e-09	chr14	3.2452070013718828e-06
20836765.979591835	1.3361215282402694e-08	chr14	4.54414437328713e-06
22637779.959183674	1.5479089330135493e-08	chr14	5.264432553211224e-06
24438793.93877551	1.5297436137873797e-08	chr14	5.202652369742975e-06
26239807.91836735	1.3663819854463876e-08	chr14	4.647060076267668e-06
28040821.897959184	1.21460405164907e-08	chr14	4.130863885070454e-06
29841835.87755102	1.1781780613358172e-08	chr14	4.006979226807831e-06
31642849.85714286	1.2356777102185712e-08	chr14	4.202535319883196e-06
33443863.836734693	1.2721674947392096e-08	chr14	4.32663694200907e-06
35244877.81632653	1.186646520703096e-08	chr14	4.035780425778791e-06
37045891.79591837	9.781611321526464e-09	chr14	3.3267223908095784e-06
38846905.77551021	7.315214706504624e-09	chr14	2.4879018147197e-06
40647919.75510204	5.358622818204054e-09	chr14	1.8224656375367636e-06
42448933.73469388	4.311917704952964e-09	chr14	1.4664816158486192e-06
44249947.71428572	4.170633666841845e-09	chr14	1.4184309667685546e-06
46050961.69387755	4.815431356832446e-09	chr14	1.6377264225298536e-06
47851975.67346939	6.0889037985248e-09	chr14	2.070833928706635e-06
49652989.653061226	7.703566538848031e-09	chr14	2.619980129191832e-06
51454003.63265306	9.26049382169377e-09	chr14	3.149490521953682e-06
53255017.6122449	1.042425170826346e-08	chr14	3.545284148532627e-06
55056031.591836736	1.1029373857655136e-08	chr14	3.7510859676179876e-06
56857045.57142857	1.1048900348728581e-08	chr14	3.7577269200063755e-06
58658059.551020406	1.058219651570704e-08	chr14	3.599001119097418e-06
60459073.530612245	9.861683308548132e-09	chr14	3.3539548439653666e-06
62260087.51020408	9.160038721252265e-09	chr14	3.1153257794664874e-06
64061101.489795916	8.692354909264406e-09	chr14	2.956266688073722e-06
65862115.469387755	8.619748289900829e-09	chr14	2.9315732036959247e-06
67663129.44897959	9.025897087683085e-09	chr14	3.0697042595281216e-06
69464143.42857143	9.821690756695638e-09	chr14	3.3403533918793988e-06
71265157.40816326	1.0751940541450798e-08	chr14	3.6567309994398515e-06
73066171.3877551	1.1516159937155224e-08	chr14	3.916641733122953e-06
74867185.36734694	1.1829604925991817e-08	chr14	4.0232442578373605e-06
76668199.34693877	1.147222697139766e-08	chr14	3.901700147726004e-06
78469213.3265306	1.0478612093867512e-08	chr14	3.563772095560747e-06
80270227.30612245	9.277490865003396e-09	chr14	3.155271210093606e-06
82071241.28571428	8.5043995953731e-09	chr14	2.892343155371313e-06
83872255.26530612	8.642496418796179e-09	chr14	2.9393098339153897e-06
85673269.24489796	9.821473515004095e-09	chr14	3.340279508060494e-06
87474283.2244898	1.1829593060566322e-08	chr14	4.02324022241054e-06
89275297.20408162	1.4247962275572972e-08	chr14	4.845726697527578e-06
91076311.18367347	1.663455814075265e-08	chr14	5.657407068126049e-06
92877325.1632653	1.8606588129086547e-08	chr14	6.3280937374175196e-06
94678339.14285713	1.9769844268884515e-08	chr14	6.72371672010507e-06
96479353.12244898	1.9738749251170883e-08	chr14	6.7131413160872364e-06
98280367.10204081	1.8352314181722087e-08	chr14	6.2416152620118044e-06
100081381.08163264	1.5795454950752412e-08	chr14	5.372028383713355e-06
101882395.06122449	1.2490863013306294e-08	chr14	4.248137888637413e-06
103683409.04081632	8.967984936992688e-09	chr14	3.0500083585084502e-06
105484423.02040815	5.76713386136587e-09	chr14	1.9614000921484106e-06
107285437.0	3.2835963961678676e-09	chr14	1.1167499192565144e-06
20161372.0	2.7285553474529187e-09	chr15	9.279806639790207e-07
21839683.408163264	5.389425322486966e-09	chr15	1.832941557845053e-06
23517994.81632653	8.671497051799261e-09	chr15	2.949172938468183e-06
25196306.224489797	1.1575951526247215e-08	chr15	3.936976830447529e-06
26874617.63265306	1.3221977997622756e-08	chr15	4.496789824257608e-06
28552929.040816326	1.3603298855699211e-08	chr15	4.62647690698333e-06
30231240.448979594	1.3505995055052255e-08	chr15	4.5933839203901375e-06
31909551.85714286	1.3643879064973766e-08	chr15	4.640278221141082e-06
33587863.26530612	1.4033833379297537e-08	chr15	4.7729015391417444e-06
35266174.67346939	1.4185827731459598e-08	chr15	4.82459476206723e-06
36944486.08163265	1.3614954802724885e-08	chr15	4.630441090253532e-06
38622797.48979592	1.2125736268058862e-08	chr15	4.123958417692283e-06
40301108.89795919	9.937809292700482e-09	chr15	3.3798452630055004e-06
41979420.30612245	7.698817487142931e-09	chr15	2.618364978464293e-06
43657731.71428572	6.13527413336159e-09	chr15	2.086604462425492e-06
45336043.12244898	5.518617180836813e-09	chr15	1.8768796610629657e-06
47014354.530612245	5.571234350221679e-09	chr15	1.89477474090001e-06
48692665.93877551	5.923366925344865e-09	chr15	2.0145348993943197e-06
50370977.346938774	6.512852520778546e-09	chr15	2.215018732264803e-06
52049288.75510204	7.510306671212891e-09	chr15	2.554252519724072e-06
53727600.1632653	9.032433230316502e-09	chr15	3.0719271992190765e-06
55405911.571428575	1.0995353609277767e-08	chr15	3.7395156937338854e-06
57084222.97959184	1.305729832847301e-08	chr15	4.440782329718755e-06
58762534.3877551	1.461699640934267e-08	chr15	4.97123506986322e-06
60440845.79591837	1.5124068741712307e-08	chr15	5.143690182462282e-06
62119157.20408163	1.4629013244940232e-08	chr15	4.975321991203175e-06
63797468.6122449	1.3907071499554354e-08	chr15	4.729789870748755e-06
65475780.02040816	1.3779118371007886e-08	chr15	4.6862730590785845e-06
67154091.42857143	1.426430914209843e-08	chr15	4.851286260783801e-06
68832402.8367347	1.4529217885546106e-08	chr15	4.941381626402059e-06
70510714.24489796	1.3728688571693767e-08	chr15	4.669121902993175e-06
72189025.65306123	1.1877936211143686e-08	chr15	4.039681710032736e-06
73867337.06122449	9.906601192612788e-09	chr15	3.369231399714094e-06
75545648.46938775	8.868279097754076e-09	chr15	3.0160984394790985e-06
77223959.87755102	9.033463975902223e-09	chr15	3.0722777554113574e-06
78902271.28571428	9.671104577409657e-09	chr15	3.2891390880279795e-06
80580582.69387755	9.795941982786597e-09	chr15	3.3315962434011527e-06
82258894.10204083	9.253420510365468e-09	chr15	3.147084891388374e-06
83937205.51020408	8.970886772690664e-09	chr15	3.0509952717555203e-06
85615516.91836736	1.0055108844775698e-08	chr15	3.4197387972601065e-06
87293828.3265306	1.2801569009820142e-08	chr15	4.353808883076407e-06
88972139.73469388	1.6607869237984253e-08	chr15	5.648330182170626e-06
90650451.14285715	2.049417698356009e-08	chr15	6.970062008330149e-06
92328762.55102041	2.3424566930543104e-08	chr15	7.966686544921362e-06
94007073.95918368	2.438718546721789e-08	chr15	8.294072753031768e-06
95685385.36734694	2.272859611368629e-08	chr15	7.729987127649251e-06
97363696.7755102	1.866697241772254e-08	chr15	6.348630411637684e-06
99042008.18367347	1.334665218645016e-08	chr15	4.539191469742682e-06
100720319.59183674	8.23135389412076e-09	chr15	2.7994804134147345e-06
102398631.0	4.346857339366764e-09	chr15	1.4783645725834968e-06
143503.0	3.0739369332810677e-09	chr16	1.0454448135122612e-06
1980193.857142857	5.36735330071812e-09	chr16	1.8254348714091213e-06
3816884.714285714	8.1471225729022e-09	chr16	2.770833372237726e-06
5653575.571428571	1.0933840774600434e-08	chr16	3.7185952014226742e-06
7490266.428571428	1.3195495977564355e-08	chr16	4.487783299035299e-06
9326957.285714285	1.4523176172515748e-08	chr16	4.939326842036143e-06
11163648.142857142	1.478573671101981e-08	chr16	5.028623584022021e-06
13000339.0	1.4280768557038857e-08	chr16	4.856884101714308e-06
14837029.857142856	1.3647434206340186e-08	chr16	4.6414873234042365e-06
16673720.714285713	1.3440441992707592e-08	chr16	4.571089348144335e-06
18510411.57142857	1.3814832398863265e-08	chr16	4.698419386736383e-06
20347102.42857143	1.46593181785742e-08	chr16	4.985628687917882e-06
22183793.285714284	1.575858999740185e-08	chr16	5.359490626720539e-06
24020484.14285714	1.660296904409467e-08	chr16	5.646663628042073e-06
25857175.0	1.6341958558248464e-08	chr16	5.557894058391543e-06
27693865.857142854	1.4370707204658196e-08	chr16	4.88747220248825e-06
29530556.714285713	1.0970114007551112e-08	chr16	3.730931714526452e-06
31367247.57142857	7.166090016320978e-09	chr16	2.4371845627711674e-06
33203938.428571425	3.978192117292882e-09	chr16	1.352981666979088e-06
35040629.28571428	1.86765391731926e-09	chr16	6.351884061632917e-07
36877320.14285714	7.461629285268798e-10	chr16	2.5376973587773346e-07
38714011.0	3.0112947111119043e-10	chr16	1.0241402169330032e-07
40550701.85714286	3.09365364244463e-10	chr16	1.0521504590027087e-07
42387392.71428571	8.061977160768057e-10	chr16	2.741875449078583e-07
44224083.57142857	2.082345026293816e-09	chr16	7.082047728800523e-07
46060774.428571425	4.471272067377101e-09	chr16	1.5206779755406981e-06
47897465.28571428	7.984172709785108e-09	chr16	2.7154141840904717e-06
49734156.14285714	1.207446939420806e-08	chr16	4.1065225728667024e-06
51570847.0	1.57856125073811e-08	chr16	5.368680972364923e-06
53407537.85714285	1.816025092503103e-08	chr16	6.176294619483326e-06
55244228.71428571	1.8621613411654467e-08	chr16	6.3332038304588305e-06
57080919.57142857	1.7216817734795873e-08	chr16	5.855433340597587e-06
58917610.428571425	1.463123131608595e-08	chr16	4.9760763563790454e-06
60754301.28571428	1.1831147951073454e-08	chr16	4.023769040096636e-06
62590992.14285714	9.506903387940068e-09	chr16	3.233294324251289e-06
64427683.0	7.805479556762738e-09	chr16	2.654640708872167e-06
66264373.85714285	6.579558375550032e-09	chr16	2.237705368788382e-06
68101064.71428572	5.813596503169155e-09	chr16	1.977202019432415e-06
69937755.57142857	5.746259586902262e-09	chr16	1.95430075912777e-06
71774446.42857142	6.6393573300594065e-09	chr16	2.2580429710886843e-06
73611137.28571428	8.544147752315906e-09	chr16	2.9058614888389332e-06
75447828.14285713	1.1276553549810243e-08	chr16	3.835151689452198e-06
77284519.0	1.4455877490075225e-08	chr16	4.916438585041698e-06
79121209.85714285	1.7497349061716316e-08	chr16	5.950841941073865e-06
80957900.71428572	1.9673318382835833e-08	chr16	6.690888301978887e-06
82794591.57142857	2.0271549748132023e-08	chr16	6.8943465679432765e-06
84631282.42857142	1.8807243635038238e-08	chr16	6.396336600740016e-06
86467973.28571428	1.5352225820956826e-08	chr16	5.221286320684835e-06
88304664.14285713	1.0767753810893357e-08	chr16	3.6621090865256362e-06
90141355.0	6.3659351311187635e-09	chr16	2.165052182407635e-06
6888.0	2.8412065986309463e-09	chr17	9.662933128185757e-07
1660849.081632653	5.392944130594917e-09	chr17	1.834138303180448e-06
3314810.163265306	8.905620003949261e-09	chr17	3.0287980678582455e-06
4968771.244897959	1.2968279758585018e-08	chr17	4.410507147040774e-06
6622732.326530612	1.6901415976150845e-08	chr17	5.7481653191954244e-06
8276693.408163265	2.007544145254756e-08	chr17	6.827650209183999e-06
9930654.489795918	2.21181985376609e-08	chr17	7.522391137917912e-06
11584615.57142857	2.2769673095181932e-08	chr17	7.743957393855567e-06
13238576.653061224	2.171170816397696e-08	chr17	7.3841439122479505e-06
14892537.734693877	1.889143835551051e-08	chr17	6.424971194016755e-06
16546498.81632653	1.498498991152394e-08	chr17	5.096389523780718e-06
18200459.897959184	1.1103119242289061e-08	chr17	3.7761667456428357e-06
19854420.979591835	7.991756739674282e-09	chr17	2.7179935098493438e-06
21508382.06122449	5.837551160704296e-09	chr17	1.9853489895958026e-06
23162343.14285714	4.703290976270269e-09	chr17	1.5995875205977039e-06
24816304.224489797	4.746245845106889e-09	chr17	1.614196455593781e-06
26470265.30612245	6.070371199459385e-09	chr17	2.064530998622393e-06
28124226.3877551	8.570419702828403e-09	chr17	2.9147965694864156e-06
29778187.469387755	1.1757823758264505e-08	chr17	3.998831509255603e-06
31432148.551020406	1.4643526564925812e-08	chr17	4.980257965959681e-06
33086109.63265306	1.6118824079593576e-08	chr17	5.4820061047709324e-06
34740070.71428572	1.5696208000675635e-08	chr17	5.338274532718133e-06
36394031.79591837	1.3810736001460547e-08	chr17	4.697026203495571e-06
38047992.87755102	1.1406392444654885e-08	chr17	3.879309849542558e-06
39701953.95918367	9.326325704350017e-09	chr17	3.1718799208842775e-06
41355915.04081632	8.025076175871489e-09	chr17	2.7293254377703054e-06
43009876.12244898	7.642240791947214e-09	chr17	2.599123265364183e-06
44663837.20408163	8.099260903633716e-09	chr17	2.7545556362305114e-06
46317798.28571428	9.031916761547706e-09	chr17	3.071751548381926e-06
47971759.367346935	9.90947566502597e-09	chr17	3.3702090067181317e-06
49625720.448979594	1.0532558346688433e-08	chr17	3.5821191961825726e-06
51279681.530612245	1.1191938503615195e-08	chr17	3.8063741435526826e-06
52933642.6122449	1.1998052880949592e-08	chr17	4.080533344985087e-06
54587603.69387755	1.239542717605497e-08	chr17	4.215680195703843e-06
56241564.7755102	1.1832460061245773e-08	chr17	4.0242152882807016e-06
57895525.85714286	1.0632372545544259e-08	chr17	3.6160659682776402e-06
59549486.93877551	9.728114891528664e-09	chr17	3.308528274763442e-06
61203448.02040816	9.724657636852671e-09	chr17	3.307352463727478e-06
62857409.10204081	1.0531841060766907e-08	chr17	3.5818752475060895e-06
64511370.18367347	1.176773776455579e-08	chr17	4.0022032591266344e-06
66165331.26530612	1.3297990103875066e-08	chr17	4.522641513466079e-06
67819292.34693877	1.5263996316560898e-08	chr17	5.1912794988887134e-06
69473253.42857143	1.7489736989078664e-08	chr17	5.948253077986613e-06
71127214.51020408	1.9111800962545327e-08	chr17	6.499916435125098e-06
72781175.59183674	1.9188931824854612e-08	chr17	6.526148612854555e-06
74435136.67346938	1.750115001353872e-08	chr17	5.9521346433821395e-06
76089097.75510204	1.4470126268003855e-08	chr17	4.921284589142528e-06
77743058.8367347	1.0697523963596929e-08	chr17	3.638223941448362e-06
79397019.91836734	6.882819306709997e-09	chr17	2.3408442992555333e-06
81050981.0	3.751103416834271e-09	chr17	1.2757488839862736e-06
112535.0	6.005362992561957e-09	chr18	2.0424217315125742e-06
1702372.693877551	1.0342876679838673e-08	chr18	3.5176085314778224e-06
3292210.387755102	1.5304924925010145e-08	chr18	5.2051993034768536e-06
4882048.081632653	1.9904078318989937e-08	chr18	6.769369670873214e-06
6471885.775510204	2.3256699568607488e-08	chr18	7.909594917245627e-06
8061723.469387755	2.476151469498027e-08	chr18	8.421381984874895e-06
9651561.163265307	2.404447009618475e-08	chr18	8.17751538216369e-06
11241398.857142856	2.1088799581987573e-08	chr18	7.1722929340178986e-06
12831236.551020408	1.655920534177595e-08	chr18	5.63177960907804e-06
14421074.24489796	1.181376357553182e-08	chr18	4.017856620407937e-06
16010911.93877551	8.362587440529078e-09	chr18	2.8441128939858156e-06
17600749.63265306	7.1280387178721356e-09	chr18	2.424243330249429e-06
19190587.326530613	8.00693847678328e-09	chr18	2.72315681302218e-06
20780425.020408165	9.99862302103349e-09	chr18	3.4005279895077082e-06
22370262.714285713	1.1831413780373373e-08	chr18	4.023859448543169e-06
23960100.408163264	1.2689370098096076e-08	chr18	4.315650074717758e-06
25549938.102040816	1.252809488942322e-08	chr18	4.260800435927291e-06
27139775.795918368	1.1793024958869855e-08	chr18	4.0108034245554354e-06
28729613.48979592	1.0911056851779246e-08	chr18	3.710846397702277e-06
30319451.183673467	1.0071547016063676e-08	chr18	3.425329413232276e-06
31909288.87755102	9.328927512564958e-09	chr18	3.1727647948953917e-06
33499126.57142857	8.700010352003275e-09	chr18	2.958870301316349e-06
35088964.26530612	8.171444600669249e-09	chr18	2.7791052848810416e-06
36678801.95918367	7.759268545253018e-09	chr18	2.6389243609578893e-06
38268639.653061226	7.59961048775008e-09	chr18	2.5846247146818915e-06
39858477.346938774	7.928505600509433e-09	chr18	2.69648182082518e-06
41448315.04081633	8.897038253057016e-09	chr18	3.0258794175554316e-06
43038152.73469388	1.0310367382744068e-08	chr18	3.5065521315658677e-06
44627990.428571425	1.1553632947698277e-08	chr18	3.9293862901419255e-06
46217828.12244898	1.1935829667006861e-08	chr18	4.059371252948586e-06
47807665.81632653	1.1259370776163296e-08	chr18	3.829307834493281e-06
49397503.510204084	1.0091122971287982e-08	chr18	3.431987188360068e-06
50987341.20408163	9.435448246278006e-09	chr18	3.2089924570136776e-06
52577178.89795918	1.001567696949774e-08	chr18	3.406328031069662e-06
54167016.591836736	1.1700425443043053e-08	chr18	3.979310363488777e-06
55756854.28571428	1.3577346008911621e-08	chr18	4.617650353394606e-06
57346691.97959184	1.46758657692147e-08	chr18	4.991256517371353e-06
58936529.67346939	1.469001615790946e-08	chr18	4.996069059330153e-06
60526367.367346935	1.4061630180512389e-08	chr18	4.7823552209488335e-06
62116205.06122449	1.3501638380931485e-08	chr18	4.591902217133831e-06
63706042.75510204	1.347906197946831e-08	chr18	4.584223991350502e-06
65295880.448979594	1.4028538576672529e-08	chr18	4.771100778728297e-06
66885718.14285714	1.4897521000867368e-08	chr18	5.066641379633898e-06
68475555.8367347	1.5769303530237617e-08	chr18	5.363134295273489e-06
70065393.53061225	1.627038719179304e-08	chr18	5.533552663144717e-06
71655231.2244898	1.5906209336423852e-08	chr18	5.409695909296045e-06
73245068.91836734	1.42734717001477e-08	chr18	4.854402443385794e-06
74834906.6122449	1.1430853733575595e-08	chr18	3.887629124852701e-06
76424744.30612245	7.987920727231305e-09	chr18	2.716688883436986e-06
78014582.0	4.780551729048555e-09	chr18	1.6258638740276025e-06
261033.0	5.716474619144033e-09	chr19	1.94417090261499e-06
1460972.7959183673	9.820943505844328e-09	chr19	3.340099252141385e-06
2660912.5918367347	1.4475018011938458e-08	chr19	4.922948269444519e-06
3860852.387755102	1.8800084819636474e-08	chr19	6.393901890270963e-06
5060792.183673469	2.2102300746170697e-08	chr19	7.516984304915001e-06
6260731.979591837	2.391859106120096e-08	chr19	8.134703968946676e-06
7460671.775510204	2.395918492505996e-08	chr19	8.148509927023545e-06
8660611.57142857	2.241574800367442e-08	chr19	7.623587601202259e-06
9860551.367346939	2.023561485498731e-08	chr19	6.882125124082307e-06
11060491.163265307	1.8714814038519944e-08	chr19	6.364901329167303e-06
12260430.959183674	1.8677156760311185e-08	chr19	6.352094102783412e-06
13460370.75510204	2.005414435212617e-08	chr19	6.820407073211581e-06
14660310.551020408	2.2099043864536386e-08	chr19	7.515876640676366e-06
15860250.346938776	2.3741608171098964e-08	chr19	8.074512153514715e-06
17060190.14285714	2.3831080834359266e-08	chr19	8.104941773180585e-06
18260129.93877551	2.1638367841440878e-08	chr19	7.3592008956926885e-06
19460069.734693877	1.7508628841075535e-08	chr19	5.954678189859904e-06
20660009.530612245	1.2749055425653998e-08	chr19	4.335949032533918e-06
21859949.326530613	8.629427051301859e-09	chr19	2.934864946866832e-06
23059889.12244898	5.664446472733645e-09	chr19	1.9264761492736004e-06
24259828.91836735	3.8817788661085734e-09	chr19	1.3201915559285976e-06
25459768.714285713	3.429385487996345e-09	chr19	1.1663327354387773e-06
26659708.51020408	4.680143791262446e-09	chr19	1.5917151715420556e-06
27859648.30612245	7.775158299421463e-09	chr19	2.644328460470645e-06
29059588.102040816	1.2151514211544764e-08	chr19	4.132725486732825e-06
30259527.897959184	1.6644126428577026e-08	chr19	5.660661239274416e-06
31459467.69387755	2.0160899331886688e-08	chr19	6.85671440232393e-06
32659407.48979592	2.2165696935590755e-08	chr19	7.538545325477286e-06
33859347.28571428	2.2480597564557953e-08	chr19	7.64564291286146e-06
35059287.08163265	2.104285155375522e-08	chr19	7.156666026618939e-06
36259226.87755102	1.824077366774895e-08	chr19	6.203680374484609e-06
37459166.67346939	1.5173577073169067e-08	chr19	5.160527947670389e-06
38659106.469387755	1.3022027876506707e-08	chr19	4.428786862056689e-06
39859046.26530612	1.2174161053764163e-08	chr19	4.14042766939128e-06
41058986.06122449	1.2275424686474161e-08	chr19	4.174867393403795e-06
42258925.85714286	1.2983542990894598e-08	chr19	4.415698166701171e-06
43458865.653061226	1.4271228848640468e-08	chr19	4.853639650418142e-06
44658805.448979594	1.6074727244559385e-08	chr19	5.467008787493641e-06
45858745.24489796	1.8116771506646516e-08	chr19	6.161507285380118e-06
47058685.04081633	2.019882496383961e-08	chr19	6.869612895716908e-06
48258624.8367347	2.234401049651393e-08	chr19	7.599189701563122e-06
49458564.63265306	2.446416998138782e-08	chr19	8.320255157813184e-06
50658504.428571425	2.604961907541738e-08	chr19	8.859465808004284e-06
51858444.22448979	2.6345050599145038e-08	chr19	8.959941959900946e-06
53058384.02040816	2.4799518279648337e-08	chr19	8.434306989957448e-06
54258323.81632653	2.1373121273542452e-08	chr19	7.268990636103742e-06
55458263.6122449	1.661288605284698e-08	chr19	5.650036399048989e-06
56658203.408163264	1.1502957729347642e-08	chr19	3.912151667133013e-06
57858143.20408163	7.04308463735578e-09	chr19	2.3953504789026946e-06
59058083.0	3.79959206154221e-09	chr19	1.2922398541084374e-06
752721.0	2.7701984206081124e-09	chr1	9.421434577492689e-07
5822475.897959184	4.354137912241875e-09	chr1	1.4808406927241785e-06
10892230.795918368	5.6561518227598455e-09	chr1	1.9236551418869093e-06
15961985.693877552	6.293880016562127e-09	chr1	2.140546264610596e-06
21031740.591836736	6.265774199313939e-09	chr1	2.1309874865649195e-06
26101495.48979592	5.872243284412354e-09	chr1	1.9971477680312474e-06
31171250.387755103	5.400159460353492e-09	chr1	1.8365922341613387e-06
36241005.28571428	4.92478156292124e-09	chr1	1.674916387156097e-06
41310760.18367347	4.449332459423613e-09	chr1	1.5132163229943708e-06
46380515.08163266	4.104819691811852e-09	chr1	1.3960476582150216e-06
51450269.97959184	4.033177793521828e-09	chr1	1.371682275117349e-06
56520024.87755102	4.128717390439084e-09	chr1	1.4041752566749066e-06
61589779.77551021	4.104062366039478e-09	chr1	1.395790092000082e-06
66659534.673469394	3.840615055132591e-09	chr1	1.3061917590481504e-06
71729289.57142857	3.5197019447092907e-09	chr1	1.197049328945649e-06
76799044.46938775	3.3618617935391168e-09	chr1	1.1433679519407155e-06
81868799.36734694	3.3600151005820653e-09	chr1	1.1427398923493828e-06
86938554.26530613	3.352044975578379e-09	chr1	1.1400292557849383e-06
92008309.16326532	3.285500454012271e-09	chr1	1.1173974886248078e-06
97078064.06122449	3.3023539134832866e-09	chr1	1.1231293439543528e-06
102147818.95918368	3.5314147333947547e-09	chr1	1.20103284404331e-06
107217573.85714287	3.826180530398102e-09	chr1	1.301282582527382e-06
112287328.75510204	3.790334074168938e-09	chr1	1.2890912160286644e-06
117357083.65306123	3.1582657689122104e-09	chr1	1.074125019304904e-06
122426838.55102041	2.1140565920086505e-09	chr1	7.189898646449443e-07
127496593.4489796	1.1347652057615875e-09	chr1	3.859332265647209e-07
132566348.34693879	5.848487285345705e-10	chr1	1.9890683615394814e-07
137636103.24489796	5.681537608352128e-10	chr1	1.932288838172948e-07
142705858.14285713	1.0605393963884492e-09	chr1	3.6068905626384573e-07
147775613.04081634	1.987069965851403e-09	chr1	6.758017600796982e-07
152845367.9387755	3.1387176186977045e-09	chr1	1.0674767006506561e-06
157915122.8367347	4.133578263767324e-09	chr1	1.4058284378950964e-06
162984877.73469388	4.5933379754171885e-09	chr1	1.562192545695188e-06
168054632.63265306	4.421382352303676e-09	chr1	1.5037105019056927e-06
173124387.53061226	3.876246170503823e-09	chr1	1.3183098882007714e-06
178194142.42857143	3.3290235238450135e-09	chr1	1.132199668569406e-06
183263897.32653064	3.008840311141283e-09	chr1	1.0233054764112347e-06
188333652.2244898	3.0203912736434608e-09	chr1	1.0272339544838432e-06
193403407.12244898	3.421235520398653e-09	chr1	1.1635609344746613e-06
198473162.02040818	4.097345573320244e-09	chr1	1.3935057132817898e-06
203542916.91836736	4.699636413658879e-09	chr1	1.5983446052059249e-06
208612671.81632653	4.920328095352103e-09	chr1	1.6734017644838193e-06
213682426.71428573	4.792560548962986e-09	chr1	1.6299480692366903e-06
218752181.6122449	4.644666415993995e-09	chr1	1.5796493293414997e-06
223821936.51020408	4.816441993786787e-09	chr1	1.6380701397840432e-06
228891691.40816328	5.341231749767561e-09	chr1	1.8165509415969997e-06
233961446.30612245	5.7873046496223725e-09	chr1	1.968260169770337e-06
239031201.20408165	5.542462320935054e-09	chr1	1.88498938438659e-06
244100956.10204083	4.401742237138718e-09	chr1	1.497030906005827e-06
249170711.0	2.799476925703907e-09	chr1	9.521010664979686e-07
69094.0	3.9578543269310185e-09	chr20	1.3460647920029268e-06
1351490.3265306123	6.97643897658631e-09	chr20	2.372684314336927e-06
2633886.6530612246	1.0950687316481371e-08	chr20	3.7243247040823933e-06
3916282.979591837	1.5330504418772594e-08	chr20	5.213898879839886e-06
5198679.306122449	1.9172802794037287e-08	chr20	6.520663135442059e-06
6481075.632653061	2.1678528900848296e-08	chr20	7.372859657135731e-06
7763471.959183674	2.2713140694091293e-08	chr20	7.724730745164202e-06
9045868.285714285	2.2649917926897326e-08	chr20	7.703228705436836e-06
10328264.612244898	2.184195213344785e-08	chr20	7.428439838068802e-06
11610660.938775511	2.0583334352538074e-08	chr20	7.000384396527274e-06
12893057.265306123	1.9446921920258482e-08	chr20	6.613890948833329e-06
14175453.591836736	1.9126737239701555e-08	chr20	6.504996257458828e-06
15457849.918367349	1.9779246068111137e-08	chr20	6.726914268542951e-06
16740246.24489796	2.0767311463623196e-08	chr20	7.062954943927416e-06
18022642.57142857	2.113735558290532e-08	chr20	7.188806811962094e-06
19305038.897959184	2.0251922797669243e-08	chr20	6.887671449353751e-06
20587435.224489797	1.8077575272614737e-08	chr20	6.148176660690301e-06
21869831.55102041	1.5064471102248483e-08	chr20	5.123421047334476e-06
23152227.877551023	1.1765337615527106e-08	chr20	4.001386969330144e-06
24434624.204081632	8.576397808497614e-09	chr20	2.9168297210123433e-06
25717020.530612245	5.8449120484807724e-09	chr20	1.9878524248047184e-06
26999416.85714286	4.003044804412564e-09	chr20	1.3614340566718662e-06
28281813.18367347	3.35944021873614e-09	chr20	1.142544375246316e-06
29564209.510204084	3.788082384021219e-09	chr20	1.2883254170426532e-06
30846605.836734697	4.786706340392353e-09	chr20	1.6279570550681416e-06
32129002.163265307	5.928098307621136e-09	chr20	2.0161440407556522e-06
33411398.48979592	7.1989311673925105e-09	chr20	2.4483538260978744e-06
34693794.81632653	8.811668841940247e-09	chr20	2.996845312425188e-06
35976191.14285714	1.0781442519790623e-08	chr20	3.666764611356151e-06
37258587.469387755	1.2872598501557184e-08	chr20	4.377965986932029e-06
38540983.79591837	1.4890784353585508e-08	chr20	5.064350248386203e-06
39823380.12244898	1.6775856578142865e-08	chr20	5.705462614395605e-06
41105776.448979594	1.8403967352737087e-08	chr20	6.259182486359981e-06
42388172.77551021	1.9545288482721843e-08	chr20	6.647345380327011e-06
43670569.10204082	2.0095825092405396e-08	chr20	6.8345826775567746e-06
44952965.42857143	2.0203375178052827e-08	chr20	6.8711604218870365e-06
46235361.755102046	2.014249876336251e-08	chr20	6.8504563757779055e-06
47517758.08163266	2.0182825791463387e-08	chr20	6.864171583112177e-06
48800154.408163264	2.0535261937803065e-08	chr20	6.98403498606488e-06
50082550.73469388	2.1281320699998397e-08	chr20	7.2377692950118005e-06
51364947.06122449	2.232530269777676e-08	chr20	7.592827186135347e-06
52647343.3877551	2.3411465626026093e-08	chr20	7.962230796103206e-06
53929739.71428572	2.413921942035267e-08	chr20	8.209739592251634e-06
55212136.04081633	2.399391675902986e-08	chr20	8.160322210904347e-06
56494532.36734694	2.2516402435428136e-08	chr20	7.657820136194976e-06
57776928.693877555	1.95882296223291e-08	chr20	6.661949646017262e-06
59059325.02040817	1.558039948202319e-08	chr20	5.298888098378861e-06
60341721.34693878	1.1202898875795025e-08	chr20	3.810101762075206e-06
61624117.673469394	7.1946253065723385e-09	chr20	2.4468894044262985e-06
62906514.0	4.0676493060728105e-09	chr20	1.3834060237799087e-06
14665973.0	1.7910910673342127e-08	chr21	6.091494092151177e-06
15348194.020408163	2.7660897880754492e-08	chr21	9.407461133452913e-06
16030415.040816326	3.735480151240361e-08	chr21	1.2704354171391043e-05
16712636.06122449	4.520207850124955e-08	chr21	1.5373210171447754e-05
17394857.08163265	5.0303471125791995e-08	chr21	1.7108191915307088e-05
18077078.102040816	5.265890883574105e-08	chr21	1.7909275408841563e-05
18759299.12244898	5.2654278192222427e-08	chr21	1.7907700528694426e-05
19441520.14285714	5.078274366380706e-08	chr21	1.7271192328133354e-05
20123741.163265307	4.7727360397461724e-08	chr21	1.623205760988023e-05
20805962.18367347	4.4273568151443434e-08	chr21	1.5057424145069803e-05
21488183.204081632	4.085919953614518e-08	chr21	1.3896198642478718e-05
22170404.224489797	3.736560059776544e-08	chr21	1.270802693632645e-05
22852625.24489796	3.359492283766445e-08	chr21	1.1425620825438563e-05
23534846.265306123	2.985902065380498e-08	chr21	1.0155041875161872e-05
24217067.285714287	2.686712142837383e-08	chr21	9.13749805573168e-06
24899288.306122452	2.5107103074246515e-08	chr21	8.538916464779908e-06
25581509.326530613	2.4601500125620803e-08	chr21	8.366961089048418e-06
26263730.346938774	2.5187543174315258e-08	chr21	8.56627411304679e-06
26945951.36734694	2.6558845872130434e-08	chr21	9.032653653129293e-06
27628172.387755103	2.785588088036779e-08	chr21	9.473774779468806e-06
28310393.408163264	2.772024983788526e-08	chr21	9.42764671211016e-06
28992614.42857143	2.5314092658805862e-08	chr21	8.609313545892971e-06
29674835.448979594	2.128426177013078e-08	chr21	7.238769551875494e-06
30357056.469387755	1.7457004431708113e-08	chr21	5.937120747337425e-06
31039277.48979592	1.5524069297208955e-08	chr21	5.2797302233682735e-06
31721498.510204084	1.600881470882415e-08	chr21	5.444591958480728e-06
32403719.530612245	1.8264533239931547e-08	chr21	6.211760996191788e-06
33085940.55102041	2.1193541050899395e-08	chr21	7.207915468835697e-06
33768161.571428575	2.3961356240665343e-08	chr21	8.14924839065745e-06
34450382.591836736	2.6243838695949452e-08	chr21	8.92551982907714e-06
35132603.612244904	2.799512425409605e-08	chr21	9.5211313993474e-06
35814824.63265306	2.908747461010018e-08	chr21	9.892639351205035e-06
36497045.653061226	2.9265810150844754e-08	chr21	9.953291202619995e-06
37179266.673469394	2.8492132162582545e-08	chr21	9.690163605108101e-06
37861487.69387755	2.7261354833344592e-08	chr21	9.271576690877926e-06
38543708.71428572	2.6500603460205748e-08	chr21	9.01284543038605e-06
39225929.73469388	2.7123685321426568e-08	chr21	9.224755340818593e-06
39908150.75510204	2.955474284867431e-08	chr21	1.0051557106233572e-05
40590371.77551021	3.342987316373004e-08	chr21	1.1369487492409364e-05
41272592.79591837	3.75608316517396e-08	chr21	1.2774424945538681e-05
41954813.81632653	4.0246408785320965e-08	chr21	1.3687788734883883e-05
42637034.8367347	3.996617099495731e-08	chr21	1.3592479966081946e-05
43319255.85714286	3.6198590391347036e-08	chr21	1.2311127196970463e-05
44001476.87755102	2.9792008076914627e-08	chr21	1.0132250922559166e-05
44683697.89795919	2.249224841283634e-08	chr21	7.649605362049596e-06
45365918.91836735	1.5938299736295625e-08	chr21	5.420609842417526e-06
46048139.93877551	1.0929899105457675e-08	chr21	3.717254641205819e-06
46730360.95918368	7.424080484856943e-09	chr21	2.5249270256520284e-06
47412581.97959184	4.993110021462913e-09	chr21	1.6981548706214792e-06
48094803.0	3.238899917916834e-09	chr21	1.1015486635430699e-06
17087705.0	2.6157192902285775e-08	chr22	8.896051626715011e-06
17784482.55102041	3.4353063000458695e-08	chr22	1.1683464014258506e-05
18481260.102040816	3.9351019493064234e-08	chr22	1.3383267167922177e-05
19178037.653061226	4.056715291222806e-08	chr22	1.3796873693755054e-05
19874815.204081632	3.916143234702365e-08	chr22	1.331878864970965e-05
20571592.755102042	3.692636889894525e-08	chr22	1.2558644398093431e-05
21268370.30612245	3.516727485513918e-08	chr22	1.1960377164739879e-05
21965147.85714286	3.430429453678956e-08	chr22	1.1666877877811186e-05
22661925.408163264	3.4070049762039404e-08	chr22	1.1587211316599889e-05
23358702.959183674	3.403706648765653e-08	chr22	1.1575993717187587e-05
24055480.51020408	3.422734324919013e-08	chr22	1.16407067733741e-05
24752258.06122449	3.5253459649142846e-08	chr22	1.1989688581288227e-05
25449035.612244897	3.7588500491531094e-08	chr22	1.2783835107713038e-05
26145813.163265307	4.052520859712767e-08	chr22	1.3782608447710719e-05
26842590.714285716	4.203495921826661e-08	chr22	1.42960740752836e-05
27539368.265306123	4.004800104982903e-08	chr22	1.3620310337462973e-05
28236145.81632653	3.4183315039364765e-08	chr22	1.1625732795504935e-05
28932923.36734694	2.625998480560803e-08	chr22	8.931011114997226e-06
29629700.91836735	1.9044424241414694e-08	chr22	6.4770016372010245e-06
30326478.469387755	1.4497176790952306e-08	chr22	4.930484461987372e-06
31023256.02040816	1.3027831106355986e-08	chr22	4.43076053838097e-06
31720033.57142857	1.386919849145776e-08	chr22	4.716909274709841e-06
32416811.12244898	1.579788999602051e-08	chr22	5.3728565417079565e-06
33113588.673469387	1.7838753275872347e-08	chr22	6.066953387973227e-06
33810366.22448979	1.989145801746049e-08	chr22	6.765077510993135e-06
34507143.77551021	2.279946728355757e-08	chr22	7.754090386296914e-06
35203921.32653061	2.742263525935386e-08	chr22	9.326428104082576e-06
35900698.87755102	3.331906260422426e-08	chr22	1.13318008621264e-05
36597476.42857143	3.840369379054016e-08	chr22	1.3061082047047383e-05
37294253.97959183	4.019816478863206e-08	chr22	1.367138096946246e-05
37991031.530612245	3.763046338715943e-08	chr22	1.2798106672988053e-05
38687809.08163265	3.1686563704366216e-08	chr22	1.0776588590383606e-05
39384586.63265306	2.4492067667923635e-08	chr22	8.329743150680602e-06
40081364.18367347	1.804532016220457e-08	chr22	6.137206709575662e-06
40778141.73469388	1.3733776533201786e-08	chr22	4.670852316819275e-06
41474919.28571428	1.2437526560813842e-08	chr22	4.229998180881646e-06
42171696.8367347	1.4498969983886805e-08	chr22	4.931094326240831e-06
42868474.3877551	1.9433031476727228e-08	chr22	6.609166814128446e-06
43565251.93877551	2.5780310895074174e-08	chr22	8.767874195525848e-06
44262029.48979592	3.1473791415950554e-08	chr22	1.0704224813828873e-05
44958807.04081632	3.474549257439474e-08	chr22	1.1816929167137344e-05
45655584.591836736	3.507510654151605e-08	chr22	1.1929030755383126e-05
46352362.14285714	3.3360901532778154e-08	chr22	1.1346030266245273e-05
47049139.69387755	3.10096201257983e-08	chr22	1.0546360329812604e-05
47745917.24489796	2.8711164342077985e-08	chr22	9.76465636830262e-06
48442694.79591837	2.604790392053982e-08	chr22	8.858882484465112e-06
49139472.346938774	2.2241189608294813e-08	chr22	7.56422035552821e-06
49836249.89795919	1.7181342848365317e-08	chr22	5.843368344849878e-06
50533027.448979594	1.1695376668193884e-08	chr22	3.977593277030851e-06
51229805.0	6.920652534313275e-09	chr22	2.3537113659633916e-06
118913.0	2.9723538492300276e-09	chr2	1.010896444216869e-06
5076567.0	4.629938934360439e-09	chr2	1.5746405182877663e-06
10034221.0	5.758663998595974e-09	chr2	1.958519494954604e-06
14991875.0	5.978036174837655e-09	chr2	2.033127890916706e-06
19949529.0	5.5745008588756074e-09	chr2	1.8958856792844544e-06
24907183.0	5.135888626450533e-09	chr2	1.7467138213431839e-06
29864837.0	4.975815144553823e-09	chr2	1.6922728893845895e-06
34822491.0	4.9954135574114495e-09	chr2	1.6989383023451631e-06
39780145.0	4.937354778688441e-09	chr2	1.6791925331858599e-06
44737799.0	4.624119635314177e-09	chr2	1.5726613768355381e-06
49695453.0	4.088190342918309e-09	chr2	1.3903920228099438e-06
54653107.0	3.6161599455751884e-09	chr2	1.2298546593462883e-06
59610761.0	3.5365641867536415e-09	chr2	1.2027841712251352e-06
64568415.0	3.870086736440194e-09	chr2	1.3162150669550021e-06
69526069.0	4.274316197073308e-09	chr2	1.4536933569330182e-06
74483723.0	4.343335303788235e-09	chr2	1.4771667295865527e-06
79441377.0	3.912538184904483e-09	chr2	1.330652788868738e-06
84399031.0	3.145514981906004e-09	chr2	1.069788481362465e-06
89356685.0	2.428848777362577e-09	chr2	8.260505703963728e-07
94314339.0	2.131667534240745e-09	chr2	7.249793395812291e-07
99271993.0	2.336611748146853e-09	chr2	7.946807908920056e-07
104229647.0	2.7960304308090227e-09	chr2	9.509289148595785e-07
109187301.0	3.205602092756906e-09	chr2	1.0902240855278898e-06
114144955.0	3.4640527248385818e-09	chr2	1.178123049860366e-06
119102609.0	3.6277098469187345e-09	chr2	1.233782776519239e-06
124060263.0	3.7300344686580815e-09	chr2	1.2685833425080217e-06
129017917.0	3.726109914898413e-09	chr2	1.267248603226622e-06
133975571.0	3.5658838428595272e-09	chr2	1.2127557754171392e-06
138933225.0	3.2887765635332526e-09	chr2	1.118511692260584e-06
143890879.0	3.0264066908006137e-09	chr2	1.0292797956330128e-06
148848533.0	2.891605815943815e-09	chr2	9.83434067976677e-07
153806187.0	2.913959197827048e-09	chr2	9.910364448833956e-07
158763841.0	3.1049531215338343e-09	chr2	1.0559934076596253e-06
163721495.0	3.4717584070426864e-09	chr2	1.1807437495265286e-06
168679149.0	3.8817564919737314e-09	chr2	1.3201839464936172e-06
173636803.0	4.054040533361779e-09	chr2	1.3787776852167524e-06
178594457.0	3.8410710592668736e-09	chr2	1.3063468458854775e-06
183552111.0	3.419840619987894e-09	chr2	1.163086529361139e-06
188509765.0	3.0979604983367032e-09	chr2	1.05361521909787e-06
193467419.0	3.0483722468911006e-09	chr2	1.0367502731311314e-06
198425073.0	3.294754561815109e-09	chr2	1.1205448072641118e-06
203382727.0	3.802302568066553e-09	chr2	1.2931616963743555e-06
208340381.0	4.485758274629757e-09	chr2	1.5256047292667702e-06
213298035.0	5.186791599070602e-09	chr2	1.7640259034948517e-06
218255689.0	5.711893951890347e-09	chr2	1.942613019377067e-06
223213343.0	5.934232170087962e-09	chr2	2.0182301651108114e-06
228170997.0	5.798062512563198e-09	chr2	1.9719189149756125e-06
233128651.0	5.192236680280771e-09	chr2	1.765877773599502e-06
238086305.0	4.0400791552327716e-09	chr2	1.3740294256814226e-06
243043959.0	2.582807934711708e-09	chr2	8.784120228389138e-07
108226.0	3.7120902138977797e-09	chr3	1.2624805081042344e-06
4142756.9795918367	5.594074967799641e-09	chr3	1.9025428264862066e-06
8177287.959183673	6.900694206704966e-09	chr3	2.3469235461292953e-06
12211818.93877551	7.3005733861076985e-09	chr3	2.482922307070661e-06
16246349.918367347	7.098672514976479e-09	chr3	2.4142558955114483e-06
20280880.897959184	6.828010885398748e-09	chr3	2.322203975449189e-06
24315411.87755102	6.68934371720686e-09	chr3	2.2750433228602937e-06
28349942.85714286	6.469657452603791e-09	chr3	2.2003281055627112e-06
32384473.836734693	5.918634042619285e-09	chr3	2.012925247730732e-06
36419004.81632653	5.068113072550408e-09	chr3	1.7236633805417924e-06
40453535.79591837	4.184814892552302e-09	chr3	1.423253996384982e-06
44488066.77551021	3.5714476880710334e-09	chr3	1.2146480371146964e-06
48522597.75510204	3.477200963377861e-09	chr3	1.1825947609221279e-06
52557128.73469388	4.006359824289464e-09	chr3	1.3625614937052916e-06
56591659.71428572	4.9636958118490194e-09	chr3	1.6881511088163908e-06
60626190.69387755	5.9030383195025934e-09	chr3	2.0076211480698727e-06
64660721.67346939	6.433377080784225e-09	chr3	2.1879891645322663e-06
68695252.65306123	6.400047984746206e-09	chr3	2.176653951303019e-06
72729783.63265306	5.787310987298546e-09	chr3	1.968262325211658e-06
76764314.6122449	4.686341089168119e-09	chr3	1.5938228702664925e-06
80798845.59183674	3.40526288714657e-09	chr3	1.1581286478162296e-06
84833376.57142857	2.3741450251535063e-09	chr3	8.07445844512947e-07
88867907.55102041	1.8787872703016967e-09	chr3	6.389748553927709e-07
92902438.53061225	1.957311695100128e-09	chr3	6.656809832091048e-07
96936969.51020408	2.455168774422473e-09	chr3	8.350019916568462e-07
100971500.48979592	3.100622369615767e-09	chr3	1.054520520534866e-06
105006031.46938775	3.6307748620521425e-09	chr3	1.2348251870319158e-06
109040562.44897959	3.936062331736565e-09	chr3	1.3386533425013236e-06
113075093.42857143	4.079197811141724e-09	chr3	1.3873336660803735e-06
117109624.40816326	4.178952801469561e-09	chr3	1.4212603013769823e-06
121144155.3877551	4.2894150578062725e-09	chr3	1.4588284738810334e-06
125178686.36734694	4.375715429882602e-09	chr3	1.4881791984891259e-06
129213217.34693877	4.408757260083769e-09	chr3	1.4994167127135611e-06
133247748.3265306	4.4681800336579636e-09	chr3	1.5196263760170129e-06
137282279.30612245	4.677753930366205e-09	chr3	1.5909023807356014e-06
141316810.2857143	5.014675338482158e-09	chr3	1.7054892269595751e-06
145351341.26530612	5.2395911898425774e-09	chr3	1.7819830247781479e-06
149385872.24489796	5.075251929468343e-09	chr3	1.7260913031378798e-06
153420403.2244898	4.495511395423206e-09	chr3	1.5289217620395235e-06
157454934.20408162	3.840240542507862e-09	chr3	1.3060643874430666e-06
161489465.18367347	3.6002571962346495e-09	chr3	1.2244461401803123e-06
165523996.16326532	4.0297559898012646e-09	chr3	1.3705185209382083e-06
169558527.14285713	4.93298491289389e-09	chr3	1.6777063434461823e-06
173593058.12244898	5.876151809410373e-09	chr3	1.9984770559367413e-06
177627589.10204083	6.613358214447821e-09	chr3	2.249200681490041e-06
181662120.08163264	7.127770678178325e-09	chr3	2.424152170048751e-06
185696651.0612245	7.2502312146863805e-09	chr3	2.4658009531991664e-06
189731182.04081634	6.605687822333863e-09	chr3	2.246591983970478e-06
193765713.02040815	5.1056734820497875e-09	chr3	1.7364376619134695e-06
197800244.0	3.224931122718659e-09	chr3	1.0967978814652609e-06
167596.0	3.719347477326268e-09	chr4	1.2649487007107453e-06
4060843.5918367347	5.580199928485156e-09	chr4	1.8978239307497466e-06
7954091.183673469	6.661266504392724e-09	chr4	2.2654942731720536e-06
11847338.775510203	6.657465019359368e-09	chr4	2.264201389518932e-06
15740586.367346939	6.091265959716156e-09	chr4	2.071637298853708e-06
19633833.959183674	5.687254241616105e-09	chr4	1.934233063030612e-06
23527081.551020406	5.679873305922218e-09	chr4	1.9317228095324035e-06
27420329.14285714	5.8359610544138714e-09	chr4	1.984808195034841e-06
31313576.734693877	5.926236943863864e-09	chr4	2.0155109916305938e-06
35206824.32653061	5.883644718874268e-09	chr4	2.0010253916726944e-06
39100071.91836735	5.6082481775657966e-09	chr4	1.907363129882943e-06
42993319.510204084	5.046450155959179e-09	chr4	1.7162958306253808e-06
46886567.10204081	4.480188490396047e-09	chr4	1.523710447709959e-06
50779814.69387755	4.32426951137858e-09	chr4	1.4706824606432403e-06
54673062.28571428	4.570467132721103e-09	chr4	1.5544141805575026e-06
58566309.87755102	4.764634581769141e-09	chr4	1.6204504581279431e-06
62459557.469387755	4.594106579235959e-09	chr4	1.5624539475695333e-06
66352805.06122449	4.228603439349058e-09	chr4	1.4381464649468025e-06
70246052.65306123	4.034271113682677e-09	chr4	1.3720541128994752e-06
74139300.24489796	4.157241667575619e-09	chr4	1.4138763527737607e-06
78032547.8367347	4.434636688103117e-09	chr4	1.5082182966063745e-06
81925795.42857143	4.594432802730466e-09	chr4	1.5625648960592976e-06
85819043.02040817	4.49975751449082e-09	chr4	1.5303658655631614e-06
89712290.6122449	4.237678361173366e-09	chr4	1.4412328425011153e-06
93605538.20408162	3.9968486399133165e-09	chr4	1.359326743418535e-06
97498785.79591836	3.892085969788104e-09	chr4	1.3236969980759082e-06
101392033.3877551	3.925648212312835e-09	chr4	1.3351115043390113e-06
105285280.97959183	4.038893159777116e-09	chr4	1.3736260690658264e-06
109178528.57142857	4.127696024822736e-09	chr4	1.4038278906067383e-06
113071776.1632653	4.0849368872554095e-09	chr4	1.3892855237429185e-06
116965023.75510204	3.920878184254018e-09	chr4	1.3334892195613353e-06
120858271.34693877	3.7901165094050116e-09	chr4	1.2890172223329617e-06
124751518.93877551	3.845498499113018e-09	chr4	1.307852616538797e-06
128644766.53061225	4.111374328451093e-09	chr4	1.3982768877105134e-06
132538014.12244898	4.487686121674666e-09	chr4	1.5262603893333525e-06
136431261.7142857	4.800264373512064e-09	chr4	1.6325681371150658e-06
140324509.30612245	4.900232469230169e-09	chr4	1.6665672494760462e-06
144217756.89795917	4.8241804695519436e-09	chr4	1.6407019925281844e-06
148111004.48979592	4.793499820067681e-09	chr4	1.630267514991824e-06
152004252.08163264	4.957389814260786e-09	chr4	1.6860064413701388e-06
155897499.6734694	5.230110074769347e-09	chr4	1.7787585010501862e-06
159790747.26530612	5.462356837295536e-09	chr4	1.8577455390434663e-06
163683994.85714287	5.653132626411568e-09	chr4	1.9226283143261e-06
167577242.4489796	5.935276171957159e-09	chr4	2.018585229760197e-06
171470490.04081634	6.4428070801564614e-09	chr4	2.191196303829235e-06
175363737.63265306	7.137932800955724e-09	chr4	2.427608304244896e-06
179256985.2244898	7.640786467046235e-09	chr4	2.598628650003526e-06
183150232.81632653	7.353094165373228e-09	chr4	2.5007846046637874e-06
187043480.40816325	5.988826992381086e-09	chr4	2.0367978439701327e-06
190936728.0	3.964059622672211e-09	chr4	1.3481752107882642e-06
157856.0	3.852714812314712e-09	chr5	1.3103068819883285e-06
3842243.285714286	5.486456662777398e-09	chr5	1.8659418807718148e-06
7526630.571428572	6.43146355180874e-09	chr5	2.1873383740357968e-06
11211017.857142858	6.499962048930588e-09	chr5	2.210634687559374e-06
14895405.142857144	6.040416972396404e-09	chr5	2.054343577082701e-06
18579792.42857143	5.616870932335853e-09	chr5	1.9102957255894276e-06
22264179.714285716	5.671909490971763e-09	chr5	1.929014319014728e-06
25948567.0	6.2956510575974176e-09	chr5	2.141148595011333e-06
29632954.285714287	7.09607436857588e-09	chr5	2.413372266882037e-06
33317341.571428575	7.3840733884276104e-09	chr5	2.51132062696086e-06
37001728.85714286	6.7274854357078415e-09	chr5	2.2880153072083054e-06
40686116.14285714	5.3921651918852715e-09	chr5	1.83387338641354e-06
44370503.42857143	4.160127104085059e-09	chr5	1.4148576886628785e-06
48054890.71428572	3.65829621645011e-09	chr5	1.2441851894785103e-06
51739278.0	3.8494577436980994e-09	chr5	1.3091991541570825e-06
55423665.28571429	4.2042126138337e-09	chr5	1.4298511542147452e-06
59108052.571428575	4.3509919740258715e-09	chr5	1.4797707603010563e-06
62792439.85714286	4.4227424185004824e-09	chr5	1.50417305991594e-06
66476827.14285715	4.745078821471474e-09	chr5	1.613799551287228e-06
70161214.42857143	5.349836664168286e-09	chr5	1.819477469800476e-06
73845601.71428572	5.867772754973439e-09	chr5	1.9956273426233717e-06
77529989.0	5.856963239385685e-09	chr5	1.99195103037199e-06
81214376.28571428	5.2267801643390416e-09	chr5	1.777625999745058e-06
84898763.57142858	4.322176681194499e-09	chr5	1.4699706898720767e-06
88583150.85714287	3.586871535882079e-09	chr5	1.219893682047707e-06
92267538.14285715	3.2064213099818132e-09	chr5	1.090502701002933e-06
95951925.42857143	3.1104433030855777e-09	chr5	1.057860616373756e-06
99636312.71428572	3.2164875196199862e-09	chr5	1.0939262151759198e-06
103320700.0	3.5251756143247655e-09	chr5	1.1989109219563648e-06
107005087.2857143	3.9982033103692226e-09	chr5	1.359787466339299e-06
110689474.57142858	4.493495734001552e-09	chr5	1.5282362363359055e-06
114373861.85714287	4.864312099554987e-09	chr5	1.654350745041689e-06
118058249.14285715	5.047839401475305e-09	chr5	1.716768312511331e-06
121742636.42857143	5.0382542509688015e-09	chr5	1.7135084063710114e-06
125427023.71428572	4.8631867606999644e-09	chr5	1.6539680177135226e-06
129111411.0	4.640754046580173e-09	chr5	1.5783187339516139e-06
132795798.2857143	4.573151563950229e-09	chr5	1.5553271546251664e-06
136480185.57142857	4.814602898536938e-09	chr5	1.6374446641701183e-06
140164572.85714287	5.352944620270937e-09	chr5	1.820534484520902e-06
143848960.14285716	5.974760267269862e-09	chr5	2.0320137559651346e-06
147533347.42857143	6.355170982227148e-09	chr5	2.161391299352822e-06
151217734.71428573	6.334814033171454e-09	chr5	2.1544679085119784e-06
154902122.0	6.164167828923766e-09	chr5	2.096431197594205e-06
158586509.2857143	6.340136310971602e-09	chr5	2.1562780132223235e-06
162270896.57142857	7.11488388897335e-09	chr5	2.4197693778088376e-06
165955283.85714287	8.153408070315968e-09	chr5	2.7729710675822286e-06
169639671.14285716	8.646367034202305e-09	chr5	2.940626228782709e-06
173324058.42857143	7.887803501949342e-09	chr5	2.6826390521665226e-06
177008445.71428573	5.92560971749581e-09	chr5	2.015297672174921e-06
180692833.0	3.5754374992538283e-09	chr5	1.2160049704215532e-06
183917.0	3.4341784576926607e-09	chr6	1.1679628226588772e-06
3669585.714285714	5.366368632156724e-09	chr6	1.8250999859957628e-06
7155254.428571428	7.054695015670132e-09	chr6	2.399299164271037e-06
10640923.142857142	8.11222349470757e-09	chr6	2.7589642086579802e-06
14126591.857142856	8.472778804915949e-09	chr6	2.881588936237968e-06
17612260.57142857	8.233486887703915e-09	chr6	2.8002058437430605e-06
21097929.285714284	7.501305065649218e-09	chr6	2.55119107700287e-06
24583598.0	6.511408006125654e-09	chr6	2.214527453365891e-06
28069266.714285713	5.762376398682128e-09	chr6	1.959782080850148e-06
31554935.428571425	5.751690835346942e-09	chr6	1.9561479247139962e-06
35040604.14285714	6.491916435548964e-09	chr6	2.2078983774255273e-06
38526272.85714286	7.40908128631204e-09	chr6	2.5198258037772934e-06
42011941.57142857	7.784919624479215e-09	chr6	2.647648283510652e-06
45497610.28571428	7.311490164748047e-09	chr6	2.4866350994465384e-06
48983279.0	6.2219289153399155e-09	chr6	2.1160757217101057e-06
52468947.71428571	4.937898328983669e-09	chr6	1.6793773944401284e-06
55954616.428571425	3.772959892247218e-09	chr6	1.2831822631863258e-06
59440285.14285714	2.9723958834487724e-09	chr6	1.0109107400391096e-06
62925953.85714285	2.708777928222043e-09	chr6	9.212543710171455e-07
66411622.57142857	2.899985352816032e-09	chr6	9.862839453661078e-07
69897291.28571428	3.2296482778497677e-09	chr6	1.0984021841797887e-06
73382960.0	3.4373736282720486e-09	chr6	1.1690494989905685e-06
76868628.71428572	3.513773584200953e-09	chr6	1.1950330957305266e-06
80354297.42857142	3.6192732269648446e-09	chr6	1.2309134851948545e-06
83839966.14285713	3.8686587242130755e-09	chr6	1.3157294005249888e-06
87325634.85714285	4.187029201663768e-09	chr6	1.4240070820943962e-06
90811303.57142857	4.39287098250655e-09	chr6	1.494013795588195e-06
94296972.28571428	4.463023935068175e-09	chr6	1.517872788794617e-06
97782641.0	4.619501426625672e-09	chr6	1.571090725769525e-06
101268309.7142857	5.020065017935849e-09	chr6	1.7073222549473485e-06
104753978.42857142	5.4435592360877005e-09	chr6	1.8513524818286499e-06
108239647.14285713	5.478172600840806e-09	chr6	1.86312447437266e-06
111725315.85714285	5.03712069180563e-09	chr6	1.7131228833190852e-06
115210984.57142857	4.521914633424341e-09	chr6	1.537901493513309e-06
118696653.28571428	4.409643454729062e-09	chr6	1.4997181071844928e-06
122182322.0	4.804031635072402e-09	chr6	1.6338493813776787e-06
125667990.7142857	5.460560876552237e-09	chr6	1.8571347334592575e-06
129153659.42857142	6.100003517959878e-09	chr6	2.0746089391791034e-06
132639328.14285713	6.544897337384831e-09	chr6	2.2259171625345595e-06
136124996.85714284	6.694705927376995e-09	chr6	2.276867008554895e-06
139610665.57142857	6.621071864550446e-09	chr6	2.251824091035542e-06
143096334.28571427	6.623888151032004e-09	chr6	2.2527819090257652e-06
146582003.0	6.956059022814097e-09	chr6	2.365753099600508e-06
150067671.7142857	7.516652129798032e-09	chr6	2.5564106078407694e-06
153553340.42857143	7.976818287585089e-09	chr6	2.7129129478217164e-06
157039009.14285713	8.110380077316156e-09	chr6	2.758337263085309e-06
160524677.85714284	7.809064811479427e-09	chr6	2.655860052674605e-06
164010346.57142857	6.92277567221163e-09	chr6	2.354433444376964e-06
167496015.28571427	5.395852808314478e-09	chr6	1.8351275433965273e-06
170981684.0	3.5332929507448944e-09	chr6	1.2016716250690666e-06
46239.0	3.1187033234813537e-09	chr7	1.0606698462537759e-06
3292631.7959183673	5.133361604975889e-09	chr7	1.7458543822747705e-06
6539024.591836735	7.050984657280853e-09	chr7	2.3980372727558446e-06
9785417.387755102	8.326826897420163e-09	chr7	2.8319507465075028e-06
13031810.18367347	8.794078444953222e-09	chr7	2.9908628249191483e-06
16278202.979591837	8.672290912557138e-09	chr7	2.949442930218172e-06
19524595.775510203	8.3007255125413e-09	chr7	2.823073675168902e-06
22770988.57142857	7.953960687986003e-09	chr7	2.70513908665642e-06
26017381.36734694	7.788833931021195e-09	chr7	2.6489795377171076e-06
29263774.163265307	7.807480851502992e-09	chr7	2.655321348472757e-06
32510166.959183674	7.88536402750933e-09	chr7	2.6818093878121913e-06
35756559.75510204	7.894815725620247e-09	chr7	2.6850239068421555e-06
39002952.551020406	7.788097314289763e-09	chr7	2.648729014639329e-06
42249345.346938774	7.550707341969995e-09	chr7	2.567992772898475e-06
45495738.14285714	7.1124861512995575e-09	chr7	2.418953908113253e-06
48742130.93877551	6.362885277366213e-09	chr7	2.1640149282749773e-06
51988523.73469388	5.286225931732564e-09	chr7	1.7978434832379545e-06
55234916.530612245	4.083983434797905e-09	chr7	1.388961254914942e-06
58481309.32653061	3.152734338275045e-09	chr7	1.0722437817920853e-06
61727702.12244898	2.8698954521260014e-09	chr7	9.760503812760618e-07
64974094.91836735	3.3064692649266402e-09	chr7	1.12452897345737e-06
68220487.71428572	4.156322469774893e-09	chr7	1.4135637339418788e-06
71466880.51020408	4.984538815733051e-09	chr7	1.6952398067244896e-06
74713273.30612245	5.492365008144611e-09	chr7	1.867951306844847e-06
77959666.10204081	5.554275753155211e-09	chr7	1.8890071283131575e-06
81206058.89795919	5.201902352236634e-09	chr7	1.7691650650549523e-06
84452451.69387755	4.683931647234793e-09	chr7	1.5930034199565717e-06
87698844.48979592	4.3734823098989965e-09	chr7	1.4874197152090577e-06
90945237.28571428	4.469121697354232e-09	chr7	1.5199466354916553e-06
94191630.08163266	4.851479284211256e-09	chr7	1.6499863092920121e-06
97438022.87755102	5.27240512200677e-09	chr7	1.7931430309645406e-06
100684415.6734694	5.567811684444942e-09	chr7	1.8936106935358844e-06
103930808.46938775	5.634428730891318e-09	chr7	1.916267126380956e-06
107177201.26530612	5.360421257746576e-09	chr7	1.823077286159671e-06
110423594.06122449	4.7366674718152355e-09	chr7	1.6109388543817239e-06
113669986.85714285	3.984960482633332e-09	chr7	1.3552835855267717e-06
116916379.65306123	3.4792632342313195e-09	chr7	1.183296138476255e-06
120162772.44897959	3.5407292949232135e-09	chr7	1.204200722972327e-06
123409165.24489796	4.270635910377767e-09	chr7	1.4524416927897383e-06
126655558.04081632	5.476319542679388e-09	chr7	1.8624942499776776e-06
129901950.8367347	6.74824403881372e-09	chr7	2.2950753004429864e-06
133148343.63265306	7.68553886885029e-09	chr7	2.6138489252966587e-06
136394736.42857143	8.103292850589217e-09	chr7	2.7559268998980735e-06
139641129.2244898	8.126663010089066e-09	chr7	2.763875082495949e-06
142887522.02040815	8.137650454093497e-09	chr7	2.7676119081360013e-06
146133914.81632653	8.40759075100624e-09	chr7	2.859418503225824e-06
149380307.6122449	8.635672044222118e-09	chr7	2.9369888666480806e-06
152626700.40816328	8.107987669434316e-09	chr7	2.757523606049995e-06
155873093.20408162	6.488554407083118e-09	chr7	2.2067549527883965e-06
159119486.0	4.254041209732579e-09	chr7	1.4467978412411047e-06
113565.0	3.746441949288021e-09	chr8	1.2741635205987492e-06
3096563.0816326533	5.654055330354368e-09	chr8	1.922942125595604e-06
6079561.1632653065	7.256143126306241e-09	chr8	2.467811592153404e-06
9062559.24489796	8.319237959874039e-09	chr8	2.8293697516563184e-06
12045557.326530613	9.012679470623871e-09	chr8	3.0652089528574033e-06
15028555.408163266	9.596558914820355e-09	chr8	3.263786135766647e-06
18011553.48979592	1.0077518952929777e-08	chr8	3.4273604667505482e-06
20994551.571428575	1.0236352565879632e-08	chr8	3.481379719739125e-06
23977549.653061226	9.8998803681695e-09	chr8	3.366945649807943e-06
26960547.734693877	9.092948859279967e-09	chr8	3.092508542236013e-06
29943545.816326533	8.023962251038497e-09	chr8	2.7289465923468078e-06
32926543.897959188	6.996746354921794e-09	chr8	2.37959084619417e-06
35909541.97959184	6.180460539333018e-09	chr8	2.101972342375347e-06
38892540.06122449	5.430435082871402e-09	chr8	1.846888962176321e-06
41875538.14285715	4.557225175941569e-09	chr8	1.5499105959569098e-06
44858536.2244898	3.76005022965802e-09	chr8	1.2787916917169024e-06
47841534.30612245	3.515124746284204e-09	chr8	1.1954926254550486e-06
50824532.3877551	4.013449607799826e-09	chr8	1.364972726453623e-06
53807530.469387755	4.912874670182634e-09	chr8	1.6708668573417896e-06
56790528.55102041	5.671390603392268e-09	chr8	1.9288378455409534e-06
59773526.632653065	6.032678365778557e-09	chr8	2.051711679835608e-06
62756524.71428572	6.1844575786782795e-09	chr8	2.103331733977584e-06
65739522.795918375	6.45210196832912e-09	chr8	2.194357491857224e-06
68722520.87755102	6.838134849108089e-09	chr8	2.3256471317604084e-06
71705518.95918368	6.967036534937361e-09	chr8	2.369486547411451e-06
74688517.04081634	6.5383575738890375e-09	chr8	2.2236929913896505e-06
77671515.12244898	5.680480324744463e-09	chr8	1.9319292564092244e-06
80654513.20408164	4.782902800405624e-09	chr8	1.6266634725261382e-06
83637511.2857143	4.168601630608012e-09	chr8	1.4177398719973742e-06
86620509.36734694	4.018972403881665e-09	chr8	1.3668510273573703e-06
89603507.4489796	4.4180471849659986e-09	chr8	1.5025762127283123e-06
92586505.53061225	5.296611178501814e-09	chr8	1.801375501821162e-06
95569503.6122449	6.352060900946327e-09	chr8	2.160333561860086e-06
98552501.69387756	7.101502799610411e-09	chr8	2.415218474268115e-06
101535499.7755102	7.113679951330813e-09	chr8	2.4193599190621227e-06
104518497.85714287	6.321296280966033e-09	chr8	2.1498705259890987e-06
107501495.93877551	5.155324029476808e-09	chr8	1.753323794720436e-06
110484494.02040817	4.301244640764394e-09	chr8	1.4628517106676061e-06
113467492.10204083	4.2600990867541e-09	chr8	1.4488581229744338e-06
116450490.18367347	5.108248269567467e-09	chr8	1.7373133461954435e-06
119433488.26530613	6.5738694088560806e-09	chr8	2.235770553320946e-06
122416486.34693879	8.217676895791562e-09	chr8	2.794828871344086e-06
125399484.42857143	9.572110480612463e-09	chr8	3.255471232339577e-06
128382482.51020409	1.0312439786812039e-08	chr8	3.5072569554225006e-06
131365480.59183675	1.0400102432928378e-08	chr8	3.5370709889274966e-06
134348478.6734694	9.96418794431663e-09	chr8	3.38881663265885e-06
137331476.75510204	9.024445257249891e-09	chr8	3.0692104925350357e-06
140314474.8367347	7.480789336010616e-09	chr8	2.544213684944536e-06
143297472.91836736	5.426156744334304e-09	chr8	1.8454339008230338e-06
146280471.0	3.308016391787623e-09	chr8	1.1250551507302828e-06
212908.0	3.982082824974927e-09	chr9	1.3543048952220126e-06
3086684.1428571427	6.062347590920544e-09	chr9	2.0618021723274334e-06
5960460.285714285	8.076848827800352e-09	chr9	2.7469332975330733e-06
8834236.42857143	9.65021779748053e-09	chr9	3.2820355019031434e-06
11708012.57142857	1.0572978505699234e-08	chr9	3.5958660773048466e-06
14581788.714285713	1.0855128763665258e-08	chr9	3.6918252756306485e-06
17455564.85714286	1.0698694021068426e-08	chr9	3.6386218775614438e-06
20329341.0	1.0358536189541219e-08	chr9	3.5229343249329265e-06
23203117.14285714	9.953609659885202e-09	chr9	3.3852189620381688e-06
26076893.285714284	9.438386603115696e-09	chr9	3.20999179108685e-06
28950669.428571425	8.769327459219236e-09	chr9	2.9824450238300114e-06
31824445.57142857	7.983720756135736e-09	chr9	2.715260474821564e-06
34698221.71428572	7.054655081226709e-09	chr9	2.3992855825816063e-06
37571997.85714286	5.830135142396191e-09	chr9	1.9828268045134804e-06
40445774.0	4.270316823462476e-09	chr9	1.4523331714479246e-06
43319550.14285714	2.6438468384801095e-09	chr9	8.991713314233736e-07
46193326.28571428	1.3415882542549163e-09	chr9	4.5627366882335685e-07
49067102.428571425	5.499696754869354e-10	chr9	1.870444831192852e-07
51940878.57142857	1.8460319112981672e-10	chr9	6.278347699166448e-08
54814654.71428571	6.524380429143528e-11	chr9	2.2189393696338828e-08
57688430.85714285	7.927651141257627e-11	chr9	2.6961912195498293e-08
60562207.0	2.3554563787286596e-10	chr9	8.010898427795069e-08
63435983.14285714	6.53229429770556e-10	chr9	2.221630873403338e-07
66309759.28571428	1.505931738586418e-09	chr9	5.121668270299283e-07
69183535.42857143	2.908668964646121e-09	chr9	9.892372385361894e-07
72057311.57142857	4.785832864395736e-09	chr9	1.6276599862049185e-06
74931087.71428572	6.815846137920419e-09	chr9	2.3180667493333196e-06
77804863.85714285	8.53825210464259e-09	chr9	2.903856381246897e-06
80678640.0	9.602603540766939e-09	chr9	3.2658419108142938e-06
83552416.14285713	9.956394376542145e-09	chr9	3.386166043142723e-06
86426192.28571428	9.76547988039321e-09	chr9	3.3212360936495265e-06
89299968.42857142	9.19341857940872e-09	chr9	3.1266782568734303e-06
92173744.57142857	8.358512158506469e-09	chr9	2.842726892077966e-06
95047520.71428572	7.466042612600523e-09	chr9	2.539198329769722e-06
97921296.85714285	6.822565740416105e-09	chr9	2.3203520836555436e-06
100795073.0	6.66342924893782e-09	chr9	2.266229821791527e-06
103668849.14285713	7.009284861123551e-09	chr9	2.3838551875135695e-06
106542625.28571428	7.675361546601616e-09	chr9	2.6103876217659574e-06
109416401.42857142	8.380190445773069e-09	chr9	2.8500996695553834e-06
112290177.57142857	8.876942414569167e-09	chr9	3.0190448303220894e-06
115163953.7142857	9.040922267261276e-09	chr9	3.074814317542664e-06
118037729.85714285	8.894374337594509e-09	chr9	3.024973420892403e-06
120911506.0	8.607804039651699e-09	chr9	2.9275109686061117e-06
123785282.14285713	8.460351739914056e-09	chr9	2.8773624960294044e-06
126659058.28571428	8.690187764814504e-09	chr9	2.955529643048252e-06
129532834.42857142	9.254695862216052e-09	chr9	3.1475186380808192e-06
132406610.57142857	9.687679046662495e-09	chr9	3.2947760588875613e-06
135280386.7142857	9.311611234108299e-09	chr9	3.166875535000093e-06
138154162.85714287	7.780238229914433e-09	chr9	2.6460561429514987e-06
141027939.0	5.450255371919958e-09	chr9	1.8536298351473255e-06
2737282.0	5.408279161762319e-09	chrX	1.8393537416058214e-06
5832603.612244898	7.218383794667402e-09	chrX	2.454969657435707e-06
8927925.224489797	8.450131529238482e-09	chrX	2.8738866061605848e-06
12023246.836734693	8.906986774342737e-09	chrX	3.0292629059632996e-06
15118568.448979592	8.766745802924974e-09	chrX	2.981567003479663e-06
18213890.06122449	8.410248817819322e-09	chrX	2.8603225107653477e-06
21309211.673469387	8.152599147437807e-09	chrX	2.772695953210704e-06
24404533.285714287	8.12477983036618e-09	chrX	2.763234613769058e-06
27499854.897959184	8.312980492090453e-09	chrX	2.8272415891786687e-06
30595176.51020408	8.609429875502589e-09	chrX	2.9280639147773663e-06
33690498.12244898	8.853798906793768e-09	chrX	3.011173731891828e-06
36785819.73469388	8.893611854070134e-09	chrX	3.0247141005279166e-06
39881141.346938774	8.60591798278788e-09	chrX	2.9268695213646538e-06
42976462.95918367	7.892129737772745e-09	chrX	2.6841104033691577e-06
46071784.571428575	6.737350939933595e-09	chrX	2.2913705615447985e-06
49167106.18367347	5.2908031067582825e-09	chrX	1.799400178770438e-06
52262427.79591837	3.84233885297972e-09	chrX	1.3067780220580752e-06
55357749.408163264	2.7048102698778706e-09	chrX	9.199049718825067e-07
58453071.02040816	2.098730903547784e-09	chrX	7.137776036706062e-07
61548392.632653065	2.0626072441951535e-09	chrX	7.014919604921753e-07
64643714.24489796	2.3960692665648755e-09	chrX	8.149022709039861e-07
67739035.85714287	2.73197580245764e-09	chrX	9.291439594604023e-07
70834357.46938775	2.779479914287794e-09	chrX	9.453000903151533e-07
73929679.08163266	2.548183049418132e-09	chrX	8.666361121633529e-07
77025000.69387755	2.314412456693696e-09	chrX	7.871308200835357e-07
80120322.30612245	2.368524255423782e-09	chrX	8.055342228078085e-07
83215643.91836734	2.803635496507501e-09	chrX	9.535153948894104e-07
86310965.53061225	3.494636538848337e-09	chrX	1.1885245936876799e-06
89406287.14285715	4.202745462514711e-09	chrX	1.42935217659407e-06
92501608.75510204	4.693872117368014e-09	chrX	1.5963841701704536e-06
95596930.36734694	4.833680091167841e-09	chrX	1.6439328103244588e-06
98692251.97959183	4.66094430489634e-09	chrX	1.5851854333336273e-06
101787573.59183674	4.39988997400237e-09	chrX	1.496400951998577e-06
104882895.20408164	4.35298527977216e-09	chrX	1.4804486828477549e-06
107978216.81632653	4.71459111536472e-09	chrX	1.6034306937221606e-06
111073538.42857143	5.452640442514271e-09	chrX	1.8544409967738665e-06
114168860.04081632	6.3403674496290125e-09	chrX	2.156356623394177e-06
117264181.65306123	7.07213411365011e-09	chrX	2.405230195040767e-06
120359503.26530613	7.391194253733828e-09	chrX	2.51374243061646e-06
123454824.87755102	7.235149186376728e-09	chrX	2.4606715609520906e-06
126550146.48979592	6.854012855859227e-09	chrX	2.331047235980885e-06
129645468.10204081	6.748347601176877e-09	chrX	2.295110521964373e-06
132740789.71428572	7.358413716953035e-09	chrX	2.502593782187604e-06
135836111.32653064	8.692382363104281e-09	chrX	2.956276025114504e-06
138931432.9387755	1.0225635492084717e-08	chrX	3.4777348469072796e-06
142026754.5510204	1.1212457960572286e-08	chrX	3.813352803270656e-06
145122076.16326532	1.1147590915462315e-08	chrX	3.7912915452325154e-06
148217397.7755102	9.975073622153707e-09	chrX	3.392518847663044e-06
151312719.3877551	7.984308566861566e-09	chrX	2.715460389031902e-06
154408041.0	5.639556936871381e-09	chrX	1.918011227337106e-06
