pos	val	Chromosome	valScaled
60683.0	6.628625140660924e-09	chr10	1.7528816072291945e-08
2825248.0816326533	9.328192829911957e-09	chr10	2.466758534879162e-08
5589813.1632653065	1.1284240331985437e-08	chr10	2.9840180896877394e-08
8354378.24489796	1.2163478305048675e-08	chr10	3.2165248371135496e-08
11118943.326530613	1.2099280896528371e-08	chr10	3.199548397167242e-08
13883508.408163266	1.1374202783304274e-08	chr10	3.0078078685501354e-08
16648073.48979592	1.0236953925601496e-08	chr10	2.7070724123721367e-08
19412638.571428575	8.974689719463531e-09	chr10	2.3732777470454463e-08
22177203.653061226	7.918576978287105e-09	chr10	2.0939980231381774e-08
24941768.734693877	7.243524158738191e-09	chr10	1.915486243366978e-08
27706333.816326533	6.8121815712126e-09	chr10	1.8014214905647297e-08
30470898.897959188	6.3080913131868425e-09	chr10	1.668119256251225e-08
33235463.97959184	5.557282716852379e-09	chr10	1.4695745277235491e-08
36000029.06122449	4.715733108428168e-09	chr10	1.2470341367865158e-08
38764594.14285715	4.147861470067451e-09	chr10	1.0968654775205674e-08
41529159.2244898	4.122823062040514e-09	chr10	1.0902442907777097e-08
44293724.30612245	4.595189706821055e-09	chr10	1.215157494637329e-08
47058289.3877551	5.234980369223118e-09	chr10	1.3843445071480018e-08
49822854.469387755	5.6558154447092835e-09	chr10	1.4956306408247444e-08
52587419.55102041	5.6557500876666685e-09	chr10	1.495613357729763e-08
55351984.632653065	5.310154541125201e-09	chr10	1.4042236556093536e-08
58116549.71428572	4.875614874156402e-09	chr10	1.2893134632726723e-08
60881114.795918375	4.607617324550587e-09	chr10	1.2184438688216444e-08
63645679.87755103	4.6417282881807e-09	chr10	1.227464213083581e-08
66410244.95918368	4.9684882875298994e-09	chr10	1.3138730204430399e-08
69174810.04081634	5.451576811512199e-09	chr10	1.4416215309384818e-08
71939375.12244898	5.913831285744428e-09	chr10	1.563860660252149e-08
74703940.20408164	6.270936995662206e-09	chr10	1.6582941238239003e-08
77468505.2857143	6.535131789913259e-09	chr10	1.728158113073743e-08
80233070.36734694	6.679844820490827e-09	chr10	1.7664262009868456e-08
82997635.4489796	6.630366492825899e-09	chr10	1.7533420924907565e-08
85762200.53061225	6.4128644661107005e-09	chr10	1.695825594865107e-08
88526765.6122449	6.172046930416362e-09	chr10	1.632143515993654e-08
91291330.69387756	6.006818493300863e-09	chr10	1.5884503092931608e-08
94055895.7755102	5.878541209625127e-09	chr10	1.5545285100649576e-08
96820460.85714287	5.689343361838464e-09	chr10	1.5044968035684995e-08
99585025.93877551	5.404486595944632e-09	chr10	1.4291689376786046e-08
102349591.02040817	5.113697160761588e-09	chr10	1.3522722295841565e-08
105114156.10204083	4.995434336849049e-09	chr10	1.3209986661443321e-08
107878721.18367347	5.201561832909648e-09	chr10	1.3755072691987516e-08
110643286.26530613	5.759088397437025e-09	chr10	1.5229402646938443e-08
113407851.34693879	6.572927063272406e-09	chr10	1.7381527406330927e-08
116172416.42857143	7.506736826112645e-09	chr10	1.9850905178039562e-08
118936981.51020409	8.463527016742128e-09	chr10	2.238105266947624e-08
121701546.59183675	9.39967134638084e-09	chr10	2.4856603997714406e-08
124466111.6734694	1.0235183635209402e-08	chr10	2.7066042746509793e-08
127230676.75510205	1.0711987238538888e-08	chr10	2.8326907931674762e-08
129995241.8367347	1.0394758936349139e-08	chr10	2.7488025592726398e-08
132759806.91836736	8.971439932162133e-09	chr10	2.37241836938158e-08
135524372.0	6.638481758218548e-09	chr10	1.7554881030348283e-08
87267.0	7.362619438577641e-09	chr11	1.9469799424536593e-08
2839495.224489796	9.64413014662025e-09	chr11	2.5503053790200713e-08
5591723.448979592	1.0978399691448052e-08	chr11	2.9031412227409797e-08
8343951.673469388	1.1261636621433542e-08	chr11	2.978040737274415e-08
11096179.897959184	1.08849655602204e-08	chr11	2.8784333886666484e-08
13848408.12244898	1.0363932980340724e-08	chr11	2.740650906378444e-08
16600636.346938776	9.959241669977727e-09	chr11	2.6336338493737623e-08
19352864.57142857	9.561452643353117e-09	chr11	2.528442040585136e-08
22105092.795918368	8.926926531257929e-09	chr11	2.3606471920915003e-08
24857321.020408165	8.040652421788754e-09	chr11	2.1262798002891858e-08
27609549.24489796	7.192397511655829e-09	chr11	1.901966251301016e-08
30361777.469387755	6.667177458009843e-09	chr11	1.7630764284120144e-08
33114005.69387755	6.440832801175747e-09	chr11	1.703221575038977e-08
35866233.91836735	6.246948983529724e-09	chr11	1.6519507050351245e-08
38618462.14285714	5.870886848584849e-09	chr11	1.55250438162235e-08
41370690.36734694	5.276116255024202e-09	chr11	1.3952225302806556e-08
44122918.591836736	4.510497219021612e-09	chr11	1.1927613112684014e-08
46875146.81632653	3.6554261622812437e-09	chr11	9.666452922707157e-09
49627375.04081633	2.8807940787836304e-09	chr11	7.618006521350979e-09
52379603.26530612	2.41889415152949e-09	chr11	6.396552796508791e-09
55131831.48979592	2.4141810501224314e-09	chr11	6.38408941444369e-09
57884059.71428572	2.8213511378294467e-09	chr11	7.460814893121704e-09
60636287.93877551	3.4654210986400842e-09	chr11	9.164001246425168e-09
63388516.16326531	4.1818440078694e-09	chr11	1.1058518607019925e-08
66140744.3877551	4.88291187490356e-09	chr11	1.2912430909294198e-08
68892972.6122449	5.519143115999359e-09	chr11	1.4594888457874522e-08
71645200.8367347	6.038291495417813e-09	chr11	1.5967730678387716e-08
74397429.06122449	6.390317064753179e-09	chr11	1.6898631329228898e-08
77149657.28571428	6.531755278173642e-09	chr11	1.727265224246969e-08
79901885.51020408	6.440281348332731e-09	chr11	1.7030757481857056e-08
82654113.73469388	6.1717260175275114e-09	chr11	1.6320586534032295e-08
85406341.95918368	5.880652433099022e-09	chr11	1.55508680454045e-08
88158570.18367347	5.737289113934811e-09	chr11	1.5171756359373603e-08
90910798.40816326	5.815805852806254e-09	chr11	1.5379386968295996e-08
93663026.63265306	6.048731997662942e-09	chr11	1.5995339668136526e-08
96415254.85714287	6.2671916924508485e-09	chr11	1.6573037113366388e-08
99167483.08163266	6.315925490237097e-09	chr11	1.670190935455851e-08
101919711.30612245	6.186881077510894e-09	chr11	1.636066275698594e-08
104671939.53061225	6.0552680145404725e-09	chr11	1.6012623589803608e-08
107424167.75510204	6.1636386929213684e-09	chr11	1.6299200315543573e-08
110176395.97959185	6.650550174435557e-09	chr11	1.7586794895390096e-08
112928624.20408164	7.468955822654197e-09	chr11	1.9750996637943157e-08
115680852.42857143	8.439466428563963e-09	chr11	2.2317426560620106e-08
118433080.65306123	9.365968619940311e-09	chr11	2.476748010243076e-08
121185308.87755102	1.0111394928277168e-08	chr11	2.673869440057125e-08
123937537.10204081	1.0582985932886201e-08	chr11	2.7985775326966028e-08
126689765.32653062	1.064970377590672e-08	chr11	2.8162204793745333e-08
129441993.55102041	1.009251967903892e-08	chr11	2.6688780464393692e-08
132194221.7755102	8.722607866008775e-09	chr11	2.3066169184331003e-08
134946450.0	6.6359602522494494e-09	chr11	1.754821312962685e-08
60316.0	7.127533236622849e-09	chr12	1.884813464371775e-08
2790550.6530612246	9.449764649081435e-09	chr12	2.49890713300585e-08
5520785.306122449	1.0843675292830983e-08	chr12	2.8675145406810364e-08
8251019.959183674	1.1108811539256763e-08	chr12	2.9376274886766438e-08
10981254.612244898	1.0535856288134011e-08	chr12	2.786114512735706e-08
13711489.265306123	9.619740650812806e-09	chr12	2.5438557914052558e-08
16441723.918367349	8.777907073943306e-09	chr12	2.3212403075109018e-08
19171958.57142857	8.201769294399645e-09	chr12	2.168885739925374e-08
21902193.224489797	7.820221712005785e-09	chr12	2.0679888381895374e-08
24632427.877551023	7.387825586162003e-09	chr12	1.9536454864468935e-08
27362662.530612245	6.67397061618597e-09	chr12	1.7648728193330953e-08
30092897.18367347	5.638873873065383e-09	chr12	1.4911505912364846e-08
32823131.836734697	4.491696360435567e-09	chr12	1.187789589604215e-08
35553366.48979592	3.588559643428819e-09	chr12	9.489630295769208e-09
38283601.14285714	3.212145781486608e-09	chr12	8.494236950538008e-09
41013835.79591837	3.393387257795372e-09	chr12	8.97351409104172e-09
43744070.448979594	3.927027466035418e-09	chr12	1.038467867804485e-08
46474305.10204082	4.530435256827685e-09	chr12	1.1980337499736954e-08
49204539.755102046	4.974927346992502e-09	chr12	1.315575773074293e-08
51934774.408163264	5.1398351560722316e-09	chr12	1.3591841925112533e-08
54665009.06122449	5.052801288851484e-09	chr12	1.3361688519511949e-08
57395243.71428572	4.898831819173408e-09	chr12	1.2954529801457449e-08
60125478.36734694	4.908770948451936e-09	chr12	1.298081295450126e-08
62855713.02040817	5.169869034366875e-09	chr12	1.3671263874218546e-08
65585947.673469394	5.548132066212213e-09	chr12	1.4671547186589311e-08
68316182.32653062	5.815444401096574e-09	chr12	1.5378431141046218e-08
71046416.97959185	5.837841792143055e-09	chr12	1.543765907139707e-08
73776651.63265306	5.622878487780489e-09	chr12	1.4869207523073757e-08
76506886.28571428	5.23087650300573e-09	chr12	1.3832592758280313e-08
79237120.93877551	4.7348289937948715e-09	chr12	1.2520838756875324e-08
81967355.59183674	4.2907440806865285e-09	chr12	1.1346495269776316e-08
84697590.24489796	4.1555967645322885e-09	chr12	1.0989110080953381e-08
87427824.89795919	4.532065462118017e-09	chr12	1.1984648434220038e-08
90158059.55102041	5.363904952303834e-09	chr12	1.4184374790096369e-08
92888294.20408164	6.3174240978269535e-09	chr12	1.6705872290499177e-08
95618528.85714287	7.017833231705629e-09	chr12	1.8558042630891735e-08
98348763.51020409	7.32092884237347e-09	chr12	1.93595523103463e-08
101078998.16326532	7.345621973468124e-09	chr12	1.942485112330105e-08
103809232.81632653	7.296056722650207e-09	chr12	1.9293780177708604e-08
106539467.46938775	7.334623177505674e-09	chr12	1.939576577492921e-08
109269702.12244898	7.576403517098509e-09	chr12	2.0035132613856615e-08
111999936.7755102	8.049642607406017e-09	chr12	2.1286571757900887e-08
114730171.42857143	8.644213728784884e-09	chr12	2.2858862784680442e-08
117460406.08163266	9.250860582485119e-09	chr12	2.4463087023296195e-08
120190640.73469388	9.971744627744383e-09	chr12	2.6369401465681378e-08
122920875.38775511	1.0973020522468684e-08	chr12	2.9017187488242888e-08
125651110.04081634	1.200008428523403e-08	chr12	3.173316725931119e-08
128381344.69387756	1.2246264976098903e-08	chr12	3.2384170440083884e-08
131111579.34693879	1.0983550109205895e-08	chr12	2.9045032054094353e-08
133841814.0	8.328307896017052e-09	chr12	2.202347759978229e-08
19020094.0	8.82862059787057e-09	chr13	2.3346510527926926e-08
20981109.448979594	1.215767054682344e-08	chr13	3.2149890265410374e-08
22942124.897959184	1.4722336849966575e-08	chr13	3.89319246934605e-08
24903140.346938774	1.6049524284268954e-08	chr13	4.244155511238985e-08
26864155.795918368	1.6173247126545585e-08	chr13	4.276872928504068e-08
28825171.24489796	1.5452075981533712e-08	chr13	4.086165563261555e-08
30786186.69387755	1.4293478340550613e-08	chr13	3.7797846091477556e-08
32747202.14285714	1.3035029437934774e-08	chr13	3.446998867274725e-08
34708217.591836736	1.193977717718292e-08	chr13	3.1573690417213836e-08
36669233.04081633	1.1159404085080377e-08	chr13	2.9510062423631545e-08
38630248.48979592	1.0677374204605092e-08	chr13	2.8235376808303827e-08
40591263.93877551	1.0338883607681854e-08	chr13	2.7340268201351264e-08
42552279.3877551	9.96520787140392e-09	chr13	2.6352115588569622e-08
44513294.8367347	9.446499150125707e-09	chr13	2.4980436005332098e-08
46474310.28571428	8.757824824597542e-09	chr13	2.3159297333325482e-08
48435325.73469388	7.932165644731037e-09	chr13	2.09759142644141e-08
50396341.18367347	7.0352147394373465e-09	chr13	1.860400649905792e-08
52357356.632653065	6.160541100422586e-09	chr13	1.629100900467203e-08
54318372.08163266	5.43170355864533e-09	chr13	1.436366224040455e-08
56279387.530612245	4.962857866092913e-09	chr13	1.3123841050241693e-08
58240402.97959184	4.773853356421925e-09	chr13	1.2624035250916294e-08
60201418.42857143	4.7662394887185945e-09	chr13	1.2603901047557627e-08
62162433.87755102	4.841090416937326e-09	chr13	1.280183774268588e-08
64123449.32653061	5.049842470052891e-09	chr13	1.3353864183482803e-08
66084464.77551021	5.586363725028418e-09	chr13	1.4772647445135694e-08
68045480.22448981	6.585668344015479e-09	chr13	1.7415220602420832e-08
70006495.6734694	7.901113192258199e-09	chr13	2.0893798785496596e-08
71967511.12244898	9.083947138301326e-09	chr13	2.4021699103327208e-08
73928526.57142857	9.6384304068901e-09	chr13	2.5487981329883582e-08
75889542.02040817	9.360597568025144e-09	chr13	2.4753276828126082e-08
77850557.46938775	8.452196764073185e-09	chr13	2.235109081300193e-08
79811572.91836736	7.325144483611537e-09	chr13	1.9370700202755473e-08
81772588.36734694	6.329271938628872e-09	chr13	1.6737202863259535e-08
83733603.81632653	5.650934610709378e-09	chr13	1.4943399472095793e-08
85694619.26530613	5.3803991950878e-09	chr13	1.4227992364159855e-08
87655634.71428572	5.582976971945051e-09	chr13	1.4763691474535328e-08
89616650.16326532	6.274147100444388e-09	chr13	1.6591430077946424e-08
91577665.6122449	7.351097310988227e-09	chr13	1.94393301717141e-08
93538681.06122449	8.596639896043286e-09	chr13	2.2733057969008167e-08
95499696.51020409	9.789823236824243e-09	chr13	2.5888326350799153e-08
97460711.95918368	1.083552347310494e-08	chr13	2.8653588636650624e-08
99421727.40816326	1.1809219300682036e-08	chr13	3.122844159782671e-08
101382742.85714287	1.2886793375321624e-08	chr13	3.407799144531502e-08
103343758.30612245	1.418322510452174e-08	chr13	3.7506291107643854e-08
105304773.75510204	1.5569971661139762e-08	chr13	4.1173420386192525e-08
107265789.20408164	1.660524607686258e-08	chr13	4.391111250672559e-08
109226804.65306123	1.6684220818848134e-08	chr13	4.411995426459326e-08
111187820.10204083	1.5362245815950995e-08	chr13	4.0624107661983735e-08
113148835.55102041	1.266422802638088e-08	chr13	3.348943695884744e-08
115109851.0	9.163160366006029e-09	chr13	2.423117151569987e-08
19000058.0	1.18058479223707e-08	chr14	3.121952628445848e-08
20801882.020408165	1.5294519251060345e-08	chr14	4.044501071895492e-08
22603706.040816326	1.6989771948098753e-08	chr14	4.4927957346930964e-08
24405530.06122449	1.6670288496156228e-08	chr14	4.40831114628442e-08
26207354.08163265	1.5177648837647057e-08	chr14	4.013595719163327e-08
28009178.102040816	1.3751011009365477e-08	chr14	3.636333895435753e-08
29811002.12244898	1.3158760347357445e-08	chr14	3.479718417825613e-08
31612826.14285714	1.3270549231738595e-08	chr14	3.509280004906829e-08
33414650.163265307	1.3315537341376805e-08	chr14	3.521176714745661e-08
35216474.18367347	1.2581498442727868e-08	chr14	3.327066585249908e-08
37018298.20408163	1.0966221307605108e-08	chr14	2.899920756265492e-08
38820122.22448979	8.954153760565504e-09	chr14	2.367847193367225e-08
40621946.24489796	7.17849557778509e-09	chr14	1.8982900071825406e-08
42423770.26530612	6.049244911130061e-09	chr14	1.5996696022679942e-08
44225594.28571428	5.678153447534433e-09	chr14	1.5015377291671296e-08
46027418.30612245	5.975431438624566e-09	chr14	1.580150278792161e-08
47829242.32653061	6.7348382617623025e-09	chr14	1.7809687327603947e-08
49631066.346938774	7.671897423442727e-09	chr14	2.0287657848699742e-08
51432890.36734694	8.481948797187412e-09	chr14	2.2429767447321913e-08
53234714.3877551	8.938581029057588e-09	chr14	2.3637291215114038e-08
55036538.408163264	8.965824126121916e-09	chr14	2.3709333188758153e-08
56838362.42857143	8.636587676619976e-09	chr14	2.2838696360584985e-08
58640186.448979594	8.121682315441198e-09	chr14	2.1477074428553403e-08
60442010.469387755	7.614241408200641e-09	chr14	2.0135191588322403e-08
62243834.48979592	7.249328403630516e-09	chr14	1.9170211248695087e-08
64045658.510204084	7.078005251043403e-09	chr14	1.8717162242770264e-08
65847482.530612245	7.111232041795653e-09	chr14	1.880502756799375e-08
67649306.55102041	7.351934734955041e-09	chr14	1.944154466572716e-08
69451130.57142857	7.773614617106555e-09	chr14	2.0556640019404477e-08
71252954.59183674	8.3032095790117e-09	chr14	2.195710730833042e-08
73054778.6122449	8.829275817565387e-09	chr14	2.3348243198770978e-08
74856602.63265306	9.20114122028871e-09	chr14	2.4331608543720322e-08
76658426.65306123	9.261402345967606e-09	chr14	2.4490963789479373e-08
78460250.6734694	8.969394865237213e-09	chr14	2.3718775694234927e-08
80262074.69387755	8.507405362426695e-09	chr14	2.2497085094713755e-08
82063898.71428572	8.2098042793514e-09	chr14	2.1710105210130694e-08
83865722.73469388	8.366895229793609e-09	chr14	2.212551840947303e-08
85667546.75510204	9.09614296617697e-09	chr14	2.405394989729203e-08
87469370.7755102	1.0346455302117223e-08	chr14	2.736029088121274e-08
89271194.79591838	1.1957794512443793e-08	chr14	3.1621335675347885e-08
91073018.81632653	1.3709247691905935e-08	chr14	3.625289953520461e-08
92874842.8367347	1.534036917260142e-08	chr14	4.0566256803107813e-08
94676666.85714287	1.6568560437914902e-08	chr14	4.3814100561720014e-08
96478490.87755102	1.7153859692817782e-08	chr14	4.536187295323877e-08
98280314.89795919	1.6996764571475776e-08	chr14	4.4946448724318825e-08
100082138.91836736	1.6156818969850936e-08	chr14	4.272528646982688e-08
101883962.93877551	1.4744223043471557e-08	chr14	3.8989800806882285e-08
103685786.95918368	1.2805336007927872e-08	chr14	3.386258460294894e-08
105487610.97959185	1.0359676766938982e-08	chr14	2.7395253881857512e-08
107289435.0	7.574636806498783e-09	chr14	2.0030460703091046e-08
20000446.0	1.3834626150076074e-08	chr15	3.6584451838443285e-08
21684535.285714287	1.7889512064402655e-08	chr15	4.7307240935440104e-08
23368624.57142857	2.004725147077043e-08	chr15	5.3013192981837766e-08
25052713.85714286	2.0101887641721102e-08	chr15	5.315767352963853e-08
26736803.14285714	1.8769719725668705e-08	chr15	4.9634872664848243e-08
28420892.42857143	1.703073220271904e-08	chr15	4.503627313704995e-08
30104981.714285716	1.5570939211139385e-08	chr15	4.1175978987052315e-08
31789071.0	1.4608981635586909e-08	chr15	3.863216680075542e-08
33473160.285714284	1.3971325915372814e-08	chr15	3.694594234245647e-08
35157249.57142857	1.3293045106713963e-08	chr15	3.5152288411505575e-08
36841338.85714286	1.2256746056169533e-08	chr15	3.241188673432265e-08
38525428.14285714	1.0755343811362763e-08	chr15	2.8441560574481905e-08
40209517.42857143	8.940422805471778e-09	chr15	2.364216163082251e-08
41893606.71428572	7.165345120124796e-09	chr15	1.894812484337271e-08
43577696.0	5.8088227791738445e-09	chr15	1.536092084436768e-08
45261785.28571428	5.0591898932813456e-09	chr15	1.3378582621928865e-08
46945874.57142857	4.852283810033145e-09	chr15	1.2831437686058436e-08
48629963.85714286	5.019900703439161e-09	chr15	1.3274685815614012e-08
50314053.14285714	5.463961547920746e-09	chr15	1.4448965655346847e-08
51998142.42857143	6.177697478985616e-09	chr15	1.6336377538555965e-08
53682231.71428572	7.150653743622223e-09	chr15	1.8909274790594386e-08
55366321.0	8.287719675730444e-09	chr15	2.1916145621731308e-08
57050410.28571428	9.384509335917658e-09	chr15	2.4816509394828357e-08
58734499.57142857	1.0159646118248914e-08	chr15	2.6866290427852353e-08
60418588.85714286	1.0380333458478498e-08	chr15	2.7449878685489436e-08
62102678.14285714	1.0043468527732145e-08	chr15	2.6559069009733744e-08
63786767.428571425	9.431126215779114e-09	chr15	2.493978363279109e-08
65470856.71428572	8.915530778752183e-09	chr15	2.3576336855884207e-08
67154946.0	8.660530399862704e-09	chr15	2.2902010785987798e-08
68839035.28571428	8.517064428714819e-09	chr15	2.2522627645816247e-08
70523124.57142857	8.22356056576143e-09	chr15	2.1746482499418034e-08
72207213.85714287	7.70892266759149e-09	chr15	2.0385567849784927e-08
73891303.14285713	7.197698951129772e-09	chr15	1.9033681703337746e-08
75575392.42857143	7.012224599382528e-09	chr15	1.8543211096097936e-08
77259481.71428572	7.259194567488419e-09	chr15	1.9196301451102734e-08
78943571.0	7.720856348147013e-09	chr15	2.0417125418222468e-08
80627660.28571428	8.09307351647926e-09	chr15	2.140142097638021e-08
82311749.57142857	8.335508790817346e-09	chr15	2.2042519732627608e-08
83995838.85714287	8.74147243673449e-09	chr15	2.3116054882121543e-08
85679928.14285713	9.663211551930824e-09	chr15	2.5553512887976235e-08
87364017.42857143	1.1233936583436897e-08	chr15	2.9707157059001072e-08
89048106.71428572	1.3337822130272717e-08	chr15	3.527069731132576e-08
90732196.0	1.5696800757525425e-08	chr15	4.150880877458125e-08
92416285.28571428	1.789913135750153e-08	chr15	4.7332678309842436e-08
94100374.57142857	1.9448786360614525e-08	chr15	5.143060464428684e-08
95784463.85714285	1.9920559306159177e-08	chr15	5.267816669748074e-08
97468553.14285713	1.9088506490344674e-08	chr15	5.0477876220745346e-08
99152642.42857143	1.6937842118576336e-08	chr15	4.479063348096361e-08
100836731.71428572	1.3686144520472625e-08	chr15	3.619180523070744e-08
102520821.0	9.853920277734794e-09	chr15	2.605782533694746e-08
60179.0	8.439167512417175e-09	chr16	2.231663610316522e-08
1901660.7959183673	1.1654038060056423e-08	chr16	3.081807845809948e-08
3743142.5918367347	1.4451241590446108e-08	chr16	3.821503712758273e-08
5584624.387755102	1.633961024797726e-08	chr16	4.3208661924902924e-08
7426106.183673469	1.7060907395362028e-08	chr16	4.51160687795189e-08
9267587.979591837	1.6681052169509615e-08	chr16	4.411157505015982e-08
11109069.775510203	1.555965940117972e-08	chr16	4.1146150521885306e-08
12950551.57142857	1.4172211207461696e-08	chr16	3.7477165825747845e-08
14792033.367346939	1.2902220872114365e-08	chr16	3.411878810344508e-08
16633515.163265307	1.1948761406433905e-08	chr16	3.159744842113622e-08
18474996.959183674	1.1373659657378664e-08	chr16	3.007664243676921e-08
20316478.755102042	1.1170139819590562e-08	chr16	2.953845212913407e-08
22157960.551020406	1.1222499411396388e-08	chr16	2.9676912463654222e-08
23999442.346938774	1.1220043132657778e-08	chr16	2.9670417050605855e-08
25840924.14285714	1.0747217758145646e-08	chr16	2.8420071941588372e-08
27682405.93877551	9.574151537224465e-09	chr16	2.531800151358771e-08
29523887.734693877	7.844059723398661e-09	chr16	2.0742925906022626e-08
31365369.530612245	5.932883410585848e-09	chr16	1.5688988270672103e-08
33206851.326530613	4.165919218211484e-09	chr16	1.1016406901654172e-08
35048333.12244898	2.701122872970489e-09	chr16	7.142881823038133e-09
36889814.91836735	1.600309161218792e-09	chr16	4.23187679956979e-09
38731296.71428572	9.06944119293713e-10	chr16	2.398333940688217e-09
40572778.510204084	6.610830776699753e-10	chr16	1.7481760442145437e-09
42414260.30612245	9.087461406241627e-10	chr16	2.4030992275749407e-09
44255742.10204081	1.7139428224230793e-09	chr16	4.5323710204079424e-09
46097223.89795918	3.117702368628528e-09	chr16	8.244489653308321e-09
47938705.69387755	5.0435146386957244e-09	chr16	1.3337130790110494e-08
49780187.489795916	7.231530174783187e-09	chr16	1.9123145398197122e-08
51621669.28571428	9.271866496763738e-09	chr16	2.4518635315740973e-08
53463151.08163265	1.0730076162909976e-08	chr16	2.837474250091317e-08
55304632.87755102	1.1312343028777867e-08	chr16	2.9914496006384516e-08
57146114.67346939	1.0997499554334448e-08	chr16	2.9081920134620895e-08
58987596.469387755	1.0040538489458255e-08	chr16	2.6551320781270388e-08
60829078.26530612	8.814668939334518e-09	chr16	2.3309616594238967e-08
62670560.06122449	7.616068848837288e-09	chr16	2.014002409432826e-08
64512041.85714286	6.609421563350098e-09	chr16	1.7478033901409078e-08
66353523.653061226	5.931027769496294e-09	chr16	1.5684081191049293e-08
68195005.44897959	5.781601204680028e-09	chr16	1.528893578526797e-08
70036487.24489796	6.375221063219557e-09	chr16	1.6858711281150345e-08
71877969.04081632	7.81311680872049e-09	chr16	2.0661100090167214e-08
73719450.8367347	1.0035642503945053e-08	chr16	2.6538373778274686e-08
75560932.63265306	1.2866711996890002e-08	chr16	3.402488800658732e-08
77402414.42857143	1.604187225672332e-08	chr16	4.242131999868508e-08
79243896.2244898	1.918144349566207e-08	chr16	5.072363995575055e-08
81085378.02040817	2.1763699759817696e-08	chr16	5.755218948833048e-08
82926859.81632653	2.3147077135572272e-08	chr16	6.121040926446856e-08
84768341.6122449	2.2711731753431593e-08	chr16	6.005917669820751e-08
86609823.40816326	2.0178693957142353e-08	chr16	5.3360781074210783e-08
88451305.20408162	1.593438959555702e-08	chr16	4.2137091556351305e-08
90292787.0	1.1001119876835585e-08	chr16	2.909149375899973e-08
51.0	1.1665245123752482e-08	chr17	3.0847714552171786e-08
1656995.2857142857	1.4943655606067744e-08	chr17	3.951718267482509e-08
3313939.5714285714	1.716045561140942e-08	chr17	4.5379315279719327e-08
4970883.857142857	1.8366749332660243e-08	chr17	4.856925290935846e-08
6627828.142857143	1.900249644083231e-08	chr17	5.025043021101057e-08
8284772.428571428	1.9392943282698284e-08	chr17	5.128293253718578e-08
9941716.714285715	1.9481114261769386e-08	chr17	5.151609293504427e-08
11598661.0	1.8944417888756812e-08	chr17	5.009684658914733e-08
13255605.285714285	1.7506214292625372e-08	chr17	4.629364369621933e-08
14912549.57142857	1.520153211953027e-08	chr17	4.019911442958983e-08
16569493.857142856	1.2425894178956715e-08	chr17	3.285918406527631e-08
18226438.14285714	9.720162245909302e-09	chr17	2.5704113988318228e-08
19883382.42857143	7.473981088355372e-09	chr17	1.976428551102333e-08
21540326.714285713	5.830855870477554e-09	chr17	1.5419185416095783e-08
23197271.0	4.8328634856523625e-09	chr17	1.2780082346616049e-08
24854215.285714284	4.566933448130882e-09	chr17	1.207685375593624e-08
26511159.57142857	5.13441924492461e-09	chr17	1.3577520024513842e-08
28168103.85714286	6.491578965596447e-09	chr17	1.7166409518121224e-08
29825048.14285714	8.308081578274762e-09	chr17	2.1969990881797665e-08
31481992.42857143	9.986697862311997e-09	chr17	2.640894397907736e-08
33138936.714285713	1.0910183431526658e-08	chr17	2.8851020328950057e-08
34795881.0	1.0778788107156681e-08	chr17	2.85035569523424e-08
36452825.28571428	9.765588463283429e-09	chr17	2.5824239624074368e-08
38109769.57142857	8.369453942598337e-09	chr17	2.213228470039824e-08
39766713.85714286	7.120246246323412e-09	chr17	1.882886483889867e-08
41423658.14285714	6.368506335318208e-09	chr17	1.684095477390177e-08
43080602.428571425	6.234347626233418e-09	chr17	1.648618386950742e-08
44737546.71428572	6.634204227076414e-09	chr17	1.754356947553218e-08
46394491.0	7.336781939728233e-09	chr17	1.940147443172305e-08
48051435.28571428	8.091613605020187e-09	chr17	2.139756036895335e-08
49708379.57142857	8.77888619562899e-09	chr17	2.321499227627465e-08
51365323.85714286	9.389097237969471e-09	chr17	2.4828641698212145e-08
53022268.14285714	9.828385609359602e-09	chr17	2.5990301152683353e-08
54679212.428571425	9.867031386394909e-09	chr17	2.6092496510430666e-08
56336156.71428572	9.396414921811444e-09	chr17	2.4847992669404394e-08
57993101.0	8.66979239412436e-09	chr17	2.2926503315046243e-08
59650045.28571428	8.175663840222966e-09	chr17	2.161982382214894e-08
61306989.57142857	8.285686694236986e-09	chr17	2.1910769581010798e-08
62963933.85714286	9.06486004972392e-09	chr17	2.3971224976652495e-08
64620878.14285714	1.0364675251294255e-08	chr17	2.7408471934024373e-08
66277822.428571425	1.2006996339752305e-08	chr17	3.175144557943964e-08
67934766.71428572	1.3847470066029531e-08	chr17	3.6618416444318356e-08
69591711.0	1.5715333906879536e-08	chr17	4.155781805770933e-08
71248655.28571428	1.7388068292691366e-08	chr17	4.5981216992555454e-08
72905599.57142857	1.8640298725624644e-08	chr17	4.929263021524153e-08
74562543.85714285	1.9220270782318604e-08	chr17	5.0826315299724024e-08
76219488.14285713	1.8767912950172534e-08	chr17	4.963009480598849e-08
77876432.42857143	1.693969003435548e-08	chr17	4.4795520131682626e-08
79533376.71428572	1.3769473430960084e-08	chr17	3.641216120414744e-08
81190321.0	9.86177862467902e-09	chr17	2.607860604415213e-08
10718.0	1.3450424503375637e-08	chr18	3.556846438150102e-08
1602684.4081632653	1.8279098300942017e-08	chr18	4.8337467466535515e-08
3194650.8163265307	2.2081124961972278e-08	chr18	5.839159251191479e-08
4786617.224489796	2.4191929133587597e-08	chr18	6.397342845884576e-08
6378583.632653061	2.4537333556189286e-08	chr18	6.488682006960405e-08
7970550.040816327	2.34284026501949e-08	chr18	6.195434984002074e-08
9562516.448979592	2.1220363817936876e-08	chr18	5.611538538663636e-08
11154482.857142858	1.818297295650157e-08	chr18	4.8083272449193756e-08
12746449.265306123	1.4642122545297495e-08	chr18	3.871980502111907e-08
14338415.673469387	1.1143882357557316e-08	chr18	2.946901658062452e-08
15930382.081632653	8.381607944926872e-09	chr18	2.2164424890383076e-08
17522348.48979592	6.881226803011676e-09	chr18	1.8196798947313905e-08
19114314.897959184	6.690016249512702e-09	chr18	1.769115945914842e-08
20706281.30612245	7.339857823394764e-09	chr18	1.9409608335497403e-08
22298247.714285716	8.134616287704288e-09	chr18	2.151127718041715e-08
23890214.12244898	8.544164341606921e-09	chr18	2.259429098151265e-08
25482180.530612245	8.423855068029282e-09	chr18	2.2276143690998764e-08
27074146.93877551	7.95337534568968e-09	chr18	2.1032001452807336e-08
28666113.346938774	7.414682399719896e-09	chr18	1.9607475345361174e-08
30258079.755102042	7.004772570189039e-09	chr18	1.8523504860441808e-08
31850046.163265307	6.780074245462767e-09	chr18	1.7929309907144715e-08
33442012.57142857	6.703262623154736e-09	chr18	1.772618832897721e-08
35033978.97959184	6.723563989782162e-09	chr18	1.777987350713662e-08
36625945.3877551	6.836908116314006e-09	chr18	1.8079602079003513e-08
38217911.79591837	7.095655331688829e-09	chr18	1.8763836328380717e-08
39809878.20408163	7.56491142217311e-09	chr18	2.0004742779772175e-08
41401844.6122449	8.242013718715229e-09	chr18	2.179528023910267e-08
42993811.02040816	8.982175569076594e-09	chr18	2.375257314123502e-08
44585777.42857143	9.516180038208022e-09	chr18	2.5164700984121813e-08
46177743.8367347	9.616107080730711e-09	chr18	2.542894925761125e-08
47769710.24489796	9.313122672349587e-09	chr18	2.4627733642821577e-08
49361676.653061226	8.958753124165034e-09	chr18	2.369063454611072e-08
50953643.06122449	9.02165750056757e-09	chr18	2.3856979635884845e-08
52545609.469387755	9.745881309007034e-09	chr18	2.5772125788205117e-08
54137575.87755102	1.0939698877806134e-08	chr18	2.8929071330197805e-08
55729542.28571428	1.2087174745593086e-08	chr18	3.19634703204876e-08
57321508.69387755	1.2712265783084517e-08	chr18	3.361646858062649e-08
58913475.10204082	1.2694139407320523e-08	chr18	3.35685349744741e-08
60505441.510204084	1.2291937582980774e-08	chr18	3.2504947631218665e-08
62097407.91836735	1.192891971309197e-08	chr18	3.154497880854338e-08
63689374.32653061	1.1957145231954949e-08	chr18	3.161961871021156e-08
65281340.73469388	1.2539945109783668e-08	chr18	3.316078171892489e-08
66873307.14285714	1.3644546446099375e-08	chr18	3.608180278235998e-08
68465273.55102041	1.507524744635107e-08	chr18	3.986516572047833e-08
70057239.95918368	1.6493579754885983e-08	chr18	4.361582074141059e-08
71649206.36734694	1.7437324335847803e-08	chr18	4.611147026568774e-08
73241172.7755102	1.7400641990837065e-08	chr18	4.601446703120864e-08
74833139.18367347	1.6016638415431108e-08	chr18	4.235459132517852e-08
76425105.59183674	1.3295076811144757e-08	chr18	3.515766107514621e-08
78017072.0	9.743888196903299e-09	chr18	2.5766855178578463e-08
64704.0	1.760213958219882e-08	chr19	4.65473096860639e-08
1269889.2653061224	2.272401075477279e-08	chr19	6.009164743708532e-08
2475074.5306122447	2.618835865414698e-08	chr19	6.925281070245987e-08
3680259.795918367	2.7664069128998635e-08	chr19	7.315519723672845e-08
4885445.0612244895	2.753335715845293e-08	chr19	7.280954092919525e-08
6090630.326530612	2.6342949201765703e-08	chr19	6.966161180649293e-08
7295815.591836734	2.4383933257947205e-08	chr19	6.448116647534271e-08
8501000.857142856	2.180480833101325e-08	chr19	5.7660897488585524e-08
9706186.122448979	1.898927833440922e-08	chr19	5.021547609135564e-08
10911371.387755102	1.6623495437726115e-08	chr19	4.3959371336154864e-08
12116556.653061224	1.5296320555898743e-08	chr19	4.044977411114144e-08
13321741.918367347	1.5059015836580995e-08	chr19	3.982224265631657e-08
14526927.183673467	1.5393777129932744e-08	chr19	4.0707489448036683e-08
15732112.44897959	1.557106790358226e-08	chr19	4.1176319302896577e-08
16937297.714285713	1.5052416093165248e-08	chr19	3.9804790215425126e-08
18142482.979591835	1.369110244044597e-08	chr19	3.620491601393469e-08
19347668.244897958	1.1703573694028244e-08	chr19	3.0949071084547786e-08
20552853.51020408	9.486204652044231e-09	chr19	2.5085433712310357e-08
21758038.775510203	7.403179834337724e-09	chr19	1.9577057823074874e-08
22963224.040816326	5.694116783369359e-09	chr19	1.505759092901129e-08
24168409.30612245	4.535865225677874e-09	chr19	1.1994696574693447e-08
25373594.57142857	4.1154293661299784e-09	chr19	1.0882890929356227e-08
26578779.836734693	4.565373081874303e-09	chr19	1.2072727504634262e-08
27783965.102040816	5.809126926112638e-09	chr19	1.536172513419188e-08
28989150.367346935	7.512501998636323e-09	chr19	1.986615066962313e-08
30194335.632653058	9.236726782321576e-09	chr19	2.442571143209712e-08
31399520.89795918	1.064976313096647e-08	chr19	2.8162361752979455e-08
32604706.163265303	1.1588353380115668e-08	chr19	3.064438110019849e-08
33809891.428571425	1.197728791063445e-08	chr19	3.1672884252052274e-08
35015076.69387755	1.1802714539311108e-08	chr19	3.121124032859733e-08
36220261.95918367	1.1203435060874267e-08	chr19	2.9626498465766474e-08
37425447.22448979	1.0495109762715045e-08	chr19	2.7753394525309466e-08
38630632.489795916	1.000363368829368e-08	chr19	2.6453729281061665e-08
39835817.75510204	9.879629611660832e-09	chr19	2.6125811408895667e-08
41041003.02040816	1.0109333164884547e-08	chr19	2.6733242248650313e-08
42246188.28571428	1.0653848005358468e-08	chr19	2.81731638439676e-08
43451373.551020406	1.1504013173397049e-08	chr19	3.042135084283771e-08
44656558.81632653	1.2636206804725381e-08	chr19	3.341533730317266e-08
45861744.08163265	1.4025967319833168e-08	chr19	3.709043672981321e-08
47066929.346938774	1.5749084744680048e-08	chr19	4.164706917925215e-08
48272114.6122449	1.8014786615426542e-08	chr19	4.7638518465371104e-08
49477299.87755102	2.1016554109560005e-08	chr19	5.557642854172878e-08
50682485.14285714	2.466626685692232e-08	chr19	6.522777284128507e-08
51887670.408163264	2.838613690715565e-08	chr19	7.506464195663017e-08
53092855.67346939	3.11332330198132e-08	chr19	8.23290959678101e-08
54298040.93877551	3.175265012923362e-08	chr19	8.396709002429383e-08
55503226.20408163	2.955576257581322e-08	chr19	7.815761414683094e-08
56708411.469387755	2.4771020904934052e-08	chr19	6.550478570616441e-08
57913596.73469387	1.8507790864360255e-08	chr19	4.8942224832685137e-08
59118782.0	1.2226483744090108e-08	chr19	3.233186071216783e-08
11007.0	4.2917183777014805e-09	chr1	1.134907171252462e-08
5097323.959183673	5.8052216899130156e-09	chr1	1.5351398080600913e-08
10183640.918367347	6.6468878226197656e-09	chr1	1.757711012818592e-08
15269957.87755102	6.63893161927468e-09	chr1	1.7556070648337488e-08
20356274.836734693	5.962335988298175e-09	chr1	1.5766873021524494e-08
25442591.795918368	5.047542672080697e-09	chr1	1.3347782570055799e-08
30528908.75510204	4.299329888212329e-09	chr1	1.136919968249513e-08
35615225.71428572	3.8380327323463915e-09	chr1	1.0149339933563968e-08
40701542.67346939	3.5718827129863567e-09	chr1	9.445529620263642e-09
45787859.63265306	3.4613106278745975e-09	chr1	9.15313146807901e-09
50874176.591836736	3.543674197083175e-09	chr1	9.370934681426914e-09
55960493.551020406	3.732990300375446e-09	chr1	9.87156446267328e-09
61046810.51020408	3.806398069930428e-09	chr1	1.006568485166818e-08
66133127.469387755	3.6515347864121745e-09	chr1	9.656162521541061e-09
71219444.42857143	3.4022220784048703e-09	chr1	8.99687699695499e-09
76305761.3877551	3.265986585227726e-09	chr1	8.636614219720607e-09
81392078.34693877	3.2907779970821116e-09	chr1	8.70217292749883e-09
86478395.30612245	3.362279291931744e-09	chr1	8.89125181184572e-09
91564712.26530612	3.386568393763547e-09	chr1	8.955482204956831e-09
96651029.2244898	3.3955171676145152e-09	chr1	8.979146450192837e-09
101737346.18367347	3.4543475701793976e-09	chr1	9.134718274535872e-09
106823663.14285713	3.502140852050929e-09	chr1	9.261103404127578e-09
111909980.10204081	3.3348507214642406e-09	chr1	8.818719370102782e-09
116996297.06122449	2.8000573501996214e-09	chr1	7.404505344923533e-09
122082614.02040815	2.017221051669983e-09	chr1	5.334363618630099e-09
127168930.97959183	1.3621355405532926e-09	chr1	3.602047611566997e-09
132255247.93877551	1.2078595016790251e-09	chr1	3.1940781982416932e-09
137341564.89795917	1.6534356619012094e-09	chr1	4.3723651571500375e-09
142427881.85714287	2.455921862656475e-09	chr1	6.494469321300864e-09
147514198.81632653	3.2379756581408464e-09	chr1	8.56254178712694e-09
152600515.7755102	3.782995103631425e-09	chr1	1.0003797766021283e-08
157686832.73469388	4.080361870504799e-09	chr1	1.079015802202088e-08
162773149.69387755	4.1413006917821355e-09	chr1	1.0951305374173937e-08
167859466.6530612	3.943336645109321e-09	chr1	1.0427806867406907e-08
172945783.6122449	3.5513012273713605e-09	chr1	9.391103692083333e-09
178032100.57142857	3.135380348682618e-09	chr1	8.291237516450707e-09
183118417.53061223	2.8507855062459006e-09	chr1	7.538651491093007e-09
188204734.48979592	2.7844635702500514e-09	chr1	7.363268965612974e-09
193291051.4489796	2.9718879867919364e-09	chr1	7.858896347657354e-09
198377368.40816325	3.3517042805152396e-09	chr1	8.863287124425818e-09
203463685.36734694	3.738308867924397e-09	chr1	9.885628946688487e-09
208550002.3265306	3.951907127282028e-09	chr1	1.0450470753577615e-08
213636319.28571427	3.989911081331742e-09	chr1	1.055096886689993e-08
218722636.24489796	4.04759865821483e-09	chr1	1.0703518589260459e-08
223808953.20408162	4.369376429013811e-09	chr1	1.155443159773465e-08
228895270.1632653	5.005389336865337e-09	chr1	1.323631178325701e-08
233981587.12244898	5.639539238249547e-09	chr1	1.491326541206299e-08
239067904.08163264	5.729160298320191e-09	chr1	1.5150260421562878e-08
244154221.0408163	4.9425453764431384e-09	chr1	1.3070126458228163e-08
249240538.0	3.48922601433938e-09	chr1	9.226951251902137e-09
61097.0	1.4665476998725772e-08	chr20	3.8781563818746956e-08
1344811.3673469387	1.8639421086228216e-08	chr20	4.9290309375062565e-08
2628525.7346938774	2.1376409216053065e-08	chr20	5.652803371482852e-08
3912240.102040816	2.2672066959642342e-08	chr20	5.995428664029607e-08
5195954.469387755	2.274018423413054e-08	chr20	6.013441678048534e-08
6479668.8367346935	2.197917638417842e-08	chr20	5.812199846623278e-08
7763383.204081632	2.0804685814666255e-08	chr20	5.501616147368149e-08
9047097.57142857	1.9543755238534494e-08	chr20	5.168174148764816e-08
10330811.93877551	1.8389662795214922e-08	chr20	4.862984554541455e-08
11614526.306122448	1.745609075227414e-08	chr20	4.6161096403068095e-08
12898240.673469387	1.6839308779298824e-08	chr20	4.453007073310365e-08
14181955.040816326	1.655568230397709e-08	chr20	4.3780045469395434e-08
15465669.408163264	1.6425418524435427e-08	chr20	4.343557436354561e-08
16749383.775510203	1.610510175262292e-08	chr20	4.2588524838368825e-08
18033098.14285714	1.5296460279460337e-08	chr20	4.0450143597808766e-08
19316812.51020408	1.3931856820441351e-08	chr20	3.6841569792959064e-08
20600526.87755102	1.2169198214935575e-08	chr20	3.218037416965781e-08
21884241.244897958	1.0238794903033775e-08	chr20	2.7075592426592457e-08
23167955.612244897	8.311787474633566e-09	chr20	2.1979790798715274e-08
24451669.979591835	6.504320173611281e-09	chr20	1.72001025218877e-08
25735384.346938774	4.9657660239650604e-09	chr20	1.3131531417907435e-08
27019098.714285713	3.894329175321359e-09	chr20	1.0298210924680851e-08
28302813.08163265	3.419196846613886e-09	chr20	9.041765278233775e-09
29586527.44897959	3.481574070662051e-09	chr20	9.206716359979728e-09
30870241.81632653	3.877571722736859e-09	chr20	1.0253897315454102e-08
32153956.183673467	4.4386608984003406e-09	chr20	1.1737648282155837e-08
33437670.551020406	5.156538960680496e-09	chr20	1.3636013666985476e-08
34721384.91836734	6.125706999600329e-09	chr20	1.6198893289361553e-08
36005099.28571428	7.392058095518689e-09	chr20	1.9547647363133927e-08
37288813.653061226	8.879189669739434e-09	chr20	2.348023598998367e-08
38572528.02040816	1.0430772787263855e-08	chr20	2.758326105337519e-08
39856242.387755096	1.1879681462012735e-08	chr20	3.141477258499411e-08
41139956.75510204	1.3093312854838474e-08	chr20	3.462411404162696e-08
42423671.12244898	1.4012850782874724e-08	chr20	3.70557512016726e-08
43707385.489795916	1.4673608285320698e-08	chr20	3.880306629084773e-08
44991099.85714285	1.5175776354964633e-08	chr20	4.013100557589965e-08
46274814.22448979	1.563970162079167e-08	chr20	4.135781513043126e-08
47558528.591836736	1.619205716637349e-08	chr20	4.281847078066898e-08
48842242.95918367	1.695583983999576e-08	chr20	4.483822687201936e-08
50125957.326530606	1.801093392772314e-08	chr20	4.7628330371655764e-08
51409671.69387755	1.936001374033717e-08	chr20	5.1195853259184075e-08
52693386.06122449	2.0928748724965028e-08	chr20	5.5344234926301504e-08
53977100.428571425	2.2569893876339935e-08	chr20	5.968409890954617e-08
55260814.79591836	2.4055279829419366e-08	chr20	6.36120713948479e-08
56544529.1632653	2.507848114781611e-08	chr20	6.631783727155802e-08
57828243.530612245	2.5266025681887414e-08	chr20	6.681378229384236e-08
59111957.89795918	2.4209581122348217e-08	chr20	6.402010759029899e-08
60395672.265306115	2.1614084800131904e-08	chr20	5.715654588888956e-08
61679386.63265306	1.7575611579867863e-08	chr20	4.647715871753616e-08
62963101.0	1.2742918439997317e-08	chr20	3.369752683535501e-08
9411244.0	1.9723860283855223e-08	chr21	5.2158013436374484e-08
10201211.122448979	2.0840318061589505e-08	chr21	5.5110387816144094e-08
10991178.24489796	1.8340155869225466e-08	chr21	4.849892883470021e-08
11781145.367346939	1.4175220081557378e-08	chr21	3.748512252860684e-08
12571112.48979592	1.1218326615933083e-08	chr21	2.9665877873127312e-08
13361079.612244898	1.1363388301921298e-08	chr21	3.0049480740821e-08
14151046.734693877	1.4594511029302427e-08	chr21	3.859390055539795e-08
14941013.857142858	1.938046198946243e-08	chr21	5.124992685518793e-08
15730980.979591837	2.3838728437994882e-08	chr21	6.303942028999146e-08
16520948.102040816	2.682686859511792e-08	chr21	7.094129407240552e-08
17310915.224489797	2.826706586117703e-08	chr21	7.47497690500765e-08
18100882.346938774	2.8671387477363754e-08	chr21	7.581896199639571e-08
18890849.469387755	2.8519519663257078e-08	chr21	7.541736092161967e-08
19680816.591836736	2.8043928279489638e-08	chr21	7.415970134444903e-08
20470783.714285716	2.7322567523718523e-08	chr21	7.225212628305091e-08
21260750.836734697	2.6329888487342387e-08	chr21	6.962707389613582e-08
22050717.959183674	2.4949896265762776e-08	chr21	6.59778058624255e-08
22840685.08163265	2.3153002448408432e-08	chr21	6.122607823302113e-08
23630652.204081632	2.122383342987658e-08	chr21	5.6124560470193316e-08
24420619.326530613	1.97227012201974e-08	chr21	5.2154948394492806e-08
25210586.448979594	1.9177841157843078e-08	chr21	5.0714113890281556e-08
26000553.571428575	1.9783472468418495e-08	chr21	5.2315652614439836e-08
26790520.69387755	2.1222082839927766e-08	chr21	5.6119931189070966e-08
27580487.816326533	2.2637066644544332e-08	chr21	5.986173138595502e-08
28370454.93877551	2.2974825406900645e-08	chr21	6.075490472077396e-08
29160422.06122449	2.1727692012378777e-08	chr21	5.745697016778651e-08
29950389.18367347	1.9460444656756663e-08	chr21	5.146143398286843e-08
30740356.306122452	1.746221378213941e-08	chr21	4.6177288216911224e-08
31530323.42857143	1.6785289367279502e-08	chr21	4.438722115004129e-08
32320290.55102041	1.7608706844372742e-08	chr21	4.656467623316868e-08
33110257.67346939	1.9402616922788505e-08	chr21	5.1308513627425885e-08
33900224.79591837	2.148737921056632e-08	chr21	5.682148410342179e-08
34690191.91836735	2.3380439403082054e-08	chr21	6.182751525230002e-08
35480159.04081633	2.481477086431758e-08	chr21	6.562047862512282e-08
36270126.1632653	2.5709691056366255e-08	chr21	6.798701634794195e-08
37060093.28571428	2.6245468965948046e-08	chr21	6.940383389809231e-08
37850060.408163264	2.688017726357325e-08	chr21	7.108226415663616e-08
38640027.530612245	2.8155340110015894e-08	chr21	7.44543201295109e-08
39429994.653061226	3.040120367312086e-08	chr21	8.039330875622391e-08
40219961.77551021	3.354670007060644e-08	chr21	8.871129727383741e-08
41009928.89795919	3.7087839739649134e-08	chr21	9.807552961882064e-08
41799896.02040817	4.016691240422694e-08	chr21	1.0621786641797547e-07
42589863.14285715	4.179790835625328e-08	chr21	1.1053089173635572e-07
43379830.26530612	4.129671949205021e-08	chr21	1.0920554187395264e-07
44169797.3877551	3.8696715016148456e-08	chr21	1.0233005875669894e-07
44959764.510204084	3.468607842597485e-08	chr21	9.17242831048648e-08
45749731.632653065	2.9995522407233985e-08	chr21	7.932052033587939e-08
46539698.755102046	2.488536525810732e-08	chr21	6.580715928939582e-08
47329665.87755102	1.93307616258296e-08	chr21	5.111849861564216e-08
48119633.0	1.3594802162351435e-08	chr21	3.5950258399933406e-08
16050606.0	1.860332917108737e-08	chr22	4.919486748043499e-08
16768843.346938776	2.648770260109615e-08	chr22	7.004439943723976e-08
17487080.69387755	3.380199559326891e-08	chr22	8.938640382547805e-08
18205318.040816326	3.917880189454133e-08	chr22	1.0360489509800567e-07
18923555.387755103	4.208582545128133e-08	chr22	1.1129226316643663e-07
19641792.734693877	4.3021979903477816e-08	chr22	1.1376784126288836e-07
20360030.08163265	4.284163028640658e-08	chr22	1.132909225656825e-07
21078267.42857143	4.1905912228916e-08	chr22	1.1081649847664141e-07
21796504.775510203	4.002462208194667e-08	chr22	1.058415921778139e-07
22514742.12244898	3.714592194145719e-08	chr22	9.822912289208057e-08
23232979.469387755	3.387261948398614e-08	chr22	8.957316249178099e-08
23951216.81632653	3.125647157822298e-08	chr22	8.26549894943769e-08
24669454.163265307	3.015079919911878e-08	chr22	7.9731136152506e-08
25387691.510204084	3.0621551692394106e-08	chr22	8.097599970944162e-08
26105928.85714286	3.172939858001443e-08	chr22	8.390560334779451e-08
26824166.204081632	3.1891974462386614e-08	chr22	8.43355209671228e-08
27542403.551020406	2.9809100587360185e-08	chr22	7.882754423252654e-08
28260640.897959184	2.5397613100888065e-08	chr22	6.71617536478025e-08
28978878.24489796	1.992947355003651e-08	chr22	5.2701739631239026e-08
29697115.591836736	1.5200812038358808e-08	chr22	4.019721023827657e-08
30415352.93877551	1.2484696875706031e-08	chr22	3.301468262402733e-08
31133590.285714284	1.2071227323345193e-08	chr22	3.192129876522861e-08
31851827.63265306	1.3440006296317604e-08	chr22	3.554091434941321e-08
32570064.97959184	1.5670333659140758e-08	chr22	4.143881886118183e-08
33288302.326530613	1.7892705355661682e-08	chr22	4.7315685313264614e-08
34006539.67346939	1.9701370816390476e-08	chr22	5.2098542018035385e-08
34724777.02040817	2.1249937980666514e-08	chr22	5.619359165837134e-08
35443014.36734694	2.2838094308026234e-08	chr22	6.0393331357871e-08
36161251.71428572	2.43377728600694e-08	chr22	6.435909936382957e-08
36879489.06122449	2.5091800308026754e-08	chr22	6.635305861906456e-08
37597726.408163264	2.4439438949013426e-08	chr22	6.462794639259841e-08
38315963.75510204	2.230533854858086e-08	chr22	5.898450561790148e-08
39034201.10204081	1.9255853608741698e-08	chr22	5.092041095402142e-08
39752438.44897959	1.612230706879945e-08	chr22	4.2634022783466675e-08
40470675.79591837	1.37245122185351e-08	chr22	3.629326523307338e-08
41188913.14285714	1.284050517229309e-08	chr22	3.3955586364323644e-08
41907150.48979592	1.4094143572599642e-08	chr22	3.7270722832871146e-08
42625387.8367347	1.760984039386154e-08	chr22	4.656767380507482e-08
43343625.18367347	2.2722871009335997e-08	chr22	6.008863348053975e-08
44061862.530612245	2.8100446265204696e-08	chr22	7.430915818585323e-08
44780099.87755102	3.234971414355182e-08	chr22	8.554597328715465e-08
45498337.22448979	3.480829229631634e-08	chr22	9.20474669339756e-08
46216574.57142857	3.59145067284294e-08	chr22	9.497275368734467e-08
46934811.91836734	3.670880568850787e-08	chr22	9.707320741374744e-08
47653049.26530612	3.774636886821343e-08	chr22	9.981695196929304e-08
48371286.6122449	3.836225023893154e-08	chr22	1.0144559607581322e-07
49089523.95918368	3.7048083753654776e-08	chr22	9.797039841114487e-08
49807761.30612245	3.2709114979144724e-08	chr22	8.64963771808206e-08
50525998.653061226	2.5692244404739455e-08	chr22	6.794088021247586e-08
51244236.0	1.7663495213091374e-08	chr22	4.6709559254578156e-08
10180.0	3.850530673772034e-09	chr2	1.0182389640235196e-08
4972951.693877551	5.297832570100898e-09	chr2	1.4009652187668745e-08
9935723.387755102	5.980269096354685e-09	chr2	1.5814295548225975e-08
14898495.081632651	5.834782580661192e-09	chr2	1.542956925574844e-08
19861266.775510203	5.310296809004478e-09	chr2	1.4042612770985147e-08
24824038.469387755	4.926719807923686e-09	chr2	1.3028277134434713e-08
29786810.163265303	4.8954686896618014e-09	chr2	1.2945636301314467e-08
34749581.85714286	5.077816139243006e-09	chr2	1.3427838090846008e-08
39712353.551020406	5.2015329741608266e-09	chr2	1.3754996377564928e-08
44675125.244897954	5.087053274168945e-09	chr2	1.3452264881577998e-08
49637896.93877551	4.747233138921254e-09	chr2	1.2553640427484306e-08
54600668.63265306	4.364896802565438e-09	chr2	1.1542585619659282e-08
59563440.326530606	4.144633147144872e-09	chr2	1.09601177592286e-08
64526212.02040816	4.127920484879039e-09	chr2	1.0915922594059417e-08
69488983.71428572	4.162421650278848e-09	chr2	1.1007157890933162e-08
74451755.40816326	4.054609499148876e-09	chr2	1.0722058141375293e-08
79414527.10204081	3.73100062649294e-09	chr2	9.866302945120212e-09
84377298.79591836	3.2649124299307876e-09	chr2	8.633773710530005e-09
89340070.48979591	2.8006317679039718e-09	chr2	7.406024342011853e-09
94302842.18367347	2.485670738365324e-09	chr2	6.573137606140078e-09
99265613.87755102	2.4148284573841693e-09	chr2	6.385801425995717e-09
104228385.57142857	2.5629875327173032e-09	chr2	6.777595067338423e-09
109191157.26530612	2.8125305307036657e-09	chr2	7.437489573515782e-09
114153928.95918366	3.0755124194209792e-09	chr2	8.132922044028077e-09
119116700.65306121	3.32845390057072e-09	chr2	8.80180353997051e-09
124079472.34693877	3.538875866757632e-09	chr2	9.358245918984367e-09
129042244.04081632	3.631742227994787e-09	chr2	9.603822841933853e-09
134005015.73469387	3.54392220136699e-09	chr2	9.371590506938824e-09
138967787.42857143	3.300468218419585e-09	chr2	8.727797865388654e-09
143930559.12244898	3.023124743267512e-09	chr2	7.994387442921134e-09
148893330.81632653	2.8435545615776553e-09	chr2	7.519529894015343e-09
153856102.51020408	2.825361007507662e-09	chr2	7.471418640742328e-09
158818874.20408162	2.9822156602771805e-09	chr2	7.886206971676059e-09
163781645.89795917	3.2878118468297718e-09	chr2	8.69432920408519e-09
168744417.59183672	3.599207099157938e-09	chr2	9.517786555800981e-09
173707189.28571427	3.683063865215615e-09	chr2	9.739538396861596e-09
178669960.97959182	3.442867404821367e-09	chr2	9.104359987142906e-09
183632732.67346936	3.0523652959991185e-09	chr2	8.07171151236359e-09
188595504.36734694	2.7855488371643657e-09	chr2	7.366138858498252e-09
193558276.0612245	2.7856307419628318e-09	chr2	7.366355448532728e-09
198521047.75510204	3.0339951199399875e-09	chr2	8.023133197777526e-09
203483819.4489796	3.433770858979235e-09	chr2	9.080304971875592e-09
208446591.14285713	3.868018783287189e-09	chr2	1.0228635407440051e-08
213409362.83673468	4.253064985156322e-09	chr2	1.1246856216231428e-08
218372134.53061223	4.581758872417434e-09	chr2	1.2116058286287276e-08
223334906.22448978	4.895092026761936e-09	chr2	1.2944640249410356e-08
228297677.91836733	5.1665884069049865e-09	chr2	1.3662588543488436e-08
233260449.61224487	5.181504793021628e-09	chr2	1.3702033614397337e-08
238223221.30612242	4.6309413532757524e-09	chr2	1.2246117030393374e-08
243185993.0	3.464614934922813e-09	chr2	9.161869417392099e-09
60196.0	5.724338306209961e-09	chr3	1.5137509087612226e-08
4099016.0816326533	7.502758040881789e-09	chr3	1.9840383630505515e-08
8137836.1632653065	8.228208527905687e-09	chr3	2.1758773626432878e-08
12176656.24489796	7.913597826896892e-09	chr3	2.092681330354032e-08
16215476.326530613	7.11528027544848e-09	chr3	1.8815732765770398e-08
20254296.408163264	6.383970931614191e-09	chr3	1.688184953840455e-08
24293116.48979592	5.892913684062226e-09	chr3	1.5583291844969183e-08
28331936.571428575	5.4958512064200645e-09	chr3	1.4533295051953368e-08
32370756.653061226	5.009160634568834e-09	chr3	1.3246284648277382e-08
36409576.73469388	4.406436352976371e-09	chr3	1.1652433306536677e-08
40448396.81632653	3.8224806630826576e-09	chr3	1.0108213854492863e-08
44487216.89795919	3.4745577703686374e-09	chr3	9.188162371069298e-09
48526036.97959184	3.5725343173996036e-09	chr3	9.447252730813616e-09
52564857.06122449	4.180321411782465e-09	chr3	1.1054492235608973e-08
56603677.14285715	5.097012879550844e-09	chr3	1.3478602181875915e-08
60642497.2244898	5.932831886130203e-09	chr3	1.5688852018781697e-08
64681317.30612245	6.348132795465284e-09	chr3	1.6787078739996526e-08
68720137.38775511	6.201275066489176e-09	chr3	1.6398726394617098e-08
72758957.46938775	5.515247480651136e-09	chr3	1.4584586792890507e-08
76797777.55102041	4.434707850787978e-09	chr3	1.1727194795489792e-08
80836597.63265306	3.234812076644894e-09	chr3	8.554175974157356e-09
84875417.71428572	2.2454093414253054e-09	chr3	5.937787477438487e-09
88914237.79591838	1.698345032056966e-09	chr3	4.491124035903625e-09
92953057.87755102	1.6538772500074461e-09	chr3	4.373532898051005e-09
96991877.95918368	2.0261868583145997e-09	chr3	5.358072905590555e-09
101030698.04081634	2.634769128673263e-09	chr3	6.9674151833032465e-09
105069518.12244898	3.27407406504012e-09	chr3	8.658000848638606e-09
109108338.20408164	3.791012458933325e-09	chr3	1.0024998956840048e-08
113147158.2857143	4.1170523081760995e-09	chr3	1.0887182656828933e-08
117185978.36734694	4.253637214125645e-09	chr3	1.1248369425402508e-08
121224798.4489796	4.250734999656113e-09	chr3	1.124069477454215e-08
125263618.53061225	4.181999421560791e-09	chr3	1.1058929584855253e-08
129302438.6122449	4.118422882612233e-09	chr3	1.0890807020357502e-08
133341258.69387756	4.117302411695385e-09	chr3	1.088784403358438e-08
137380078.77551022	4.2057818805805385e-09	chr3	1.1121820205618643e-08
141418898.85714287	4.339189702774187e-09	chr3	1.1474605455683987e-08
145457718.9387755	4.386813266930029e-09	chr3	1.1600541781706416e-08
149496539.02040818	4.217822550052428e-09	chr3	1.1153660696833835e-08
153535359.10204083	3.850222925744969e-09	chr3	1.0181575827649846e-08
157574179.18367347	3.5045152058416834e-09	chr3	9.26738217385818e-09
161612999.26530612	3.462046252488956e-09	chr3	9.155076762659669e-09
165651819.3469388	3.830498816175248e-09	chr3	1.0129417154998928e-08
169690639.42857143	4.448975746605163e-09	chr3	1.1764924990848691e-08
173729459.51020408	5.073113258683671e-09	chr3	1.3415401736913597e-08
177768279.59183675	5.649637068352915e-09	chr3	1.4939968235477373e-08
181807099.6734694	6.2858104766897194e-09	chr3	1.6622272850414014e-08
185845919.75510204	6.90208481412429e-09	chr3	1.8251956122847047e-08
189884739.8367347	7.071855817211552e-09	chr3	1.8700900605960238e-08
193923559.91836736	6.358347005808217e-09	chr3	1.6814089320716604e-08
197962380.0	4.796415685751924e-09	chr3	1.2683699346048484e-08
10455.0	5.570355242311452e-09	chr4	1.4730314420837659e-08
3909096.326530612	7.638030965852105e-09	chr4	2.0198100980792908e-08
7807737.653061224	8.67603570776238e-09	chr4	2.2943013208745188e-08
11706378.979591835	8.492290121627857e-09	chr4	2.245711417009079e-08
15605020.306122448	7.616964342190135e-09	chr4	2.014239214772439e-08
19503661.63265306	6.721138044644282e-09	chr4	1.7773458308626976e-08
23402302.95918367	6.101216657025168e-09	chr4	1.6134130732807536e-08
27300944.285714284	5.70691451209102e-09	chr4	1.5091433396814913e-08
31199585.612244897	5.4274908792620275e-09	chr4	1.4352522180359749e-08
35098226.93877551	5.201938818971669e-09	chr4	1.375606959846552e-08
38996868.26530612	4.9672050776538265e-09	chr4	1.3135336868795554e-08
42895509.591836736	4.690482530891782e-09	chr4	1.240356843683314e-08
46794150.91836734	4.447198157373039e-09	chr4	1.176022431249673e-08
50692792.244897954	4.338596820678408e-09	chr4	1.1473037631136825e-08
54591433.57142857	4.3318094892240866e-09	chr4	1.1455089130179262e-08
58490074.89795918	4.278221548961725e-09	chr4	1.1313380536222137e-08
62388716.22448979	4.0933270103412795e-09	chr4	1.0824443193790685e-08
66287357.551020406	3.845404746780892e-09	chr4	1.0168834577228755e-08
70185998.87755102	3.663189066064183e-09	chr4	9.686981238867826e-09
74084640.20408162	3.6104280312690423e-09	chr4	9.547459323676887e-09
77983281.53061225	3.651697680855813e-09	chr4	9.656593281567634e-09
81881922.85714285	3.702124783065535e-09	chr4	9.789943317349677e-09
85780564.18367347	3.7023474678474397e-09	chr4	9.790532187666111e-09
89679205.51020408	3.6570433640009722e-09	chr4	9.670729470391688e-09
93577846.83673468	3.6111195728381057e-09	chr4	9.549288044522193e-09
97476488.1632653	3.606425280769356e-09	chr4	9.536874402097617e-09
101375129.48979591	3.661483472393389e-09	chr4	9.682470946444436e-09
105273770.81632653	3.755932722732164e-09	chr4	9.932233680378304e-09
109172412.14285713	3.822746000962073e-09	chr4	1.0108915517173523e-08
113071053.46938775	3.797995218626115e-09	chr4	1.0043464250582654e-08
116969694.79591836	3.693853690753769e-09	chr4	9.76807114132926e-09
120868336.12244898	3.59212919178057e-09	chr4	9.499069652376536e-09
124766977.44897959	3.5703860099584428e-09	chr4	9.44157172076949e-09
128665618.77551019	3.660980585135727e-09	chr4	9.681141105329936e-09
132564260.10204081	3.847939135688786e-09	chr4	1.0175536545748536e-08
136462901.42857143	4.056261181752678e-09	chr4	1.0726425870724516e-08
140361542.75510204	4.183405795201147e-09	chr4	1.1062648616230175e-08
144260184.08163264	4.200768675617886e-09	chr4	1.1108563226100523e-08
148158825.40816325	4.192973821574073e-09	chr4	1.1087950420285599e-08
152057466.73469388	4.2541201372882025e-09	chr4	1.1249646473223721e-08
155956108.0612245	4.3895997673509006e-09	chr4	1.160791043694432e-08
159854749.3877551	4.558732033068405e-09	chr4	1.2055165835272145e-08
163753390.7142857	4.778198107745261e-09	chr4	1.2635524563588306e-08
167652032.0408163	5.158130832212266e-09	chr4	1.3640223231216216e-08
171550673.36734694	5.827570067602973e-09	chr4	1.5410496399442083e-08
175449314.69387755	6.760303760815653e-09	chr4	1.787702859968119e-08
179347956.02040815	7.62170480686482e-09	chr4	2.0154927889543616e-08
183246597.34693876	7.852381521933785e-09	chr4	2.0764932170190147e-08
187145238.67346936	7.0444651622155265e-09	chr4	1.8628468428346242e-08
191043880.0	5.3203141426206985e-09	chr4	1.4069102728520446e-08
10042.0	5.859211206186891e-09	chr5	1.5494168606994325e-08
3701171.7551020407	7.574429589867016e-09	chr5	2.0029912736936938e-08
7392301.510204081	8.287817461205864e-09	chr5	2.1916404206818985e-08
11083431.265306123	7.974598560443136e-09	chr5	2.1088124377242157e-08
14774561.020408163	7.073541966971205e-09	chr5	1.870535948067107e-08
18465690.775510203	6.120021575873902e-09	chr5	1.6183858686456907e-08
22156820.530612245	5.490789917772806e-09	chr5	1.4519910919361171e-08
25847950.285714284	5.2930930697121835e-09	chr5	1.3997118995818942e-08
29539080.040816326	5.324469855741228e-09	chr5	1.4080092146294598e-08
33230209.795918368	5.1986601005778195e-09	chr5	1.3747399316097901e-08
36921339.551020406	4.664735134126894e-09	chr5	1.2335481711055936e-08
40612469.306122445	3.857072224543303e-09	chr5	1.019968819579746e-08
44303599.06122449	3.1983439607140246e-09	chr5	8.457739249634494e-09
47994728.81632653	3.027151084459666e-09	chr5	8.00503474801139e-09
51685858.57142857	3.313371220293556e-09	chr5	8.761918718782805e-09
55376988.32653061	3.738039632140891e-09	chr5	9.884916976343355e-09
59068118.08163265	4.0292276749152895e-09	chr5	1.0654938139998142e-08
62759247.83673469	4.177119278531332e-09	chr5	1.1046024475914166e-08
66450377.591836736	4.3384725758160445e-09	chr5	1.1472709076527975e-08
70141507.34693877	4.605165211796632e-09	chr5	1.2177954291748023e-08
73832637.10204081	4.8790568042682025e-09	chr5	1.2902236514124924e-08
77523766.85714285	4.938089632488802e-09	chr5	1.3058343635307361e-08
81214896.61224489	4.639224552710717e-09	chr5	1.226802122263604e-08
84906026.36734694	4.079794150604475e-09	chr5	1.078865673668611e-08
88597156.12244898	3.5368935574033265e-09	chr5	9.353003876278277e-09
92288285.87755102	3.2429348296754324e-09	chr5	8.575655879997795e-09
95979415.63265306	3.2539111321993163e-09	chr5	8.604681746450067e-09
99670545.3877551	3.5143259070461674e-09	chr5	9.293325710157845e-09
103361675.14285713	3.9552157207789836e-09	chr5	1.0459220038027323e-08
107052804.89795919	4.493223173062567e-09	chr5	1.188193341772238e-08
110743934.65306123	5.002036672146201e-09	chr5	1.3227445956337139e-08
114435064.40816326	5.343782479559965e-09	chr5	1.4131162681074946e-08
118126194.1632653	5.431042840525685e-09	chr5	1.4361915029459729e-08
121817323.91836734	5.260747238630872e-09	chr5	1.3911583290948294e-08
125508453.67346938	4.9158525936198436e-09	chr5	1.299953974218398e-08
129199583.42857142	4.549348244066956e-09	chr5	1.2030351230738454e-08
132890713.18367347	4.331696857994222e-09	chr5	1.1454791286799918e-08
136581842.9387755	4.364272052315401e-09	chr5	1.1540933522581588e-08
140272972.69387755	4.618789874308193e-09	chr5	1.2213983513214661e-08
143964102.4489796	4.952035903192879e-09	chr5	1.3095223321347623e-08
147655232.20408162	5.205621699248855e-09	chr5	1.3765808651379989e-08
151346361.95918366	5.347042606545714e-09	chr5	1.4139783800099306e-08
155037491.7142857	5.531168837056577e-09	chr5	1.4626689419322111e-08
158728621.46938774	5.988813866853977e-09	chr5	1.5836891442138162e-08
162419751.22448978	6.808987303769006e-09	chr5	1.800576794638858e-08
166110880.97959185	7.786786385193514e-09	chr5	2.0591471601405833e-08
169802010.73469388	8.459618386766746e-09	chr5	2.2370716641343828e-08
173493140.48979592	8.334349905659718e-09	chr5	2.2039455162773996e-08
177184270.24489796	7.195214187435949e-09	chr5	1.9027110964331106e-08
180875400.0	5.295847290096659e-09	chr5	1.4004402289340231e-08
63978.0	6.268128243877632e-09	chr6	1.6575513741227212e-08
3553558.1428571427	8.016125565688675e-09	chr6	2.1197938889533248e-08
7043138.285714285	8.828020043630316e-09	chr6	2.334492241506861e-08
10532718.42857143	8.751639503594148e-09	chr6	2.314294079604726e-08
14022298.57142857	8.222247275406572e-09	chr6	2.1743009618603187e-08
17511878.714285713	7.644348725892483e-09	chr6	2.021480774145393e-08
21001458.85714286	7.2118475342816134e-09	chr6	1.9071096386848937e-08
24491039.0	7.008673294408431e-09	chr6	1.8533819982497968e-08
27980619.14285714	7.065710031887865e-09	chr6	1.8684648617309094e-08
31470199.285714284	7.270977307692206e-09	chr6	1.9227459871058158e-08
34959779.428571425	7.371482949467232e-09	chr6	1.9493238199371718e-08
38449359.57142857	7.1508648751018e-09	chr6	1.8909833109219146e-08
41938939.71428572	6.562461506984902e-09	chr6	1.735385216337103e-08
45428519.85714286	5.7063409108669234e-09	chr6	1.5089916558836797e-08
48918100.0	4.745685737311978e-09	chr6	1.2549548460051635e-08
52407680.14285714	3.83348441577342e-09	chr6	1.0137312310496687e-08
55897260.28571428	3.0869551627575557e-09	chr6	8.163181372177277e-09
59386840.428571425	2.6111528705749693e-09	chr6	6.904964066256146e-09
62876420.57142857	2.476585243200774e-09	chr6	6.549111813417514e-09
66366000.71428571	2.632113161543119e-09	chr6	6.960391711869816e-09
69855580.85714285	2.8974025718030093e-09	chr6	7.661926220111559e-09
73345161.0	3.0961972037194226e-09	chr6	8.1876211364897e-09
76834741.14285713	3.187980536692268e-09	chr6	8.430334086466914e-09
80324321.28571428	3.258323888038009e-09	chr6	8.616350891080662e-09
83813901.42857143	3.396194186654134e-09	chr6	8.980936767486558e-09
87303481.57142857	3.594027425942996e-09	chr6	9.504089365633694e-09
90793061.71428572	3.775156877453718e-09	chr6	9.98307026641367e-09
94282641.85714285	3.911127476828509e-09	chr6	1.0342632555290118e-08
97772222.0	4.063983499847701e-09	chr6	1.0746846861603763e-08
101261802.14285713	4.274560400937427e-09	chr6	1.1303698952338672e-08
104751382.28571428	4.449792093871833e-09	chr6	1.1767083749382314e-08
108240962.42857142	4.433661654462092e-09	chr6	1.1724428221338618e-08
111730542.57142857	4.19948066724652e-09	chr6	1.1105157201266994e-08
115220122.71428572	3.919968911402253e-09	chr6	1.036601295125001e-08
118709702.85714285	3.817608770737515e-09	chr6	1.0095330563760647e-08
122199283.0	3.974680106137571e-09	chr6	1.0510691892849523e-08
125688863.14285713	4.308179077845653e-09	chr6	1.1392600586027877e-08
129178443.28571428	4.678995813567902e-09	chr6	1.2373192823342856e-08
132668023.42857142	4.980937080747778e-09	chr6	1.3171649942989703e-08
136157603.57142857	5.180771992132738e-09	chr6	1.370009578691028e-08
139647183.7142857	5.353771029714729e-09	chr6	1.415757652327847e-08
143136763.85714287	5.656953364269987e-09	chr6	1.495931553642431e-08
146626344.0	6.191709958952313e-09	chr6	1.6373432309166876e-08
150115924.14285713	6.896933595946962e-09	chr6	1.8238334179523576e-08
153605504.28571427	7.621101700519038e-09	chr6	2.0153333027866734e-08
157095084.42857143	8.245483502826636e-09	chr6	2.180445577795255e-08
160584664.57142857	8.631485090081021e-09	chr6	2.2825203019351122e-08
164074244.7142857	8.491466696956966e-09	chr6	2.2454936695984296e-08
167563824.85714287	7.515804315684065e-09	chr6	1.9874883356555025e-08
171053405.0	5.736929819710204e-09	chr6	1.5170806237403312e-08
16863.0	5.419927298102076e-09	chr7	1.43325209553414e-08
3264040.612244898	7.473817040719095e-09	chr7	1.9763851701480268e-08
6511218.224489796	8.889285114253193e-09	chr7	2.3506932504916186e-08
9758395.836734693	9.435135063923896e-09	chr7	2.495038467905641e-08
13005573.448979592	9.291856826702034e-09	chr7	2.4571497984737504e-08
16252751.06122449	8.814755460987831e-09	chr7	2.3309845393139948e-08
19499928.673469387	8.284160817683699e-09	chr7	2.1906734534695156e-08
22747106.285714287	7.836482008412703e-09	chr7	2.0722887305344737e-08
25994283.897959184	7.50618496047628e-09	chr7	1.984944581791115e-08
29241461.51020408	7.255871752618452e-09	chr7	1.918751455948314e-08
32488639.12244898	7.0029369625289165e-09	chr7	1.851865075746081e-08
35735816.73469388	6.6829745602443584e-09	chr7	1.7672538331327225e-08
38982994.346938774	6.298358716234811e-09	chr7	1.665545556603746e-08
42230171.95918367	5.892027711639582e-09	chr7	1.558094896883543e-08
45477349.571428575	5.478456170480383e-09	chr7	1.4487295409631283e-08
48724527.18367347	5.016252256089771e-09	chr7	1.3265037817548078e-08
51971704.79591837	4.46413534375114e-09	chr7	1.180501321192969e-08
55218882.408163264	3.871693825597475e-09	chr7	1.0238353733540548e-08
58466060.02040816	3.404262366950026e-09	chr7	9.002272360530923e-09
61713237.632653065	3.250544461677106e-09	chr7	8.59577888241604e-09
64960415.24489796	3.4853684435041596e-09	chr7	9.216750245174266e-09
68207592.85714285	4.0128873206277e-09	chr7	1.0611727510525936e-08
71454770.46938775	4.616678152239295e-09	chr7	1.2208399249969111e-08
74701948.08163266	5.0499127537329164e-09	chr7	1.3354050042491859e-08
77949125.69387755	5.1377343438792315e-09	chr7	1.3586286512074068e-08
81196303.30612245	4.885482509459305e-09	chr7	1.2919228726241234e-08
84443480.91836734	4.497144995616032e-09	chr7	1.1892304332467e-08
87690658.53061225	4.228015257335372e-09	chr7	1.1180614414603373e-08
90937836.14285715	4.203690822552083e-09	chr7	1.1116290586610254e-08
94185013.75510204	4.39463354768218e-09	chr7	1.1621221826214783e-08
97432191.36734694	4.706101953140373e-09	chr7	1.2444872624947738e-08
100679368.97959183	5.014974358707354e-09	chr7	1.3261658530335372e-08
103926546.59183674	5.154874122021757e-09	chr7	1.3631611147606297e-08
107173724.20408164	4.979041561043133e-09	chr7	1.3166637407877358e-08
110420901.81632653	4.491043727087987e-09	chr7	1.1876170064565845e-08
113668079.42857143	3.8878190882405655e-09	chr7	1.0280995572080229e-08
116915257.04081632	3.453229670776606e-09	chr7	9.131762087905455e-09
120162434.65306123	3.4064956351476413e-09	chr7	9.008178041821597e-09
123409612.26530613	3.811413644009327e-09	chr7	1.0078948096105806e-08
126656789.87755102	4.559029867847748e-09	chr7	1.205595343314595e-08
129903967.48979592	5.4185667336182716e-09	chr7	1.4328923062251202e-08
133151145.10204081	6.160534540518217e-09	chr7	1.6290991657581995e-08
136398322.7142857	6.69564032595725e-09	chr7	1.7706031834562782e-08
139645500.3265306	7.1391470188245495e-09	chr7	1.8878846269099688e-08
142892677.9387755	7.735952732677317e-09	chr7	2.045704647910206e-08
146139855.5510204	8.609020597287944e-09	chr7	2.276579764433426e-08
149387033.16326532	9.463780983361349e-09	chr7	2.5026136293061656e-08
152634210.7755102	9.617520021450504e-09	chr7	2.5432685655050044e-08
155881388.3877551	8.524717864456535e-09	chr7	2.2542866483371672e-08
159128566.0	6.339960627653703e-09	chr7	1.676546816111458e-08
11739.0	9.844960853806008e-09	chr8	2.6034132928517542e-08
2997291.0	1.3218095519877278e-08	chr8	3.495409082234102e-08
5982843.0	1.5205287114593478e-08	chr8	4.0209044183712076e-08
8968395.0	1.546805542373122e-08	chr8	4.0903911861814534e-08
11953947.0	1.4498540245106895e-08	chr8	3.834011425902739e-08
14939499.0	1.3056546370582897e-08	chr8	3.452688830831651e-08
17925051.0	1.1602049914721765e-08	chr8	3.0680600381096634e-08
20910603.0	1.0221928581870116e-08	chr8	2.7030990923985162e-08
23896155.0	8.876897319944775e-09	chr8	2.347417407260695e-08
26881707.0	7.572984303299844e-09	chr8	2.0026090803750175e-08
29867259.0	6.370707871432995e-09	chr8	1.6846776542490837e-08
32852811.0	5.345016979595779e-09	chr8	1.4134427207822172e-08
35838363.0	4.526929482424267e-09	chr8	1.1971066787725875e-08
38823915.0	3.858888348417109e-09	chr8	1.0204490775619504e-08
41809467.0	3.269068148848828e-09	chr8	8.644763143635165e-09
44795019.0	2.8105105235934106e-09	chr8	7.43214784241031e-09
47780571.0	2.643645664349043e-09	chr8	6.990888401039672e-09
50766123.0	2.842683428648582e-09	chr8	7.517226259616925e-09
53751675.0	3.2786318356582615e-09	chr8	8.670053472096678e-09
56737227.0	3.729829932324e-09	chr8	9.863207147375011e-09
59722779.0	4.081118265227357e-09	chr8	1.0792158241325549e-08
62708331.0	4.390806047652915e-09	chr8	1.161110033908797e-08
65693883.0	4.758434143584521e-09	chr8	1.2583260498977398e-08
68679435.0	5.136291660820956e-09	chr8	1.3582471463637552e-08
71664987.0	5.314134615968731e-09	chr8	1.4052761513894851e-08
74650539.0	5.1250774442767045e-09	chr8	1.355281645448743e-08
77636091.0	4.631827984560892e-09	chr8	1.2248461648831037e-08
80621643.0	4.0751531417854175e-09	chr8	1.0776383997128079e-08
83607195.0	3.688571835791489e-09	chr8	9.754103740519943e-09
86592747.0	3.600480379029555e-09	chr8	9.521153632412573e-09
89578299.0	3.837265037591841e-09	chr8	1.0147309832318745e-08
92563851.0	4.319504293139345e-09	chr8	1.142254912160647e-08
95549403.0	4.855025828396421e-09	chr8	1.283868871240806e-08
98534955.0	5.203270363042718e-09	chr8	1.3759590749627079e-08
101520507.0	5.195657085855254e-09	chr8	1.3739458107835672e-08
104506059.0	4.8269650320576795e-09	chr8	1.2764484404964783e-08
107491611.0	4.27529890667055e-09	chr8	1.1305651865784455e-08
110477163.0	3.8456467999447006e-09	chr8	1.0169474665527323e-08
113462715.0	3.8326488134292616e-09	chr8	1.0135102633604494e-08
116448267.0	4.35786568935169e-09	chr8	1.1523992459284104e-08
119433819.0	5.303840836991548e-09	chr8	1.4025540520921054e-08
122419371.0	6.399998643664508e-09	chr8	1.6924233412983048e-08
125404923.0	7.380183230505009e-09	chr8	1.9516245327222853e-08
128390475.0	8.096506848708472e-09	chr8	2.1410500121434255e-08
131376027.0	8.527353317732126e-09	chr8	2.2549835707721316e-08
134361579.0	8.678959270974859e-09	chr8	2.295074431447825e-08
137347131.0	8.462598977670993e-09	chr8	2.237859855179111e-08
140332683.0	7.696511383964254e-09	chr8	2.0352747302038402e-08
143318235.0	6.295551645950664e-09	chr8	1.664803251560563e-08
146303787.0	4.47247658682149e-09	chr8	1.1827070895460104e-08
10468.0	6.764676240133139e-09	chr9	1.7888591236594534e-08
2890798.897959184	8.940103566355247e-09	chr9	2.364131743106192e-08
5771129.795918368	1.0232514005106492e-08	chr9	2.70589831445468e-08
8651460.693877552	1.0597782773660925e-08	chr9	2.8024904270734488e-08
11531791.591836736	1.0377967884189323e-08	chr9	2.744362313237844e-08
14412122.48979592	9.909354488024064e-09	chr9	2.6204416229576592e-08
17292453.387755103	9.34531267004502e-09	chr9	2.4712857260011743e-08
20172784.285714287	8.731775803537841e-09	chr9	2.3090412988634174e-08
23053115.18367347	8.095250930726183e-09	chr9	2.1407178956811684e-08
25933446.081632655	7.468375820322832e-09	chr9	1.974946287279997e-08
28813776.97959184	6.937228785865325e-09	chr9	1.8344891264543264e-08
31694107.877551023	6.663716731521966e-09	chr9	1.7621612697358903e-08
34574438.77551021	6.748771300367197e-09	chr9	1.7846532022521932e-08
37454769.673469394	7.020826567578779e-09	chr9	1.8565958244288122e-08
40335100.571428575	7.032249790427789e-09	chr9	1.8596165952225145e-08
43215431.469387755	6.3655631255071914e-09	chr9	1.6833171714467167e-08
46095762.36734694	4.98733480227704e-09	chr9	1.3188568154773964e-08
48976093.26530613	3.3010769719751463e-09	chr9	8.729407660615019e-09
51856424.16326531	1.8610475649822178e-09	chr9	4.9213765714782045e-09
54736755.06122449	1.0546861135683412e-09	chr9	2.789024647861824e-09
57617085.95918368	1.0239406849796552e-09	chr9	2.70772106659744e-09
60497416.857142866	1.7432081782965617e-09	chr9	4.609760679577188e-09
63377747.755102046	3.022651683654658e-09	chr9	7.993136478389426e-09
66258078.653061226	4.474281661453099e-09	chr9	1.1831844256533147e-08
69138409.55102041	5.6708878215462804e-09	chr9	1.499616398289401e-08
72018740.4489796	6.4332773159628424e-09	chr9	1.7012235934391193e-08
74899071.34693879	6.882145282734322e-09	chr9	1.8199227786142885e-08
77779402.24489796	7.184648912994168e-09	chr9	1.899917202548431e-08
80659733.14285715	7.3617438470329414e-09	chr9	1.946748399972137e-08
83540064.04081634	7.363119499344583e-09	chr9	1.9471121791245026e-08
86420394.93877551	7.1899228892294785e-09	chr9	1.9013118591693238e-08
89300725.8367347	6.876146370828774e-09	chr9	1.8183364191325733e-08
92181056.73469388	6.447477264276882e-09	chr9	1.704978644855529e-08
95061387.63265307	5.972722442120349e-09	chr9	1.5794339084973374e-08
97941718.53061226	5.595472878053561e-09	chr9	1.4796735798989442e-08
100822049.42857143	5.448054040541968e-09	chr9	1.4406899651447971e-08
103702380.32653062	5.556799244978019e-09	chr9	1.4694466778394187e-08
106582711.22448981	5.850935646322623e-09	chr9	1.5472284616924323e-08
109463042.12244898	6.219766318453445e-09	chr9	1.64476248837834e-08
112343373.02040817	6.5395748676324014e-09	chr9	1.7293330458913495e-08
115223703.91836736	6.694673461793001e-09	chr9	1.7703475047334304e-08
118104034.81632654	6.63771910645612e-09	chr9	1.75528642648521e-08
120984365.71428573	6.465911691924793e-09	chr9	1.7098534670815747e-08
123864696.6122449	6.442696134041958e-09	chr9	1.703714317023931e-08
126745027.51020409	6.8928817826118194e-09	chr9	1.8227619515591937e-08
129625358.40816328	7.939782633909424e-09	chr9	2.0996056722238964e-08
132505689.30612245	9.211910109233492e-09	chr9	2.4360085923208584e-08
135386020.20408165	9.862369890586881e-09	chr9	2.608016959483252e-08
138266351.10204083	9.126363718290855e-09	chr9	2.413386601777396e-08
141146682.0	7.0175926668467065e-09	chr9	1.8557406478284515e-08
