pos	val	Chromosome	valScaled
60683.0	6.672132421998877e-09	chr10	1.7635727327000886e-08
2825248.0816326533	9.41395214946305e-09	chr10	2.4882883413699756e-08
5589813.1632653065	1.1439337890299067e-08	chr10	3.023636688768014e-08
8354378.24489796	1.2378901821036417e-08	chr10	3.271981479320071e-08
11118943.326530613	1.2325480621616225e-08	chr10	3.2578612303971106e-08
13883508.408163266	1.1560009400443578e-08	chr10	3.05553248630988e-08
16648073.48979592	1.0365143371033194e-08	chr10	2.7397064481830054e-08
19412638.571428575	9.058721346896034e-09	chr10	2.3943940182961727e-08
22177203.653061226	7.976527551029681e-09	chr10	2.1083494152852303e-08
24941768.734693877	7.278432478543389e-09	chr10	1.923829481206901e-08
27706333.816326533	6.812128722820716e-09	chr10	1.8005764435368572e-08
30470898.897959188	6.2639652382844304e-09	chr10	1.655686307483406e-08
33235463.97959184	5.478285635271619e-09	chr10	1.448016099988196e-08
36000029.06122449	4.6221315326999804e-09	chr10	1.2217181288468625e-08
38764594.14285715	4.050690459122886e-09	chr10	1.070675278980356e-08
41529159.2244898	4.017216919757351e-09	chr10	1.0618275796904885e-08
44293724.30612245	4.471867190649141e-09	chr10	1.182000377522828e-08
47058289.3877551	5.093670899559949e-09	chr10	1.3463550390866883e-08
49822854.469387755	5.510340436619696e-09	chr10	1.456488799574193e-08
52587419.55102041	5.529607579457481e-09	chr10	1.4615814754380176e-08
55351984.632653065	5.224395740213136e-09	chr10	1.3809081249490725e-08
58116549.71428572	4.837084778488201e-09	chr10	1.2785343997331524e-08
60881114.795918375	4.606331624529851e-09	chr10	1.2175419096914793e-08
63645679.87755103	4.6564032033519e-09	chr10	1.2307767895632662e-08
66410244.95918368	4.974858699014097e-09	chr10	1.3149506927784676e-08
69174810.04081634	5.431210483355341e-09	chr10	1.4355732332918556e-08
71939375.12244898	5.858449666668131e-09	chr10	1.548500754266591e-08
74703940.20408164	6.17772349024895e-09	chr10	1.632890957266091e-08
77468505.2857143	6.402944025045421e-09	chr10	1.692421069813257e-08
80233070.36734694	6.516823135352397e-09	chr10	1.7225215056348473e-08
82997635.4489796	6.461051865929904e-09	chr10	1.7077800880788522e-08
85762200.53061225	6.270213205953923e-09	chr10	1.6573377653262358e-08
88526765.6122449	6.08024553532983e-09	chr10	1.607125661786055e-08
91291330.69387756	5.967052675695045e-09	chr10	1.577206615196082e-08
94055895.7755102	5.867386621773505e-09	chr10	1.550862963128819e-08
96820460.85714287	5.677219206105798e-09	chr10	1.5005980631376495e-08
99585025.93877551	5.3822159643424185e-09	chr10	1.42262304101179e-08
102349591.02040817	5.100021583717191e-09	chr10	1.3480336468698273e-08
105114156.10204083	5.017702789873254e-09	chr10	1.3262752087828874e-08
107878721.18367347	5.269926424913984e-09	chr10	1.3929427592999785e-08
110643286.26530613	5.857368037959121e-09	chr10	1.5482148590268885e-08
113407851.34693879	6.671125581588381e-09	chr10	1.7633066054439394e-08
116172416.42857143	7.580323474362276e-09	chr10	2.0036250690040574e-08
118936981.51020409	8.501948903955397e-09	chr10	2.2472283692075177e-08
121701546.59183675	9.405030198672357e-09	chr10	2.4859300984362655e-08
124466111.6734694	1.0222229723222655e-08	chr10	2.7019316265115463e-08
127230676.75510205	1.0706226212626627e-08	chr10	2.8298611934699454e-08
129995241.8367347	1.0419356037736874e-08	chr10	2.75403589710856e-08
132759806.91836736	9.031344262843636e-09	chr10	2.387157729223663e-08
135524372.0	6.7180873553791835e-09	chr10	1.77571950412437e-08
87267.0	7.156564450554663e-09	chr11	1.8916174210205326e-08
2839495.224489796	9.438999218459868e-09	chr11	2.4949087627170106e-08
5591723.448979592	1.0811638661882394e-08	chr11	2.8577237281794873e-08
8343951.673469388	1.1159646954349828e-08	chr11	2.9497090031307924e-08
11096179.897959184	1.0861688904293014e-08	chr11	2.8709529684279827e-08
13848408.12244898	1.041448217313581e-08	chr11	2.7527476410953898e-08
16600636.346938776	1.0052252902051255e-08	chr11	2.6570034883917824e-08
19352864.57142857	9.649301401875418e-09	chr11	2.5504956684978533e-08
22105092.795918368	8.972934158948953e-09	chr11	2.3717188170397258e-08
24857321.020408165	8.03894372009077e-09	chr11	2.124847207426286e-08
27609549.24489796	7.164027190549021e-09	chr11	1.893589966517664e-08
30361777.469387755	6.640248322265538e-09	chr11	1.75514515282907e-08
33114005.69387755	6.4334280252540875e-09	chr11	1.7004785764919873e-08
35866233.91836735	6.265230235034734e-09	chr11	1.6560206704178756e-08
38618462.14285714	5.918297052619202e-09	chr11	1.5643195677000135e-08
41370690.36734694	5.356216056931609e-09	chr11	1.4157507661733518e-08
44122918.591836736	4.6164155037834835e-09	chr11	1.2202072726319556e-08
46875146.81632653	3.7646081779403646e-09	chr11	9.950582380567307e-09
49627375.04081633	2.972488568312999e-09	chr11	7.856858131375397e-09
52379603.26530612	2.4991460918778987e-09	chr11	6.605723064095676e-09
55131831.48979592	2.5165655912371645e-09	chr11	6.651766146193385e-09
57884059.71428572	2.9763147500063944e-09	chr11	7.866971464382069e-09
60636287.93877551	3.666820135339448e-09	chr11	9.692109804473823e-09
63388516.16326531	4.383975358212457e-09	chr11	1.158768878309576e-08
66140744.3877551	5.02970810594569e-09	chr11	1.3294484443744033e-08
68892972.6122449	5.577216270428338e-09	chr11	1.4741653667527218e-08
71645200.8367347	6.010378032509353e-09	chr11	1.5886583390348193e-08
74397429.06122449	6.310032562592377e-09	chr11	1.6678627859882507e-08
77149657.28571428	6.4496436080631246e-09	chr11	1.7047646664371703e-08
79901885.51020408	6.403857105673449e-09	chr11	1.69266241455831e-08
82654113.73469388	6.20228405098919e-09	chr11	1.6393827851378672e-08
85406341.95918368	5.9595517760003954e-09	chr11	1.5752239833573333e-08
88158570.18367347	5.8135782319555285e-09	chr11	1.5366403723480066e-08
90910798.40816326	5.831162141808575e-09	chr11	1.5412881374086704e-08
93663026.63265306	5.965272518020537e-09	chr11	1.5767360853360453e-08
96415254.85714287	6.088267927185536e-09	chr11	1.609246134017858e-08
99167483.08163266	6.092832528856673e-09	chr11	1.6104526458994735e-08
101919711.30612245	5.999971037689823e-09	chr11	1.585907570445071e-08
104671939.53061225	5.9698152175665084e-09	chr11	1.577936808065365e-08
107424167.75510204	6.191031904591772e-09	chr11	1.6364086267555475e-08
110176395.97959185	6.751091638411139e-09	chr11	1.7844431699535377e-08
112928624.20408164	7.591455200415428e-09	chr11	2.0065673979768007e-08
115680852.42857143	8.552747443465707e-09	chr11	2.2606553987499758e-08
118433080.65306123	9.455940620957922e-09	chr11	2.4993867007448526e-08
121185308.87755102	1.0167746778156442e-08	chr11	2.6875307378242704e-08
123937537.10204081	1.0602956473540686e-08	chr11	2.802565018207516e-08
126689765.32653062	1.0644434270968787e-08	chr11	2.8135283966194126e-08
129441993.55102041	1.0074630013926984e-08	chr11	2.662918188797083e-08
132194221.7755102	8.691934188861004e-09	chr11	2.297445128540572e-08
134946450.0	6.5875791249800735e-09	chr11	1.7412236725119846e-08
60316.0	7.317128110776526e-09	chr12	1.9340574799282614e-08
2790550.6530612246	9.653888468379814e-09	chr12	2.5517081182663206e-08
5520785.306122449	1.1008503641994544e-08	chr12	2.9097589230752926e-08
8251019.959183674	1.1203761131705468e-08	chr12	2.961369227387342e-08
10981254.612244898	1.0566994853606834e-08	chr12	2.793059671441622e-08
13711489.265306123	9.606825041545644e-09	chr12	2.5392683507343532e-08
16441723.918367349	8.728007681455342e-09	chr12	2.3069800453990677e-08
19171958.57142857	8.11206380559198e-09	chr12	2.1441742502435805e-08
21902193.224489797	7.700992221132582e-09	chr12	2.035520136133053e-08
24632427.877551023	7.271827192909763e-09	chr12	1.922083577364113e-08
27362662.530612245	6.598190447606747e-09	chr12	1.7440284488651313e-08
30092897.18367347	5.619792244702402e-09	chr12	1.4854190143947128e-08
32823131.836734697	4.521169406501654e-09	chr12	1.195031899986697e-08
35553366.48979592	3.650857238096107e-09	chr12	9.649916801498597e-09
38283601.14285714	3.3011735703817927e-09	chr12	8.725635713464121e-09
41013835.79591837	3.515086946941472e-09	chr12	9.291049848256484e-09
43744070.448979594	4.0889706539563155e-09	chr12	1.080793469618793e-08
46474305.10204082	4.730249036207766e-09	chr12	1.250295661343859e-08
49204539.755102046	5.1985743862482356e-09	chr12	1.3740830452153801e-08
51934774.408163264	5.37077247671491e-09	chr12	1.4195983074677846e-08
54665009.06122449	5.2820922843946275e-09	chr12	1.3961584295974057e-08
57395243.71428572	5.126222447400297e-09	chr12	1.354959038310256e-08
60125478.36734694	5.134127533738922e-09	chr12	1.357048504441125e-08
62855713.02040817	5.38331150598471e-09	chr12	1.4229126137069469e-08
65585947.673469394	5.727027156789268e-09	chr12	1.5137632610296187e-08
68316182.32653062	5.928395091302374e-09	chr12	1.566988673249639e-08
71046416.97959185	5.854896578373067e-09	chr12	1.547561604795668e-08
73776651.63265306	5.535372246400398e-09	chr12	1.463105187617366e-08
76506886.28571428	5.0705920877570265e-09	chr12	1.3402548659149817e-08
79237120.93877551	4.565265645956598e-09	chr12	1.206687382911608e-08
81967355.59183674	4.166179537833964e-09	chr12	1.1012012603694503e-08
84697590.24489796	4.086780287185032e-09	chr12	1.0802145136167041e-08
87427824.89795919	4.494015969464969e-09	chr12	1.1878547251154223e-08
90158059.55102041	5.331491207966957e-09	chr12	1.409215513768825e-08
92888294.20408164	6.2859545810710185e-09	chr12	1.6614985130716165e-08
95618528.85714287	6.9890141743865866e-09	chr12	1.847330665345221e-08
98348763.51020409	7.275837919477325e-09	chr12	1.9231436894190754e-08
101078998.16326532	7.241525848118693e-09	chr12	1.9140743500200213e-08
103809232.81632653	7.095591817326316e-09	chr12	1.8755011831221514e-08
106539467.46938775	7.036696222083043e-09	chr12	1.859933946251265e-08
109269702.12244898	7.220909225708823e-09	chr12	1.9086249807894976e-08
111999936.7755102	7.701978725831906e-09	chr12	2.0357808882702068e-08
114730171.42857143	8.373675496965462e-09	chr12	2.213323244340374e-08
117460406.08163266	9.103245046010842e-09	chr12	2.406162487018245e-08
120190640.73469388	9.944719481281075e-09	chr12	2.6285803401792293e-08
122920875.38775511	1.1016042140230685e-08	chr12	2.9117514929306105e-08
125651110.04081634	1.2043496045312645e-08	chr12	3.183327291566502e-08
128381344.69387756	1.2239842829431876e-08	chr12	3.235225517309793e-08
131111579.34693879	1.0920168416759773e-08	chr12	2.8864102266304623e-08
133841814.0	8.237761964987327e-09	chr12	2.1773986877156733e-08
19020094.0	8.886472092473633e-09	chr13	2.3488652324277022e-08
20981109.448979594	1.2278031892913565e-08	chr13	3.245319620181852e-08
22942124.897959184	1.489131192367157e-08	chr13	3.9360597184986905e-08
24903140.346938774	1.6232411863558823e-08	chr13	4.2905381874830224e-08
26864155.795918368	1.6322415369791148e-08	chr13	4.3143278426336584e-08
28825171.24489796	1.551313624607515e-08	chr13	4.100419828604557e-08
30786186.69387755	1.4219670573790721e-08	chr13	3.7585320113299397e-08
32747202.14285714	1.2810992140657675e-08	chr13	3.3861912487837635e-08
34708217.591836736	1.1593265409717445e-08	chr13	3.064322688219009e-08
36669233.04081633	1.0745092097437516e-08	chr13	2.8401341932171855e-08
38630248.48979592	1.0249402991221593e-08	chr13	2.7091140430869837e-08
40591263.93877551	9.938701612113739e-09	chr13	2.6269897017893978e-08
42552279.3877551	9.624160754912607e-09	chr13	2.543850512697308e-08
44513294.8367347	9.185677533836998e-09	chr13	2.4279509766080975e-08
46474310.28571428	8.583643601379908e-09	chr13	2.2688218466254746e-08
48435325.73469388	7.836870210406873e-09	chr13	2.0714352981385557e-08
50396341.18367347	6.9994991381178605e-09	chr13	1.8501020426156805e-08
52357356.632653065	6.153780869046829e-09	chr13	1.6265624626813302e-08
54318372.08163266	5.4195931718316655e-09	chr13	1.432502554753929e-08
56279387.530612245	4.927164554210621e-09	chr13	1.302344214374722e-08
58240402.97959184	4.726841185011385e-09	chr13	1.249394900827293e-08
60201418.42857143	4.7432957646702606e-09	chr13	1.253744162229653e-08
62162433.87755102	4.879225754978993e-09	chr13	1.2896730691072013e-08
64123449.32653061	5.169748393775036e-09	chr13	1.3664637818219952e-08
66084464.77551021	5.785319761929684e-09	chr13	1.5291711160363232e-08
68045480.22448981	6.840771740408186e-09	chr13	1.808147343154041e-08
70006495.6734694	8.180487329052634e-09	chr13	2.1622599015194172e-08
71967511.12244898	9.358359439235078e-09	chr13	2.4735941204381948e-08
73928526.57142857	9.884726351210064e-09	chr13	2.6127230037759948e-08
75889542.02040817	9.558937797013587e-09	chr13	2.5266108323640004e-08
77850557.46938775	8.587124012350732e-09	chr13	2.2697417860838852e-08
79811572.91836736	7.393446076869776e-09	chr13	1.9542297839990586e-08
81772588.36734694	6.345676577467448e-09	chr13	1.6772841836377292e-08
83733603.81632653	5.641474892530887e-09	chr13	1.491150154615638e-08
85694619.26530613	5.364441302963311e-09	chr13	1.4179248566595405e-08
87655634.71428572	5.558143904807703e-09	chr13	1.4691241742479481e-08
89616650.16326532	6.219602607500463e-09	chr13	1.643960412214378e-08
91577665.6122449	7.248798336333405e-09	chr13	1.915996608318142e-08
93538681.06122449	8.451640692190214e-09	chr13	2.233930942704493e-08
95499696.51020409	9.631071541816958e-09	chr13	2.5456771663928837e-08
97460711.95918368	1.06997200679888e-08	chr13	2.8281414944962797e-08
99421727.40816326	1.1728559278309886e-08	chr13	3.1000834559106756e-08
101382742.85714287	1.289249687191237e-08	chr13	3.407734514494873e-08
103343758.30612245	1.4307884855016143e-08	chr13	3.7818487399504547e-08
105304773.75510204	1.5825152487888426e-08	chr13	4.182891713366191e-08
107265789.20408164	1.6948518021318192e-08	chr13	4.47981879728913e-08
109226804.65306123	1.702114495316288e-08	chr13	4.499015490124341e-08
111187820.10204083	1.5597174090113033e-08	chr13	4.1226326446708956e-08
113148835.55102041	1.2756608336539976e-08	chr13	3.3718165649531116e-08
115109851.0	9.14041726350232e-09	chr13	2.4159878179672864e-08
19000058.0	1.1831659396550983e-08	chr14	3.127334797126365e-08
20801882.020408165	1.536486788882673e-08	chr14	4.0612296543952735e-08
22603706.040816326	1.7166451959820315e-08	chr14	4.537422922501792e-08
24405530.06122449	1.6980070509152682e-08	chr14	4.488158725766912e-08
26207354.08163265	1.557235872844703e-08	chr14	4.11607346802117e-08
28009178.102040816	1.4130745591799852e-08	chr14	3.7350274308486125e-08
29811002.12244898	1.343532726724438e-08	chr14	3.551215012653442e-08
31612826.14285714	1.3407228773398641e-08	chr14	3.5437880411183896e-08
33414650.163265307	1.3321685153004872e-08	chr14	3.521177219443825e-08
35216474.18367347	1.249367698166725e-08	chr14	3.302318758450267e-08
37018298.20408163	1.083971584581908e-08	chr14	2.8651450670963353e-08
38820122.22448979	8.852686600741458e-09	chr14	2.339935078136508e-08
40621946.24489796	7.148450755593003e-09	chr14	1.8894728156244148e-08
42423770.26530612	6.095228386808172e-09	chr14	1.6110859171668054e-08
44225594.28571428	5.769141831360098e-09	chr14	1.5248949783011117e-08
46027418.30612245	6.080885602101905e-09	chr14	1.6072948437259425e-08
47829242.32653061	6.8543223121693594e-09	chr14	1.8117290194996284e-08
49631066.346938774	7.830032484119792e-09	chr14	2.0696279557672015e-08
51432890.36734694	8.701350196492154e-09	chr14	2.299933960185226e-08
53234714.3877551	9.219943723317685e-09	chr14	2.4370081885456822e-08
55036538.408163264	9.285238602415662e-09	chr14	2.4542668790330696e-08
56838362.42857143	8.954335964207428e-09	chr14	2.3668029570044157e-08
58640186.448979594	8.397618449916412e-09	chr14	2.2196518266127216e-08
60442010.469387755	7.824483669272063e-09	chr14	2.0681612974418978e-08
62243834.48979592	7.394018513085681e-09	chr14	1.9543810898841534e-08
64045658.510204084	7.1729436856305974e-09	chr14	1.895946767402682e-08
65847482.530612245	7.171211743336891e-09	chr14	1.8954889817937333e-08
67649306.55102041	7.383120921449266e-09	chr14	1.9515006471341388e-08
69451130.57142857	7.777937408331906e-09	chr14	2.0558582267875217e-08
71252954.59183674	8.28041612109566e-09	chr14	2.1886730003178884e-08
73054778.6122449	8.774116125829059e-09	chr14	2.3191673927269773e-08
74856602.63265306	9.109791207567745e-09	chr14	2.4078927632321193e-08
76658426.65306123	9.14403540255779e-09	chr14	2.4169441616034388e-08
78460250.6734694	8.844816380866388e-09	chr14	2.3378548278815425e-08
80262074.69387755	8.375488850555877e-09	chr14	2.213802548518489e-08
82063898.71428572	8.031273241831091e-09	chr14	2.1228197527161642e-08
83865722.73469388	8.078794045953234e-09	chr14	2.1353804138489487e-08
85667546.75510204	8.658524729231713e-09	chr14	2.2886143667556e-08
87469370.7755102	9.78530239964277e-09	chr14	2.5864433440103627e-08
89271194.79591838	1.1364870994269397e-08	chr14	3.003953658063507e-08
91073018.81632653	1.3189653054857486e-08	chr14	3.4862786003207724e-08
92874842.8367347	1.4946014777051785e-08	chr14	3.95051873317654e-08
94676666.85714287	1.6275134791637047e-08	chr14	4.3018306778375964e-08
96478490.87755102	1.690064857317418e-08	chr14	4.467165982845905e-08
98280314.89795919	1.6749310905936323e-08	chr14	4.427164531062493e-08
100082138.91836736	1.5936696111882995e-08	chr14	4.212374835304056e-08
101883962.93877551	1.4607177134100635e-08	chr14	3.860957437008201e-08
103685786.95918368	1.2792768645662782e-08	chr14	3.381374429087331e-08
105487610.97959185	1.0463698313501004e-08	chr14	2.7657564121549415e-08
107289435.0	7.741343753648031e-09	chr14	2.046185821099418e-08
20000446.0	1.3707865430539994e-08	chr15	3.62325208311439e-08
21684535.285714287	1.776412896075706e-08	chr15	4.695400431811811e-08
23368624.57142857	1.993720955047912e-08	chr15	5.269787364145137e-08
25052713.85714286	1.99910102977608e-08	chr15	5.284007934856836e-08
26736803.14285714	1.8621866439763866e-08	chr15	4.922116919752579e-08
28420892.42857143	1.681654010848055e-08	chr15	4.4449345003840326e-08
30104981.714285716	1.5287594602810112e-08	chr15	4.040804840922489e-08
31789071.0	1.4287372601768357e-08	chr15	3.7764269574938055e-08
33473160.285714284	1.3670513773075881e-08	chr15	3.613379322734564e-08
35157249.57142857	1.3074983263210048e-08	chr15	3.455969172236424e-08
36841338.85714286	1.2150228886894704e-08	chr15	3.21153883132508e-08
38525428.14285714	1.0740483372429906e-08	chr15	2.8389160186903827e-08
40209517.42857143	8.969235892426038e-09	chr15	2.3707412941751365e-08
41893606.71428572	7.197462713254446e-09	chr15	1.9024276172741816e-08
43577696.0	5.833467135749554e-09	chr15	1.541897391573043e-08
45261785.28571428	5.094870310158289e-09	chr15	1.3466720663416584e-08
46945874.57142857	4.930853627261506e-09	chr15	1.3033193072280994e-08
48629963.85714286	5.164081881073577e-09	chr15	1.3649660136936465e-08
50314053.14285714	5.668337154464272e-09	chr15	1.498250366315299e-08
51998142.42857143	6.4036677198389325e-09	chr15	1.692612356245227e-08
53682231.71428572	7.341439348147622e-09	chr15	1.940483406845494e-08
55366321.0	8.398937003521762e-09	chr15	2.2200003456525015e-08
57050410.28571428	9.411134780722568e-09	chr15	2.4875436567063e-08
58734499.57142857	1.0134932202246751e-08	chr15	2.6788572152307077e-08
60418588.85714286	1.034429291025212e-08	chr15	2.734195270980273e-08
62102678.14285714	1.001168594322848e-08	chr15	2.6462808621152823e-08
63786767.428571425	9.393522862922059e-09	chr15	2.482888488607249e-08
65470856.71428572	8.857563248414025e-09	chr15	2.3412240697689235e-08
67154946.0	8.578870084065565e-09	chr15	2.2675601143272833e-08
68839035.28571428	8.419208189378883e-09	chr15	2.2253584093682696e-08
70523124.57142857	8.120786183373051e-09	chr15	2.14647974219819e-08
72207213.85714287	7.611327034474578e-09	chr15	2.0118199053430976e-08
73891303.14285713	7.1116666519778756e-09	chr15	1.8797500706263447e-08
75575392.42857143	6.93769071733204e-09	chr15	1.8337648900151524e-08
77259481.71428572	7.18779811064585e-09	chr15	1.8998730772028987e-08
78943571.0	7.642029233524698e-09	chr15	2.0199350861659777e-08
80627660.28571428	8.011317930173992e-09	chr15	2.1175451806176013e-08
82311749.57142857	8.285633867711706e-09	chr15	2.1900521509516283e-08
83995838.85714287	8.77985861056646e-09	chr15	2.3206852417234143e-08
85679928.14285713	9.830586354891908e-09	chr15	2.5984127630289174e-08
87364017.42857143	1.1516490821808205e-08	chr15	3.044029690233148e-08
89048106.71428572	1.3664230541943655e-08	chr15	3.6117185440813245e-08
90732196.0	1.5979326137440388e-08	chr15	4.223642769738247e-08
92416285.28571428	1.8085506167886425e-08	chr15	4.78034659947718e-08
94100374.57142857	1.9544993283197858e-08	chr15	5.166117072467769e-08
95784463.85714285	1.9974807299708983e-08	chr15	5.279725171304668e-08
97468553.14285713	1.9155177286354915e-08	chr15	5.063081218362739e-08
99152642.42857143	1.7046348384456113e-08	chr15	4.505677241029145e-08
100836731.71428572	1.3830689834152423e-08	chr15	3.655716931744618e-08
102520821.0	1.000525623291314e-08	chr15	2.6445813662009165e-08
60179.0	8.691546372847884e-09	chr16	2.2973426213205734e-08
1901660.7959183673	1.192636693776369e-08	chr16	3.152367819059967e-08
3743142.5918367347	1.4720217895232118e-08	chr16	3.890836281042808e-08
5584624.387755102	1.660376956912934e-08	chr16	4.3886951607263723e-08
7426106.183673469	1.733790129667331e-08	chr16	4.58274027479482e-08
9267587.979591837	1.698649980873243e-08	chr16	4.489858113115973e-08
11109069.775510203	1.5886441111841763e-08	chr16	4.1990914736815645e-08
12950551.57142857	1.448756018987454e-08	chr16	3.829340381490761e-08
14792033.367346939	1.3162045474014733e-08	chr16	3.4789813865200447e-08
16633515.163265307	1.2118252223887192e-08	chr16	3.2030867852030857e-08
18474996.959183674	1.1444528421370717e-08	chr16	3.0250086458107146e-08
20316478.755102042	1.1165635821306752e-08	chr16	2.951291975679445e-08
22157960.551020406	1.1185049407963986e-08	chr16	2.9564233594570996e-08
23999442.346938774	1.1187668189247889e-08	chr16	2.9571155536422703e-08
25840924.14285714	1.0732635080515657e-08	chr16	2.836841564416573e-08
27682405.93877551	9.559193451651823e-09	chr16	2.526678406794552e-08
29523887.734693877	7.795365081579042e-09	chr16	2.0604646955128305e-08
31365369.530612245	5.830871312751329e-09	chr16	1.5412112657036746e-08
33206851.326530613	4.024020377591198e-09	chr16	1.0636258642515513e-08
35048333.12244898	2.5572131061275036e-09	chr16	6.759205334115178e-09
36889814.91836735	1.4894665317237907e-09	chr16	3.9369460848178155e-09
38731296.71428572	8.421653610645283e-10	chr16	2.2260047811715584e-09
40572778.510204084	6.348320682520113e-10	chr16	1.677983071381309e-09
42414260.30612245	9.045328926763868e-10	chr16	2.3908541444633215e-09
44255742.10204081	1.7125924215282063e-09	chr16	4.526710661313774e-09
46097223.89795918	3.095223597545572e-09	chr16	8.181270384028002e-09
47938705.69387755	4.96827239006277e-09	chr16	1.313209804837245e-08
49780187.489795916	7.070890773976567e-09	chr16	1.8689722229988134e-08
51621669.28571428	9.012693010923462e-09	chr16	2.3822278451571107e-08
53463151.08163265	1.0401534263579017e-08	chr16	2.7493252599441198e-08
55304632.87755102	1.09851746746398e-08	chr16	2.90359262898718e-08
57146114.67346939	1.0747918419079626e-08	chr16	2.8408812443046955e-08
58987596.469387755	9.905435696338745e-09	chr16	2.618196881401774e-08
60829078.26530612	8.778772430147673e-09	chr16	2.3203981433794055e-08
62670560.06122449	7.637586676291717e-09	chr16	2.0187608329731437e-08
64512041.85714286	6.652962065380295e-09	chr16	1.75850563929271e-08
66353523.653061226	5.980428610583817e-09	chr16	1.580742131662517e-08
68195005.44897959	5.835011146059466e-09	chr16	1.542305503149575e-08
70036487.24489796	6.4386560865672504e-09	chr16	1.7018604534982616e-08
71877969.04081632	7.896746715043513e-09	chr16	2.0872618081997774e-08
73719450.8367347	1.0142870838000937e-08	chr16	2.6809555491164022e-08
75560932.63265306	1.297291710640181e-08	chr16	3.428991126883935e-08
77402414.42857143	1.6083031404080723e-08	chr16	4.2510540632973e-08
79243896.2244898	1.9079488462502245e-08	chr16	5.043075208668357e-08
81085378.02040817	2.148275961363775e-08	chr16	5.678305927029547e-08
82926859.81632653	2.273435948784063e-08	chr16	6.009127809868285e-08
84768341.6122449	2.2282017901570023e-08	chr16	5.889565241717973e-08
86609823.40816326	1.9851061310604672e-08	chr16	5.24701672993054e-08
88451305.20408162	1.5769599700280654e-08	chr16	4.168208044749615e-08
90292787.0	1.0982427324397438e-08	chr16	2.902866451557213e-08
51.0	1.1693884245244839e-08	chr17	3.0909181787621934e-08
1656995.2857142857	1.5033058896456107e-08	chr17	3.973526165555612e-08
3313939.5714285714	1.7270354232577554e-08	chr17	4.5648862885609054e-08
4970883.857142857	1.8428989465196972e-08	chr17	4.8711358313092005e-08
6627828.142857143	1.89764440366599e-08	chr17	5.015838588023191e-08
8284772.428571428	1.9301936048317975e-08	chr17	5.1018723775473966e-08
9941716.714285715	1.939652809309168e-08	chr17	5.1268748715541445e-08
11598661.0	1.8936659276321818e-08	chr17	5.005322711827762e-08
13255605.285714285	1.760850963283653e-08	chr17	4.6542672548837165e-08
14912549.57142857	1.541151484252453e-08	chr17	4.0735593400792275e-08
16569493.857142856	1.2728008230738547e-08	chr17	3.364257007745069e-08
18226438.14285714	1.0094668044006323e-08	chr17	2.6682146249631923e-08
19883382.42857143	7.883978606462689e-09	chr17	2.083886951899406e-08
21540326.714285713	6.214324226656836e-09	chr17	1.6425652347898506e-08
23197271.0	5.125411152696715e-09	chr17	1.3547445975397606e-08
24854215.285714284	4.741612920660423e-09	chr17	1.2532993542400287e-08
26511159.57142857	5.218476279241941e-09	chr17	1.3793434977353406e-08
28168103.85714286	6.541522465899975e-09	chr17	1.7290500130316782e-08
29825048.14285714	8.365934197378313e-09	chr17	2.2112770701933285e-08
31481992.42857143	1.0055081304624639e-08	chr17	2.657751089509391e-08
33138936.714285713	1.096273866595604e-08	chr17	2.8976623610244454e-08
34795881.0	1.0789903130882497e-08	chr17	2.8519786099207743e-08
36452825.28571428	9.73098565899883e-09	chr17	2.572086386343731e-08
38109769.57142857	8.306430631808362e-09	chr17	2.1955491350894626e-08
39766713.85714286	7.057197635519989e-09	chr17	1.8653528635377385e-08
41423658.14285714	6.333813396102359e-09	chr17	1.6741485169789614e-08
43080602.428571425	6.246587620102569e-09	chr17	1.6510930692731214e-08
44737546.71428572	6.695208617807945e-09	chr17	1.769672214414381e-08
46394491.0	7.430158328680407e-09	chr17	1.9639335371853375e-08
48051435.28571428	8.186582728775193e-09	chr17	2.1638710327239135e-08
49708379.57142857	8.8394362179751e-09	chr17	2.3364327475071668e-08
51365323.85714286	9.390757786670107e-09	chr17	2.482157625852532e-08
53022268.14285714	9.777871894862888e-09	chr17	2.584479318899471e-08
54679212.428571425	9.806107341251689e-09	chr17	2.5919424896217313e-08
56336156.71428572	9.375030047305325e-09	chr17	2.4780004822983527e-08
57993101.0	8.703144223450607e-09	chr17	2.300408155963359e-08
59650045.28571428	8.222109342486965e-09	chr17	2.1732613989913263e-08
61306989.57142857	8.267841094300675e-09	chr17	2.1853491792415126e-08
62963933.85714286	8.921627457455868e-09	chr17	2.35815747052633e-08
64620878.14285714	1.009936997451144e-08	chr17	2.669457435492932e-08
66277822.428571425	1.1696494085148827e-08	chr17	3.09160800956894e-08
67934766.71428572	1.360012121888004e-08	chr17	3.594773218821581e-08
69591711.0	1.5604674980151942e-08	chr17	4.124615273957447e-08
71248655.28571428	1.741111507072243e-08	chr17	4.602092081294549e-08
72905599.57142857	1.872399873567959e-08	chr17	4.949112446941332e-08
74562543.85714285	1.925958499155963e-08	chr17	5.090678179924191e-08
76219488.14285713	1.8673667959987298e-08	chr17	4.9358090563590484e-08
77876432.42857143	1.6684638563003924e-08	chr17	4.410070388839034e-08
79533376.71428572	1.3408011080636943e-08	chr17	3.543994819945128e-08
81190321.0	9.497055009229119e-09	chr17	2.5102540231375644e-08
10718.0	1.3744769402527878e-08	chr18	3.6330065116253676e-08
1602684.4081632653	1.8662278415224955e-08	chr18	4.932798580950241e-08
3194650.8163265307	2.2488984768546258e-08	chr18	5.94427055931152e-08
4786617.224489796	2.4542300485463764e-08	chr18	6.487001335763256e-08
6378583.632653061	2.477642505728641e-08	chr18	6.548884956292148e-08
7970550.040816327	2.3567784773505508e-08	chr18	6.22941811821037e-08
9562516.448979592	2.132355600908213e-08	chr18	5.636225356953309e-08
11154482.857142858	1.8302597399663274e-08	chr18	4.837727981118767e-08
12746449.265306123	1.4766902876930404e-08	chr18	3.903176018257591e-08
14338415.673469387	1.120756160244302e-08	chr18	2.962373764788619e-08
15930382.081632653	8.31861328817442e-09	chr18	2.1987692451262774e-08
17522348.48979592	6.674440635780847e-09	chr18	1.7641828379302702e-08
19114314.897959184	6.378091694191268e-09	chr18	1.6858521214971362e-08
20706281.30612245	6.9899690579005345e-09	chr18	1.8475830593958172e-08
22298247.714285716	7.805381502110957e-09	chr18	2.06311222781766e-08
23890214.12244898	8.263296413590517e-09	chr18	2.184147932852452e-08
25482180.530612245	8.1905926257619e-09	chr18	2.1649309255047245e-08
27074146.93877551	7.75619566707237e-09	chr18	2.0501114670379226e-08
28666113.346938774	7.2480915649512135e-09	chr18	1.9158097950687863e-08
30258079.755102042	6.875526707717691e-09	chr18	1.8173337484584136e-08
31850046.163265307	6.699850489660846e-09	chr18	1.770899150288956e-08
33442012.57142857	6.673008537167872e-09	chr18	1.7638043067644236e-08
35033978.97959184	6.725263382858873e-09	chr18	1.7776162659977647e-08
36625945.3877551	6.843832732504096e-09	chr18	1.8089564221491696e-08
38217911.79591837	7.091818064825274e-09	chr18	1.8745037078638888e-08
39809878.20408163	7.557242035565888e-09	chr18	1.9975242014675285e-08
41401844.6122449	8.261897921883639e-09	chr18	2.1837782846372837e-08
42993811.02040816	9.078427655191278e-09	chr18	2.3996027740242647e-08
44585777.42857143	9.73354377862081e-09	chr18	2.5727625464866918e-08
46177743.8367347	9.96170359410443e-09	chr18	2.6330695673662698e-08
47769710.24489796	9.738507170361065e-09	chr18	2.5740744662420554e-08
49361676.653061226	9.382925593788572e-09	chr18	2.480087426862239e-08
50953643.06122449	9.378333580425764e-09	chr18	2.4788736695440926e-08
52545609.469387755	1.0010548421691863e-08	chr18	2.645980193327861e-08
54137575.87755102	1.1117650055201463e-08	chr18	2.9386084161652502e-08
55729542.28571428	1.2186472296272353e-08	chr18	3.221118660452536e-08
57321508.69387755	1.2732409150862936e-08	chr18	3.365420255450491e-08
58913475.10204082	1.2635522948614038e-08	chr18	3.339811371565385e-08
60505441.510204084	1.217065811687648e-08	chr18	3.21693866913812e-08
62097407.91836735	1.1780040555436773e-08	chr18	3.113690946116686e-08
63689374.32653061	1.1818138043517967e-08	chr18	3.123760843851754e-08
65281340.73469388	1.2422399135295486e-08	chr18	3.28347865481378e-08
66873307.14285714	1.352011766265771e-08	chr18	3.573626742500526e-08
68465273.55102041	1.4896716565209197e-08	chr18	3.937488269049388e-08
70057239.95918368	1.6237520997877983e-08	chr18	4.2918886298008735e-08
71649206.36734694	1.7128523382240923e-08	chr18	4.5273976710561564e-08
73241172.7755102	1.7094819021485732e-08	chr18	4.5184889612402424e-08
74833139.18367347	1.576028820955733e-08	chr18	4.165746838930872e-08
76425105.59183674	1.3101502694836458e-08	chr18	3.462978767302139e-08
78017072.0	9.601880984966544e-09	chr18	2.5379615416334007e-08
64704.0	1.7277682967491017e-08	chr19	4.566823413941684e-08
1269889.2653061224	2.228126741299728e-08	chr19	5.889366873175596e-08
2475074.5306122447	2.5675258810338804e-08	chr19	6.78646397868793e-08
3680259.795918367	2.71621768732954e-08	chr19	7.179484977933009e-08
4885445.0612244895	2.712565400584289e-08	chr19	7.169831282669573e-08
6090630.326530612	2.6087688503150403e-08	chr19	6.89547706691745e-08
7295815.591836734	2.4306078226105385e-08	chr19	6.424563256134069e-08
8501000.857142856	2.1897243424608993e-08	chr19	5.787861958136542e-08
9706186.122448979	1.922038912936984e-08	chr19	5.080317960818727e-08
10911371.387755102	1.695480282055712e-08	chr19	4.4814799904230865e-08
12116556.653061224	1.5700718520602277e-08	chr19	4.1500014261464716e-08
13321741.918367347	1.5519394667587904e-08	chr19	4.10207404959892e-08
14526927.183673467	1.587993538105564e-08	chr19	4.197371884096852e-08
15732112.44897959	1.6021438645913205e-08	chr19	4.2347739144684374e-08
16937297.714285713	1.5388320524279088e-08	chr19	4.067428636336543e-08
18142482.979591835	1.3859238244342339e-08	chr19	3.6632628248097606e-08
19347668.244897958	1.1710710375337544e-08	chr19	3.095365648079577e-08
20552853.51020408	9.393755571809808e-09	chr19	2.48294999803529e-08
21758038.775510203	7.285782062749229e-09	chr19	1.9257721174560507e-08
22963224.040816326	5.5964817175324875e-09	chr19	1.4792575944015812e-08
24168409.30612245	4.456929081097082e-09	chr19	1.1780519482924314e-08
25373594.57142857	4.02206804104401e-09	chr19	1.0631098242088924e-08
26578779.836734693	4.421133702716187e-09	chr19	1.1685905423615347e-08
27783965.102040816	5.604579076394412e-09	chr19	1.4813978818528155e-08
28989150.367346935	7.286678476414496e-09	chr19	1.926009056802769e-08
30194335.632653058	9.074487161675409e-09	chr19	2.3985612259136402e-08
31399520.89795918	1.0642979648365586e-08	chr19	2.8131439119303925e-08
32604706.163265303	1.177466214342075e-08	chr19	3.112269328532267e-08
33809891.428571425	1.2299059155253424e-08	chr19	3.25087752943192e-08
35015076.69387755	1.2123408771858136e-08	chr19	3.2044497598596485e-08
36220261.95918367	1.1375775035640585e-08	chr19	3.006835805602284e-08
37425447.22448979	1.0434727751008221e-08	chr19	2.758098936129016e-08
38630632.489795916	9.719786358817864e-09	chr19	2.5691261962312936e-08
39835817.75510204	9.450965698249554e-09	chr19	2.4980717331331724e-08
41041003.02040816	9.63405035536126e-09	chr19	2.5464645240186416e-08
42246188.28571428	1.0213878434152114e-08	chr19	2.6997242204296255e-08
43451373.551020406	1.115698312452367e-08	chr19	2.9490049017507784e-08
44656558.81632653	1.2417663498270115e-08	chr19	3.282226935003427e-08
45861744.08163265	1.394249678269835e-08	chr19	3.685269655418368e-08
47066929.346938774	1.576876002859322e-08	chr19	4.167986103397327e-08
48272114.6122449	1.8077365182482152e-08	chr19	4.778194780692986e-08
49477299.87755102	2.1068725861708246e-08	chr19	5.568868855170347e-08
50682485.14285714	2.4698979040191824e-08	chr19	6.52841448667828e-08
51887670.408163264	2.8444223789946177e-08	chr19	7.518354598804559e-08
53092855.67346939	3.128600703275568e-08	chr19	8.269492484308552e-08
54298040.93877551	3.204234956472532e-08	chr19	8.469408340529432e-08
55503226.20408163	2.996097263149495e-08	chr19	7.919260445710471e-08
56708411.469387755	2.5214433384314382e-08	chr19	6.664658968764565e-08
57913596.73469387	1.8901129533047455e-08	chr19	4.995931518356855e-08
59118782.0	1.2515124007638687e-08	chr19	3.307987619289424e-08
11007.0	4.292804216691788e-09	chr1	1.1346705947286239e-08
5097323.959183673	5.831121106884349e-09	chr1	1.541277291090151e-08
10183640.918367347	6.702502284813797e-09	chr1	1.771600070673724e-08
15269957.87755102	6.7136468362121066e-09	chr1	1.774545789631494e-08
20356274.836734693	6.035327049518721e-09	chr1	1.5952528433585524e-08
25442591.795918368	5.102018691416178e-09	chr1	1.3485615207877051e-08
30528908.75510204	4.3312742259418785e-09	chr1	1.1448389569626359e-08
35615225.71428572	3.849689184932425e-09	chr1	1.0175467821250621e-08
40701542.67346939	3.5588939306109137e-09	chr1	9.406840118914992e-09
45787859.63265306	3.4117019222715496e-09	chr1	9.01778337369395e-09
50874176.591836736	3.4532975333563375e-09	chr1	9.127728561932814e-09
55960493.551020406	3.622107271742849e-09	chr1	9.57392511920003e-09
61046810.51020408	3.7171031239224724e-09	chr1	9.825017399789692e-09
66133127.469387755	3.6218643403924786e-09	chr1	9.57328300498776e-09
71219444.42857143	3.4374802459087648e-09	chr1	9.085920433611131e-09
76305761.3877551	3.33464912617487e-09	chr1	8.814118036168029e-09
81392078.34693877	3.350799589671623e-09	chr1	8.85680681277179e-09
86478395.30612245	3.392972937163087e-09	chr1	8.968279069283673e-09
91564712.26530612	3.3952541637924194e-09	chr1	8.974308789358377e-09
96651029.2244898	3.398651773390561e-09	chr1	8.983289324013064e-09
101737346.18367347	3.4594300412499746e-09	chr1	9.143937958000296e-09
106823663.14285713	3.505371857863405e-09	chr1	9.265371002109276e-09
111909980.10204081	3.328387453513577e-09	chr1	8.797567232814457e-09
116996297.06122449	2.7808811833685507e-09	chr1	7.350403016129401e-09
122082614.02040815	1.9924209933948536e-09	chr1	5.266351315847698e-09
127168930.97959183	1.3457420151740979e-09	chr1	3.557054586304054e-09
132255247.93877551	1.2127328033579997e-09	chr1	3.2054856959993754e-09
137341564.89795917	1.6844717595837702e-09	chr1	4.452382351421167e-09
142427881.85714287	2.505491482280284e-09	chr1	6.622495149516354e-09
147514198.81632653	3.291080259160835e-09	chr1	8.698957153558375e-09
152600515.7755102	3.836393712070637e-09	chr1	1.0140325333175754e-08
157686832.73469388	4.150028687450781e-09	chr1	1.0969322804475609e-08
162773149.69387755	4.2372083666743965e-09	chr1	1.1199755438902022e-08
167859466.6530612	4.045165338131302e-09	chr1	1.0692148833962546e-08
172945783.6122449	3.6239686574416314e-09	chr1	9.57884511906782e-09
178032100.57142857	3.1611094578875384e-09	chr1	8.355419365823492e-09
183118417.53061223	2.8353961942654293e-09	chr1	7.494496659150624e-09
188204734.48979592	2.7416697002300857e-09	chr1	7.246759535907512e-09
193291051.4489796	2.9126058524174687e-09	chr1	7.698576613213104e-09
198377368.40816325	3.283836663463953e-09	chr1	8.679810939050393e-09
203463685.36734694	3.6686503455212838e-09	chr1	9.696947401463285e-09
208550002.3265306	3.889445286313099e-09	chr1	1.0280550832076733e-08
213636319.28571427	3.948955496512957e-09	chr1	1.0437847746148289e-08
218722636.24489796	4.0414396551296794e-09	chr1	1.068230113829829e-08
223808953.20408162	4.395107992915483e-09	chr1	1.1617114474559307e-08
228895270.1632653	5.035895983558153e-09	chr1	1.3310840192611733e-08
233981587.12244898	5.637320105548914e-09	chr1	1.4900519646265684e-08
239067904.08163264	5.676657432148427e-09	chr1	1.5004495754922464e-08
244154221.0408163	4.858242139662391e-09	chr1	1.2841266966035901e-08
249240538.0	3.408828433670717e-09	chr1	9.010188191488865e-09
61097.0	1.4451488069533424e-08	chr20	3.819805827345145e-08
1344811.3673469387	1.8534742415697705e-08	chr20	4.899088367036871e-08
2628525.7346938774	2.1443309792348627e-08	chr20	5.6678785816570236e-08
3912240.102040816	2.2883114077776518e-08	chr20	6.04844650471462e-08
5195954.469387755	2.2984942087752592e-08	chr20	6.075361603285928e-08
6479668.8367346935	2.2133749144260022e-08	chr20	5.85037496176473e-08
7763383.204081632	2.0802089738933645e-08	chr20	5.4983918073636e-08
9047097.57142857	1.938983009617945e-08	chr20	5.125104462339967e-08
10330811.93877551	1.813123934487741e-08	chr20	4.7924347564290895e-08
11614526.306122448	1.7145900622163922e-08	chr20	4.53199080928536e-08
12898240.673469387	1.6524095569983578e-08	chr20	4.3676357926695646e-08
14181955.040816326	1.6280984342155634e-08	chr20	4.3033768263761235e-08
15465669.408163264	1.6239642952257313e-08	chr20	4.2924495030939576e-08
16749383.775510203	1.605314631694345e-08	chr20	4.2431548608450395e-08
18033098.14285714	1.5404788323702237e-08	chr20	4.071781391976477e-08
19316812.51020408	1.4196004444101422e-08	chr20	3.7522765987618406e-08
20600526.87755102	1.2554695100485503e-08	chr20	3.3184470190635795e-08
21884241.244897958	1.0694788691453374e-08	chr20	2.8268380369743815e-08
23167955.612244897	8.785670518484372e-09	chr20	2.3222214405996838e-08
24451669.979591835	6.9495030165704855e-09	chr20	1.8368871075506935e-08
25735384.346938774	5.3460486924289194e-09	chr20	1.4130633364782747e-08
27019098.714285713	4.188922881016406e-09	chr20	1.1072127627423271e-08
28302813.08163265	3.6241493121360717e-09	chr20	9.579322624118677e-09
29586527.44897959	3.6031397437792154e-09	chr20	9.523790300213076e-09
30870241.81632653	3.921779407951635e-09	chr20	1.0366016125105863e-08
32153956.183673467	4.405051111897621e-09	chr20	1.1643396047534499e-08
33437670.551020406	5.041356249509664e-09	chr20	1.3325272724126884e-08
34721384.91836734	5.9374002552803205e-09	chr20	1.5693689110267902e-08
36005099.28571428	7.172985666083927e-09	chr20	1.8959578636427016e-08
37288813.653061226	8.71021395920725e-09	chr20	2.3022768228930952e-08
38572528.02040816	1.0396933190767638e-08	chr20	2.7481091080397355e-08
39856242.387755096	1.2012192803792672e-08	chr20	3.175053243676246e-08
41139956.75510204	1.3337737714801175e-08	chr20	3.52542021980464e-08
42423671.12244898	1.425625429057923e-08	chr20	3.768201790241448e-08
43707385.489795916	1.4809706904848962e-08	chr20	3.91448994485743e-08
44991099.85714285	1.5157901543296148e-08	chr20	4.006524474629826e-08
46274814.22448979	1.5490476969742436e-08	chr20	4.0944305467145077e-08
47558528.591836736	1.597396530498441e-08	chr20	4.2222257987691515e-08
48842242.95918367	1.6728277393125333e-08	chr20	4.42160496969287e-08
50125957.326530606	1.7803448838796043e-08	chr20	4.7057934306878544e-08
51409671.69387755	1.9177542848091078e-08	chr20	5.0689928658443394e-08
52693386.06122449	2.0775852703031896e-08	chr20	5.4914568549111224e-08
53977100.428571425	2.246172242954774e-08	chr20	5.9370645995603484e-08
55260814.79591836	2.3999673833010355e-08	chr20	6.343574690760237e-08
56544529.1632653	2.5053802534062208e-08	chr20	6.622201150241489e-08
57828243.530612245	2.523172813908607e-08	chr20	6.669230304584208e-08
59111957.89795918	2.4145546156875542e-08	chr20	6.382131547332213e-08
60395672.265306115	2.1541830580555086e-08	chr20	5.693919518001776e-08
61679386.63265306	1.7534236872337506e-08	chr20	4.6346355379281946e-08
62963101.0	1.27497181252057e-08	chr20	3.369995349775846e-08
9411244.0	1.9243509079700092e-08	chr21	5.086429007693243e-08
10201211.122448979	2.0390275635646446e-08	chr21	5.3895414312673385e-08
10991178.24489796	1.7996529202169064e-08	chr21	4.75682827869863e-08
11781145.367346939	1.3983066878743374e-08	chr21	3.6959931109229566e-08
12571112.48979592	1.1196887969075888e-08	chr21	2.959552518510136e-08
13361079.612244898	1.1513166665417713e-08	chr21	3.043151051861078e-08
14151046.734693877	1.4884658476282784e-08	chr21	3.934301084579101e-08
14941013.857142858	1.9732434812787154e-08	chr21	5.2156614684197075e-08
15730980.979591837	2.4142511821574836e-08	chr21	6.381329514239982e-08
16520948.102040816	2.69907098152051e-08	chr21	7.134162941576637e-08
17310915.224489797	2.8255436881306055e-08	chr21	7.468454593332436e-08
18100882.346938774	2.8501241976392423e-08	chr21	7.533425600476087e-08
18890849.469387755	2.8237570438231368e-08	chr21	7.463732149315444e-08
19680816.591836736	2.7711018791216446e-08	chr21	7.324554436958883e-08
20470783.714285716	2.6991318500202726e-08	chr21	7.134323828710873e-08
21260750.836734697	2.6009681005517206e-08	chr21	6.874858187214392e-08
22050717.959183674	2.460859470879077e-08	chr21	6.504524172122072e-08
22840685.08163265	2.279004701254321e-08	chr21	6.02384709208655e-08
23630652.204081632	2.0942271710899103e-08	chr21	5.53544459464931e-08
24420619.326530613	1.9690722302939237e-08	chr21	5.2046360510077686e-08
25210586.448979594	1.949977423798255e-08	chr21	5.154164810417706e-08
26000553.571428575	2.0426760876158547e-08	chr21	5.399185181007825e-08
26790520.69387755	2.207334002087662e-08	chr21	5.834407670340174e-08
27580487.816326533	2.359178842438915e-08	chr21	6.23576274411199e-08
28370454.93877551	2.395529888358874e-08	chr21	6.331845539438708e-08
29160422.06122449	2.2658260465839388e-08	chr21	5.989013376925671e-08
29950389.18367347	2.027207879608012e-08	chr21	5.358299736683577e-08
30740356.306122452	1.811077255667157e-08	chr21	4.787024991256151e-08
31530323.42857143	1.7234002664494384e-08	chr21	4.555277871010469e-08
32320290.55102041	1.779363815403087e-08	chr21	4.703200278297184e-08
33110257.67346939	1.9235191583356353e-08	chr21	5.0842305336779804e-08
33900224.79591837	2.0898092690410887e-08	chr21	5.523767231107554e-08
34690191.91836735	2.2359986741764717e-08	chr21	5.9101739035176466e-08
35480159.04081633	2.3425072631333482e-08	chr21	6.191696558348944e-08
36270126.1632653	2.4082918823905436e-08	chr21	6.365577940514752e-08
37060093.28571428	2.4595979862474133e-08	chr21	6.501189825981418e-08
37850060.408163264	2.5505166392919568e-08	chr21	6.741505286259919e-08
38640027.530612245	2.7366746357061585e-08	chr21	7.233556621104098e-08
39429994.653061226	3.038725251064107e-08	chr21	8.031934404171201e-08
40219961.77551021	3.4254782991583336e-08	chr21	9.054196983461086e-08
41009928.89795919	3.823217655275553e-08	chr21	1.0105498484698191e-07
41799896.02040817	4.137124341180083e-08	chr21	1.0935214139094077e-07
42589863.14285715	4.2775230796305386e-08	chr21	1.1306314967399485e-07
43379830.26530612	4.1945572200530544e-08	chr21	1.108702026753194e-07
44169797.3877551	3.907443054358215e-08	chr21	1.032812238936354e-07
44959764.510204084	3.4913431448609406e-08	chr21	9.228290419529037e-08
45749731.632653065	3.016694982779551e-08	chr21	7.973704174338515e-08
46539698.755102046	2.5028090138434545e-08	chr21	6.615404870288795e-08
47329665.87755102	1.9424047502984493e-08	chr21	5.134148780079542e-08
48119633.0	1.3621373435147819e-08	chr21	3.600390587714878e-08
16050606.0	1.8465696777912548e-08	chr22	4.8808382789978044e-08
16768843.346938776	2.6369218310255658e-08	chr22	6.969890801515422e-08
17487080.69387755	3.372130163122641e-08	chr22	8.91318761478801e-08
18205318.040816326	3.908227921520883e-08	chr22	1.0330196944002636e-07
18923555.387755103	4.184055487279891e-08	chr22	1.1059262171029255e-07
19641792.734693877	4.249368219961768e-08	chr22	1.1231896266354031e-07
20360030.08163265	4.202453648875351e-08	chr22	1.1107892045362358e-07
21078267.42857143	4.0983004945242174e-08	chr22	1.0832595256538533e-07
21796504.775510203	3.9264290906390826e-08	chr22	1.0378306129387335e-07
22514742.12244898	3.670840295007042e-08	chr22	9.702735858518394e-08
23232979.469387755	3.3715372881601256e-08	chr22	8.911620532404654e-08
23951216.81632653	3.122592756850807e-08	chr22	8.253612328124455e-08
24669454.163265307	3.015049430574217e-08	chr22	7.9693546638432e-08
25387691.510204084	3.069205323150471e-08	chr22	8.112499088176888e-08
26105928.85714286	3.1988557220696245e-08	chr22	8.455189990958774e-08
26824166.204081632	3.240882506534533e-08	chr22	8.566274853245084e-08
27542403.551020406	3.052132878051346e-08	chr22	8.06737333713804e-08
28260640.897959184	2.6135152415325285e-08	chr22	6.908022690416005e-08
28978878.24489796	2.0516856521171122e-08	chr22	5.422999190207541e-08
29697115.591836736	1.554694294822304e-08	chr22	4.109355589215956e-08
30415352.93877551	1.2592819898907807e-08	chr22	3.3285241354462785e-08
31133590.285714284	1.1989044727127456e-08	chr22	3.168934762471253e-08
31851827.63265306	1.3218883316370045e-08	chr22	3.49400471978496e-08
32570064.97959184	1.536090318073168e-08	chr22	4.060181705906348e-08
33288302.326530613	1.7541706614664074e-08	chr22	4.6366099342762035e-08
34006539.67346939	1.9324418662566746e-08	chr22	5.10781496425599e-08
34724777.02040817	2.081242758475167e-08	chr22	5.501124298544293e-08
35443014.36734694	2.228185623408167e-08	chr22	5.889522509896091e-08
36161251.71428572	2.3634560606736157e-08	chr22	6.247068253315696e-08
36879489.06122449	2.4272370239667158e-08	chr22	6.415653587980499e-08
37597726.408163264	2.3577983962666946e-08	chr22	6.232113959773925e-08
38315963.75510204	2.148465421031117e-08	chr22	5.678806705314715e-08
39034201.10204081	1.854488663194963e-08	chr22	4.901769678204726e-08
39752438.44897959	1.5567643858541613e-08	chr22	4.1148272373594396e-08
40470675.79591837	1.3341525720328585e-08	chr22	3.5264214624114905e-08
41188913.14285714	1.2611011192093877e-08	chr22	3.333332443586226e-08
41907150.48979592	1.3986444134630058e-08	chr22	3.696885784511609e-08
42625387.8367347	1.760438615649588e-08	chr22	4.6531773408984465e-08
43343625.18367347	2.281225921348955e-08	chr22	6.029718203366215e-08
44061862.530612245	2.8274291294490088e-08	chr22	7.473438176822595e-08
44780099.87755102	3.2602497275200163e-08	chr22	8.617466137646994e-08
45498337.22448979	3.516617803685243e-08	chr22	9.295096196620438e-08
46216574.57142857	3.643447060098236e-08	chr22	9.630330277978154e-08
46934811.91836734	3.7434936720634294e-08	chr22	9.894772686643632e-08
47653049.26530612	3.8665653818957003e-08	chr22	1.0220074850778359e-07
48371286.6122449	3.940264665334602e-08	chr22	1.0414876210331476e-07
49089523.95918368	3.81130528390631e-08	chr22	1.007401179948294e-07
49807761.30612245	3.371080702681523e-08	chr22	8.910413689300708e-08
50525998.653061226	2.6561856021241082e-08	chr22	7.02080864799933e-08
51244236.0	1.8351777284947058e-08	chr22	4.850727169264049e-08
10180.0	3.894064103324461e-09	chr2	1.0292759252448776e-08
4972951.693877551	5.352341368517065e-09	chr2	1.4147266116147478e-08
9935723.387755102	6.040179980464652e-09	chr2	1.596535566204655e-08
14898495.081632651	5.897656117469642e-09	chr2	1.558863772145481e-08
19861266.775510203	5.382507418205781e-09	chr2	1.4227000778650411e-08
24824038.469387755	5.015990418989293e-09	chr2	1.3258225962733895e-08
29786810.163265303	4.993934872742274e-09	chr2	1.3199928918391967e-08
34749581.85714286	5.161958455718584e-09	chr2	1.3644047515934456e-08
39712353.551020406	5.253831711268886e-09	chr2	1.388688617396031e-08
44675125.244897954	5.107366594319276e-09	chr2	1.349975074227672e-08
49637896.93877551	4.737499539811713e-09	chr2	1.252212108687156e-08
54600668.63265306	4.317689029357222e-09	chr2	1.1412481286112565e-08
59563440.326530606	4.062033857046386e-09	chr2	1.0736735568934399e-08
64526212.02040816	4.041797993913979e-09	chr2	1.0683248296521611e-08
69488983.71428572	4.1144248896967014e-09	chr2	1.0875215129555013e-08
74451755.40816326	4.0513515989108486e-09	chr2	1.0708500309230344e-08
79414527.10204081	3.7316327084348685e-09	chr2	9.863421881959498e-09
84377298.79591836	3.2248865973591297e-09	chr2	8.52399459339371e-09
89340070.48979591	2.7262521511580037e-09	chr2	7.206007992879169e-09
94302842.18367347	2.4332854833597584e-09	chr2	6.431640827719992e-09
99265613.87755102	2.431822178938106e-09	chr2	6.42777303311634e-09
104228385.57142857	2.6398749275816136e-09	chr2	6.977696402834282e-09
109191157.26530612	2.8973523700362613e-09	chr2	7.658258729956585e-09
114153928.95918366	3.1233715377091617e-09	chr2	8.25567079549242e-09
119116700.65306121	3.3285568764608065e-09	chr2	8.798015050200458e-09
124079472.34693877	3.5031032691369312e-09	chr2	9.259374686438848e-09
129042244.04081632	3.5738355247360967e-09	chr2	9.446333621614912e-09
134005015.73469387	3.4742667409937584e-09	chr2	9.183154204705958e-09
138967787.42857143	3.231399874739036e-09	chr2	8.541210436337476e-09
143930559.12244898	2.96892499554175e-09	chr2	7.847438924182137e-09
148893330.81632653	2.812591977545558e-09	chr2	7.4342207349720984e-09
153856102.51020408	2.815661761921139e-09	chr2	7.442334764607052e-09
158818874.20408162	2.988344492715755e-09	chr2	7.898768384589581e-09
163781645.89795917	3.3113606760256707e-09	chr2	8.752562190042198e-09
168744417.59183672	3.6472069838882225e-09	chr2	9.640268478621755e-09
173707189.28571427	3.7538775960514764e-09	chr2	9.922219391902914e-09
178669960.97959182	3.5203970051738235e-09	chr2	9.30508535192357e-09
183632732.67346936	3.1186957096377397e-09	chr2	8.243311683940072e-09
188595504.36734694	2.8347110307537384e-09	chr2	7.492685640408437e-09
193558276.0612245	2.8199031939322004e-09	chr2	7.45354568394919e-09
198521047.75510204	3.047203934812573e-09	chr2	8.05434519358941e-09
203483819.4489796	3.405916524952424e-09	chr2	9.002491457535024e-09
208446591.14285713	3.7842304249191336e-09	chr2	1.0002447747645404e-08
213409362.83673468	4.126539320798069e-09	chr2	1.0907235897446406e-08
218372134.53061223	4.453149772111853e-09	chr2	1.1770530043486897e-08
223334906.22448978	4.805114839560482e-09	chr2	1.2700841309145787e-08
228297677.91836733	5.12539983033184e-09	chr2	1.3547416048212861e-08
233260449.61224487	5.1674942049478755e-09	chr2	1.3658679564248808e-08
238223221.30612242	4.620361622664315e-09	chr2	1.2212503076345707e-08
243185993.0	3.4529079956615692e-09	chr2	9.126698938997593e-09
60196.0	5.567680960815595e-09	chr3	1.471645001303223e-08
4099016.0816326533	7.314676011075868e-09	chr3	1.9334093428865437e-08
8137836.1632653065	8.04400559139187e-09	chr3	2.126185157220811e-08
12176656.24489796	7.766034573596943e-09	chr3	2.0527120789815813e-08
16215476.326530613	7.019381312176477e-09	chr3	1.8553572830424088e-08
20254296.408163264	6.334178906020895e-09	chr3	1.674245128269789e-08
24293116.48979592	5.8737859542473936e-09	chr3	1.5525544295963042e-08
28331936.571428575	5.498143925967722e-09	chr3	1.4532650275835488e-08
32370756.653061226	5.035580647606256e-09	chr3	1.3310006699132839e-08
36409576.73469388	4.459417500689771e-09	chr3	1.1787096853791106e-08
40448396.81632653	3.890196111593013e-09	chr3	1.028253540748221e-08
44487216.89795919	3.5387517751072363e-09	chr3	9.353600533760821e-09
48526036.97959184	3.631023668161335e-09	chr3	9.597492867264713e-09
52564857.06122449	4.2508190447149434e-09	chr3	1.1235731074797267e-08
56603677.14285715	5.193236439384594e-09	chr3	1.3726721233478403e-08
60642497.2244898	6.0418432062511065e-09	chr3	1.5969751887210853e-08
64681317.30612245	6.4349485501064444e-09	chr3	1.7008804804110655e-08
68720137.38775511	6.2354804653772464e-09	chr3	1.6481572349741983e-08
72758957.46938775	5.494940500859165e-09	chr3	1.4524183008078526e-08
76797777.55102041	4.387751644270184e-09	chr3	1.1597670232355255e-08
80836597.63265306	3.1962384973955222e-09	chr3	8.448272163525706e-09
84875417.71428572	2.2317009294066235e-09	chr3	5.8988141387395695e-09
88914237.79591838	1.703767562376146e-09	chr3	4.503384863823337e-09
92953057.87755102	1.667180626708354e-09	chr3	4.406678566592144e-09
96991877.95918368	2.040998116151915e-09	chr3	5.394749980186127e-09
101030698.04081634	2.642291424959844e-09	chr3	6.984083669476109e-09
105069518.12244898	3.2576867769190333e-09	chr3	8.610691767012131e-09
109108338.20408164	3.739452062744089e-09	chr3	9.884089937050243e-09
113147158.2857143	4.040322025809838e-09	chr3	1.0679347029373173e-08
117185978.36734694	4.176536110656381e-09	chr3	1.1039387014570427e-08
121224798.4489796	4.191305937318457e-09	chr3	1.1078426502878635e-08
125263618.53061225	4.1424908077472265e-09	chr3	1.0949398740822838e-08
129302438.6122449	4.091707246685868e-09	chr3	1.0815168036315342e-08
133341258.69387756	4.092380279804213e-09	chr3	1.081694699209836e-08
137380078.77551022	4.170683099333001e-09	chr3	1.1023916381613467e-08
141418898.85714287	4.287829888123145e-09	chr3	1.1333557841594834e-08
145457718.9387755	4.325628190637132e-09	chr3	1.1433466014034921e-08
149496539.02040818	4.164290122478523e-09	chr3	1.1007018516061268e-08
153535359.10204083	3.822905617606021e-09	chr3	1.0104673709212999e-08
157574179.18367347	3.514354060270881e-09	chr3	9.28911268804043e-09
161612999.26530612	3.515645336410505e-09	chr3	9.292525778857871e-09
165651819.3469388	3.936945810808349e-09	chr3	1.0406103840456142e-08
169690639.42857143	4.609534686388509e-09	chr3	1.2183885404532515e-08
173729459.51020408	5.261035384872038e-09	chr3	1.3905926866707809e-08
177768279.59183675	5.815976613978485e-09	chr3	1.5372743107758978e-08
181807099.6734694	6.397466081378132e-09	chr3	1.690973144101974e-08
185845919.75510204	6.967412277397697e-09	chr3	1.8416208691219636e-08
189884739.8367347	7.121233504052813e-09	chr3	1.882278773354352e-08
193923559.91836736	6.407925337465485e-09	chr3	1.6937377263484483e-08
197962380.0	4.839943301003281e-09	chr3	1.2792899621297833e-08
10455.0	5.510478460224525e-09	chr4	1.4565252818635947e-08
3909096.326530612	7.547506002876721e-09	chr4	1.9949507810541866e-08
7807737.653061224	8.57177446667309e-09	chr4	2.265684606384158e-08
11706378.979591835	8.410812911803462e-09	chr4	2.223139376279741e-08
15605020.306122448	7.594286074316317e-09	chr4	2.007315652313729e-08
19503661.63265306	6.769770495074449e-09	chr4	1.7893803504838302e-08
23402302.95918367	6.2061382971753955e-09	chr4	1.6404015364229426e-08
27300944.285714284	5.843287898106284e-09	chr4	1.544493207664695e-08
31199585.612244897	5.579407074021144e-09	chr4	1.4747444382151278e-08
35098226.93877551	5.359774108535067e-09	chr4	1.4166912275420003e-08
38996868.26530612	5.1105052583668745e-09	chr4	1.3508046834112666e-08
42895509.591836736	4.7863786599239e-09	chr4	1.2651317988216034e-08
46794150.91836734	4.473148352176993e-09	chr4	1.1823390131184368e-08
50692792.244897954	4.302815295447038e-09	chr4	1.1373167150992959e-08
54591433.57142857	4.267620293244597e-09	chr4	1.1280140001221629e-08
58490074.89795918	4.220934652104396e-09	chr4	1.1156740886042176e-08
62388716.22448979	4.063355184043811e-09	chr4	1.0740228089940061e-08
66287357.551020406	3.8465676550931015e-09	chr4	1.0167217018417647e-08
70185998.87755102	3.6883352714853748e-09	chr4	9.748978441136641e-09
74084640.20408162	3.646960595917175e-09	chr4	9.639617227897216e-09
77983281.53061225	3.6859081967887757e-09	chr4	9.742563216611067e-09
81881922.85714285	3.723337496046606e-09	chr4	9.841496042580678e-09
85780564.18367347	3.7086656484606082e-09	chr4	9.802715531786732e-09
89679205.51020408	3.659789934165213e-09	chr4	9.673527632670102e-09
93577846.83673468	3.628164861118442e-09	chr4	9.58993649123675e-09
97476488.1632653	3.6444077851975636e-09	chr4	9.63286965891611e-09
101375129.48979591	3.7060871767666066e-09	chr4	9.795900135922303e-09
105273770.81632653	3.784886960029836e-09	chr4	1.0004183096025897e-08
109172412.14285713	3.828505005959744e-09	chr4	1.0119473967954664e-08
113071053.46938775	3.79428770508935e-09	chr4	1.0029031070564533e-08
116969694.79591836	3.699439441509818e-09	chr4	9.778328894988256e-09
120868336.12244898	3.6110763403515184e-09	chr4	9.544768249120692e-09
124766977.44897959	3.5907333290943136e-09	chr4	9.490997763637029e-09
128665618.77551019	3.6703178646559513e-09	chr4	9.701354974771422e-09
132564260.10204081	3.844958579756983e-09	chr4	1.016296392329279e-08
136462901.42857143	4.047522083377058e-09	chr4	1.0698378164243267e-08
140361542.75510204	4.17698916640847e-09	chr4	1.1040584527929337e-08
144260184.08163264	4.209927479351422e-09	chr4	1.1127646814606691e-08
148158825.40816325	4.241402577713325e-09	chr4	1.1210841544146359e-08
152057466.73469388	4.363151863294425e-09	chr4	1.1532648287023053e-08
155956108.0612245	4.551347486202589e-09	chr4	1.2030085460002476e-08
159854749.3877551	4.725579347973641e-09	chr4	1.249061373065533e-08
163753390.7142857	4.883876948296327e-09	chr4	1.2909024688238378e-08
167652032.0408163	5.153447515518491e-09	chr4	1.3621551466519974e-08
171550673.36734694	5.707235927499839e-09	chr4	1.5085320590519162e-08
175449314.69387755	6.564771207296389e-09	chr4	1.7351951018583218e-08
179347956.02040815	7.409568881578858e-09	chr4	1.9584913509106855e-08
183246597.34693876	7.664988328423551e-09	chr4	2.0260036158608606e-08
187145238.67346936	6.894485103620125e-09	chr4	1.8223448165779592e-08
191043880.0	5.205855384027145e-09	chr4	1.3760075527547386e-08
10042.0	5.780242252698735e-09	chr5	1.5278290328366238e-08
3701171.7551020407	7.515777186397805e-09	chr5	1.9865642455294168e-08
7392301.510204081	8.248818974907526e-09	chr5	2.1803212677796067e-08
11083431.265306123	7.937655954231413e-09	chr5	2.0980749057500313e-08
14774561.020408163	7.022030423326243e-09	chr5	1.8560574939935908e-08
18465690.775510203	6.0487799688668105e-09	chr5	1.5988087082960166e-08
22156820.530612245	5.405435748896926e-09	chr5	1.428760475989022e-08
25847950.285714284	5.207346850319188e-09	chr5	1.3764017759382767e-08
29539080.040816326	5.255555941833802e-09	chr5	1.389144364646962e-08
33230209.795918368	5.156913224762431e-09	chr5	1.3630712001616561e-08
36921339.551020406	4.645409413521789e-09	chr5	1.22787091978324e-08
40612469.306122445	3.84610669296778e-09	chr5	1.0165998606995917e-08
44303599.06122449	3.1870660216098154e-09	chr5	8.424027548515235e-09
47994728.81632653	3.0181581834229044e-09	chr5	7.977571694636193e-09
51685858.57142857	3.311792829802807e-09	chr5	8.753704455467235e-09
55376988.32653061	3.741313927905217e-09	chr5	9.889011204229089e-09
59068118.08163265	4.026818940712794e-09	chr5	1.0643655782290067e-08
62759247.83673469	4.156700070413483e-09	chr5	1.098695655083776e-08
66450377.591836736	4.292614961322289e-09	chr5	1.1346205708999504e-08
70141507.34693877	4.537200183588141e-09	chr5	1.199269142230347e-08
73832637.10204081	4.804200099711192e-09	chr5	1.269842347605482e-08
77523766.85714285	4.8775031074170576e-09	chr5	1.2892177402743584e-08
81214896.61224489	4.612401611546761e-09	chr5	1.2191463238298393e-08
84906026.36734694	4.099911664733006e-09	chr5	1.083685388881416e-08
88597156.12244898	3.6084957100934013e-09	chr5	9.53794714775677e-09
92288285.87755102	3.361656963430962e-09	chr5	8.885504936699263e-09
95979415.63265306	3.4085770201851853e-09	chr5	9.00952365736443e-09
99670545.3877551	3.688989358672455e-09	chr5	9.750707319184894e-09
103361675.14285713	4.129347489901934e-09	chr5	1.0914658427676859e-08
107052804.89795919	4.6439350546345665e-09	chr5	1.2274812184153314e-08
110743934.65306123	5.113301748826623e-09	chr5	1.351543849544392e-08
114435064.40816326	5.417170121672473e-09	chr5	1.4318620960638965e-08
118126194.1632653	5.4843169597527975e-09	chr5	1.4496102948758758e-08
121817323.91836734	5.313087758322965e-09	chr5	1.4043511286027344e-08
125508453.67346938	4.975518270517393e-09	chr5	1.3151250301933914e-08
129199583.42857142	4.613049729588647e-09	chr5	1.2193176338749569e-08
132890713.18367347	4.38864947331215e-09	chr5	1.1600043366934866e-08
136581842.9387755	4.3997597723777684e-09	chr5	1.1629410021019344e-08
140272972.69387755	4.619492845803645e-09	chr5	1.2210206732260528e-08
143964102.4489796	4.910698590455592e-09	chr5	1.2979919439371253e-08
147655232.20408162	5.121609793533931e-09	chr5	1.353739825310633e-08
151346361.95918366	5.2276211377672665e-09	chr5	1.381760659464099e-08
155037491.7142857	5.396859480400456e-09	chr5	1.426493603524258e-08
158728621.46938774	5.874896270815639e-09	chr5	1.5528479075881326e-08
162419751.22448978	6.753350824622531e-09	chr5	1.7850403162552757e-08
166110880.97959185	7.80782258241791e-09	chr5	2.0637574522220018e-08
169802010.73469388	8.542370228629562e-09	chr5	2.2579125015817397e-08
173493140.48979592	8.438910955295332e-09	chr5	2.230566228777617e-08
177184270.24489796	7.280961123722433e-09	chr5	1.9244978506885577e-08
180875400.0	5.342641332654882e-09	chr5	1.4121627058540714e-08
63978.0	6.237399213888891e-09	chr6	1.648664397054029e-08
3553558.1428571427	7.979411282068682e-09	chr6	2.1091116407788452e-08
7043138.285714285	8.792141661159388e-09	chr6	2.3239318878823906e-08
10532718.42857143	8.722458969433884e-09	chr6	2.305513414252722e-08
14022298.57142857	8.204788897590966e-09	chr6	2.1686832727784675e-08
17511878.714285713	7.646653412647915e-09	chr6	2.021157345512321e-08
21001458.85714286	7.249530010369885e-09	chr6	1.916190003817264e-08
24491039.0	7.102346682744234e-09	chr6	1.8772866237745015e-08
27980619.14285714	7.22479284111121e-09	chr6	1.9096514949224246e-08
31470199.285714284	7.475511634340385e-09	chr6	1.975921286849303e-08
34959779.428571425	7.574837776068763e-09	chr6	2.0021750935961413e-08
38449359.57142857	7.306010238943329e-09	chr6	1.931118812891913e-08
41938939.71428572	6.648764933193531e-09	chr6	1.7573962566528048e-08
45428519.85714286	5.735356984487713e-09	chr6	1.515964994458744e-08
48918100.0	4.74525152400736e-09	chr6	1.2542611069814178e-08
52407680.14285714	3.826442561046427e-09	chr6	1.0114022529970866e-08
55897260.28571428	3.0814642875847907e-09	chr6	8.144901885423875e-09
59386840.428571425	2.6053498017030315e-09	chr6	6.886439864831901e-09
62876420.57142857	2.4675750710299685e-09	chr6	6.522274793004205e-09
66366000.71428571	2.62161714424071e-09	chr6	6.929437575186618e-09
69855580.85714285	2.8949352461891265e-09	chr6	7.651869807437136e-09
73345161.0	3.118409640181178e-09	chr6	8.24255554742877e-09
76834741.14285713	3.248321298097811e-09	chr6	8.58593700791393e-09
80324321.28571428	3.352667993646363e-09	chr6	8.861745363290745e-09
83813901.42857143	3.501635238934652e-09	chr6	9.255494400689446e-09
87303481.57142857	3.6849431798526886e-09	chr6	9.740012491524339e-09
90793061.71428572	3.8394635137146796e-09	chr6	1.0148439408454565e-08
94282641.85714285	3.951251324949507e-09	chr6	1.0443916061603641e-08
97772222.0	4.086992751447538e-09	chr6	1.0802706720015099e-08
101261802.14285713	4.285800239448077e-09	chr6	1.1328193090367011e-08
104751382.28571428	4.454292036829213e-09	chr6	1.1773549268498708e-08
108240962.42857142	4.436286724113153e-09	chr6	1.1725957769197697e-08
111730542.57142857	4.197240788343558e-09	chr6	1.1094113453883977e-08
115220122.71428572	3.895736172661501e-09	chr6	1.0297178852815616e-08
118709702.85714285	3.748950019449175e-09	chr6	9.909194860636932e-09
122199283.0	3.852468565795728e-09	chr6	1.0182814258632689e-08
125688863.14285713	4.144185155807114e-09	chr6	1.0953877228132635e-08
129178443.28571428	4.4942781504709194e-09	chr6	1.1879240245902951e-08
132668023.42857142	4.789141540257279e-09	chr6	1.2658620811528707e-08
136157603.57142857	4.985219506734114e-09	chr6	1.317689253230824e-08
139647183.7142857	5.160657523584663e-09	chr6	1.3640608902469724e-08
143136763.85714287	5.4849814328954045e-09	chr6	1.4497859278882016e-08
146626344.0	6.061615211029186e-09	chr6	1.602201309291245e-08
150115924.14285713	6.815425651208137e-09	chr6	1.8014478850248213e-08
153605504.28571427	7.583086072337484e-09	chr6	2.0043552767026374e-08
157095084.42857143	8.247135479184535e-09	chr6	2.17987628752968e-08
160584664.57142857	8.670476727475023e-09	chr6	2.2917735094209468e-08
164074244.7142857	8.556615422061263e-09	chr6	2.2616777797745637e-08
167563824.85714287	7.586445019782961e-09	chr6	2.005243111018678e-08
171053405.0	5.794538256620936e-09	chr6	1.531607741217866e-08
16863.0	5.438320260950733e-09	chr7	1.4374524840485484e-08
3264040.612244898	7.472723396196363e-09	chr7	1.9751843019617045e-08
6511218.224489796	8.866623939362882e-09	chr7	2.3436189843908428e-08
9758395.836734693	9.40174873549167e-09	chr7	2.4850627446994393e-08
13005573.448979592	9.26046258289302e-09	chr7	2.447718101267372e-08
16252751.06122449	8.786183651920406e-09	chr7	2.3223570716211907e-08
19499928.673469387	8.246561653246379e-09	chr7	2.1797246143143058e-08
22747106.285714287	7.782543412226879e-09	chr7	2.0570756820719976e-08
25994283.897959184	7.452111022122848e-09	chr7	1.9697360556480655e-08
29241461.51020408	7.2382468447807965e-09	chr7	1.913207646466884e-08
32488639.12244898	7.0498059332937066e-09	chr7	1.863399094686939e-08
35735816.73469388	6.784050231827972e-09	chr7	1.793154759139992e-08
38982994.346938774	6.407205716810782e-09	chr7	1.6935475167896063e-08
42230171.95918367	5.963045754117244e-09	chr7	1.5761475088729855e-08
45477349.571428575	5.500719590136689e-09	chr7	1.4539458250872085e-08
48724527.18367347	5.012020217563481e-09	chr7	1.324773195791648e-08
51971704.79591837	4.462756476637113e-09	chr7	1.1795922408446553e-08
55218882.408163264	3.888254669661699e-09	chr7	1.027740380361761e-08
58466060.02040816	3.437247757462754e-09	chr7	9.08530592200057e-09
61713237.632653065	3.292326642426743e-09	chr7	8.702251583889226e-09
64960415.24489796	3.529402644625867e-09	chr7	9.328888986464435e-09
68207592.85714285	4.050404587498447e-09	chr7	1.070599717620055e-08
71454770.46938775	4.632197986997566e-09	chr7	1.224378886036822e-08
74701948.08163266	5.025847062727564e-09	chr7	1.3284278965032592e-08
77949125.69387755	5.065820508236505e-09	chr7	1.338993645812911e-08
81196303.30612245	4.7743897371546465e-09	chr7	1.2619628962949403e-08
84443480.91836734	4.369964245740695e-09	chr7	1.1550654722098224e-08
87690658.53061225	4.11433721043104e-09	chr7	1.087498337641769e-08
90937836.14285715	4.1317475345799025e-09	chr7	1.0921002206672268e-08
94185013.75510204	4.3821930976398505e-09	chr7	1.1582977926131871e-08
97432191.36734694	4.753043148273021e-09	chr7	1.2563205829074438e-08
100679368.97959183	5.105999488819379e-09	chr7	1.3496137219897586e-08
103926546.59183674	5.27067501555047e-09	chr7	1.3931406261813531e-08
107173724.20408164	5.1033600200408285e-09	chr7	1.348916059702464e-08
110420901.81632653	4.607236824869182e-09	chr7	1.2177811715248943e-08
113668079.42857143	3.973886059022979e-09	chr7	1.0503744010599796e-08
116915257.04081632	3.487420253786091e-09	chr7	9.217921465054832e-09
120162434.65306123	3.3800841789622335e-09	chr7	8.934211606164319e-09
123409612.26530613	3.7341771133946076e-09	chr7	9.870147232902994e-09
126656789.87755102	4.453430419402248e-09	chr7	1.1771271848171729e-08
129903967.48979592	5.309995565403764e-09	chr7	1.4035338026308203e-08
133151145.10204081	6.066838915928304e-09	chr7	1.6035820348136253e-08
136398322.7142857	6.618479683811265e-09	chr7	1.7493912836343606e-08
139645500.3265306	7.067968738761502e-09	chr7	1.8681998729758603e-08
142892677.9387755	7.666945384977852e-09	chr7	2.026520903492044e-08
146139855.5510204	8.558488647796559e-09	chr7	2.2621729093103726e-08
149387033.16326532	9.45595159058585e-09	chr7	2.499389600228178e-08
152634210.7755102	9.65865703420743e-09	chr7	2.55296854179148e-08
155881388.3877551	8.594531249165193e-09	chr7	2.271699661024671e-08
159128566.0	6.4085794557117066e-09	chr7	1.693910622362801e-08
11739.0	9.832171622231865e-09	chr8	2.5988317796308018e-08
2997291.0	1.3203041855981393e-08	chr8	3.48981751758024e-08
5982843.0	1.5164320148960235e-08	chr8	4.0082210353716084e-08
8968395.0	1.5380933522418783e-08	chr8	4.065476109882739e-08
11953947.0	1.4376178428475709e-08	chr8	3.7999000429454064e-08
14939499.0	1.2942812231854375e-08	chr8	3.4210338303983073e-08
17925051.0	1.1539646230505413e-08	chr8	3.0501501094350034e-08
20910603.0	1.0213802792640724e-08	chr8	2.6997042269255234e-08
23896155.0	8.884972553104932e-09	chr8	2.3484688753749657e-08
26881707.0	7.557433418163512e-09	chr8	1.9975747875634472e-08
29867259.0	6.3265080827357725e-09	chr8	1.6722175823628165e-08
32852811.0	5.297475311995655e-09	chr8	1.4002244592124801e-08
35838363.0	4.498464710067326e-09	chr8	1.1890306126915298e-08
38823915.0	3.848592794501947e-09	chr8	1.0172569850788868e-08
41809467.0	3.2628252668404383e-09	chr8	8.624273782684909e-09
44795019.0	2.802160541901436e-09	chr8	7.406648447281535e-09
47780571.0	2.6416725730340916e-09	chr8	6.982447924990226e-09
50766123.0	2.85962144117005e-09	chr8	7.5585286390062e-09
53751675.0	3.319386627107353e-09	chr8	8.773776320078004e-09
56737227.0	3.789808261554482e-09	chr8	1.0017191041056551e-08
59722779.0	4.148606049364514e-09	chr8	1.0965562498806062e-08
62708331.0	4.447334983334977e-09	chr8	1.1755160440060714e-08
65693883.0	4.783135565783714e-09	chr8	1.2642745867590319e-08
68679435.0	5.118365765738053e-09	chr8	1.3528823664649321e-08
71664987.0	5.2622656785562225e-09	chr8	1.3909178769184274e-08
74650539.0	5.061076989472918e-09	chr8	1.3377398427077851e-08
77636091.0	4.572914414993338e-09	chr8	1.2087090994571968e-08
80621643.0	4.02295061201461e-09	chr8	1.0633431046655706e-08
83607195.0	3.6352566609265582e-09	chr8	9.608681480059403e-09
86592747.0	3.5424185778280153e-09	chr8	9.363292597535268e-09
89578299.0	3.780993576147971e-09	chr8	9.993892134729397e-09
92563851.0	4.2780311050134676e-09	chr8	1.1307657776049233e-08
95549403.0	4.841178733074403e-09	chr8	1.2796165105517768e-08
98534955.0	5.2238463994999925e-09	chr8	1.3807629236488902e-08
101520507.0	5.24781269531338e-09	chr8	1.387097675888063e-08
104506059.0	4.899208483992412e-09	chr8	1.2949548881395704e-08
107491611.0	4.352428714156196e-09	chr8	1.150430494454606e-08
110477163.0	3.91404171318098e-09	chr8	1.0345563911857682e-08
113462715.0	3.886610235343743e-09	chr8	1.0273057247913316e-08
116448267.0	4.407879595848469e-09	chr8	1.1650872273806851e-08
119433819.0	5.376495091793912e-09	chr8	1.4211109045319243e-08
122419371.0	6.518506523512018e-09	chr8	1.7229664574537093e-08
125404923.0	7.537676792351827e-09	chr8	1.992352731949448e-08
128390475.0	8.252165052577386e-09	chr8	2.1812057003667966e-08
131376027.0	8.634580790480544e-09	chr8	2.2822855239173228e-08
134361579.0	8.717450582583404e-09	chr8	2.3041896014256265e-08
137347131.0	8.444510555381357e-09	chr8	2.2320463106166973e-08
140332683.0	7.649997902850615e-09	chr8	2.022041358501454e-08
143318235.0	6.247011216265952e-09	chr8	1.6512050338739668e-08
146303787.0	4.4375751568829864e-09	chr8	1.172936334444273e-08
10468.0	6.67296081603604e-09	chr9	1.76379169315283e-08
2890798.897959184	8.797507895016161e-09	chr9	2.325350286545447e-08
5771129.795918368	1.0071180338120793e-08	chr9	2.662006373232932e-08
8651460.693877552	1.0469081486566882e-08	chr9	2.7671792881762695e-08
11531791.591836736	1.0320206656331639e-08	chr9	2.727828811509685e-08
14412122.48979592	9.929035713438205e-09	chr9	2.624434819142733e-08
17292453.387755103	9.42957555343021e-09	chr9	2.4924179070748764e-08
20172784.285714287	8.871932652619882e-09	chr9	2.3450221792547367e-08
23053115.18367347	8.28839751893316e-09	chr9	2.190782637043418e-08
25933446.081632655	7.695404507704827e-09	chr9	2.0340431961660285e-08
28813776.97959184	7.1494611973017805e-09	chr9	1.8897398947728606e-08
31694107.877551023	6.799735792336896e-09	chr9	1.7973007540125528e-08
34574438.77551021	6.7683356411778624e-09	chr9	1.7890010910436123e-08
37454769.673469394	6.931737315446449e-09	chr9	1.8321912915659347e-08
40335100.571428575	6.892049854224956e-09	chr9	1.8217011333955803e-08
43215431.469387755	6.247756655026639e-09	chr9	1.6514020676540387e-08
46095762.36734694	4.932681260583946e-09	chr9	1.3038023858136207e-08
48976093.26530613	3.3003412390256734e-09	chr9	8.723435701846571e-09
51856424.16326531	1.8813507456698854e-09	chr9	4.972771320858157e-09
54736755.06122449	1.0717373163600857e-09	chr9	2.8328075466817136e-09
57617085.95918368	1.0294472778894035e-09	chr9	2.7210268535020816e-09
60497416.857142866	1.734736925262535e-09	chr9	4.5852428373783156e-09
63377747.755102046	2.9961002554525356e-09	chr9	7.919268354942058e-09
66258078.653061226	4.427739530638598e-09	chr9	1.1703365895416628e-08
69138409.55102041	5.6155117536162735e-09	chr9	1.4842875983968571e-08
72018740.4489796	6.3981530379468035e-09	chr9	1.691154719915587e-08
74899071.34693879	6.9003304723522036e-09	chr9	1.8238898597900036e-08
77779402.24489796	7.264694934144272e-09	chr9	1.9201983844024283e-08
80659733.14285715	7.471150084630494e-09	chr9	1.9747684455005136e-08
83540064.04081634	7.444726910807512e-09	chr9	1.9677842932208074e-08
86420394.93877551	7.197682209589909e-09	chr9	1.902485634370916e-08
89300725.8367347	6.798796980250008e-09	chr9	1.797052607948769e-08
92181056.73469388	6.306897347588869e-09	chr9	1.6670340884532455e-08
95061387.63265307	5.805155064965241e-09	chr9	1.5344139675515323e-08
97941718.53061226	5.4310142485193405e-09	chr9	1.43552136465615e-08
100822049.42857143	5.304048163224464e-09	chr9	1.4019617900191952e-08
103702380.32653062	5.446523425920427e-09	chr9	1.4396207380859972e-08
106582711.22448981	5.7870662352352765e-09	chr9	1.529632742470771e-08
109463042.12244898	6.199361056674573e-09	chr9	1.6386101816064835e-08
112343373.02040817	6.5315589021548446e-09	chr9	1.726416451790673e-08
115223703.91836736	6.656169995560448e-09	chr9	1.759353556845346e-08
118104034.81632654	6.54775249441165e-09	chr9	1.730696729210588e-08
120984365.71428573	6.342703493034568e-09	chr9	1.6764983403261437e-08
123864696.6122449	6.333177271987772e-09	chr9	1.6739803771591643e-08
126745027.51020409	6.8489233115368396e-09	chr9	1.81030195994848e-08
129625358.40816328	7.996043072826667e-09	chr9	2.1135077424779133e-08
132505689.30612245	9.371085638354783e-09	chr9	2.476957899263151e-08
135386020.20408165	1.0091414844726674e-08	chr9	2.6673547419181987e-08
138266351.10204083	9.368658506876405e-09	chr9	2.4763163618020792e-08
141146682.0	7.2192351984581135e-09	chr9	1.9081825032386304e-08
