Start	End	Chromosome	Length(bp)	invCenters	NHCenters	NAHRCenters	allRepCounts	intraRepCounts	WAvgRate	maxRate
158946.0	44343271.22448979	chr10	44184325.22448979	4.0	2.0	2.0	1800.0	398.0	1.6183926069364454e-06	0.000573958
44343271.22448979	105096718.40816326	chr10	60753447.18367347	4.0	4.0	0.0	1898.0	1168.0	1.2479094043099763e-06	0.000270003
105096718.40816326	135473442.0	chr10	30376723.591836736	1.0	1.0	0.0	200.0	40.0	1.8646818587620624e-06	0.000738505
241489.0	52473373.46938776	chr11	52231884.46938776	2.0	1.0	1.0	1342.0	444.0	1.3837748296320275e-06	0.000622663
52473373.46938776	88210978.63265306	chr11	35737605.163265295	3.0	2.0	1.0	1540.0	320.0	1.1877183864336102e-06	0.000360523
88210978.63265306	134944770.0	chr11	46733791.36734694	0.0	0.0	0.0	808.0	302.0	1.5813607717134295e-06	0.000422574
191619.0	38349486.14285714	chr12	38157867.14285714	0.0	0.0	0.0	1106.0	238.0	1.5024383157128184e-06	0.000570972
38349486.14285714	84684039.10204081	chr12	46334552.95918367	7.0	6.0	1.0	678.0	80.0	1.1628706047554803e-06	0.000755878
84684039.10204081	133744154.0	chr12	49060114.89795919	0.0	0.0	0.0	456.0	110.0	1.730873107238045e-06	0.000535067
19260565.0	58368447.85714286	chr13	39107882.85714286	0.0	0.0	0.0	1396.0	348.0	1.6325676930448123e-06	0.000539701
58368447.85714286	85743965.85714287	chr13	27375518.000000007	2.0	0.0	2.0	464.0	62.0	1.2400002563214717e-06	0.000591373
85743965.85714287	115074878.0	chr13	29330912.142857134	1.0	1.0	0.0	1974.0	1786.0	1.795573635245197e-06	0.000404405
19035752.0	44249947.71428572	chr14	25214195.714285716	2.0	1.0	1.0	804.0	96.0	1.6218336933406745e-06	0.000550193
44249947.71428572	65862115.46938776	chr14	21612167.755102046	3.0	2.0	1.0	410.0	10.0	1.200353368731583e-06	0.000391554
65862115.46938776	82071241.28571428	chr14	16209125.816326521	0.0	0.0	0.0	250.0	24.0	1.400974827952736e-06	0.000244456
82071241.28571428	107285437.0	chr14	25214195.714285716	1.0	0.0	1.0	486.0	170.0	1.8263279152495121e-06	0.000335047
20161372.0	45336043.12244898	chr15	25174671.12244898	0.0	0.0	0.0	3388.0	2046.0	1.4910677892435592e-06	0.000741714
45336043.12244898	75545648.46938775	chr15	30209605.346938774	0.0	0.0	0.0	726.0	226.0	1.5559767061130823e-06	0.000530072
75545648.46938775	102398631.0	chr15	26852982.530612245	0.0	0.0	0.0	2676.0	1988.0	2.0157865209898423e-06	0.000518231
143503.0	38714011.0	chr16	38570508.0	3.0	1.0	2.0	5116.0	2670.0	1.3603538716389218e-06	0.000813969
38714011.0	69937755.57142857	chr16	31223744.571428567	1.0	1.0	0.0	514.0	78.0	1.8857121415344417e-06	0.000443129
69937755.57142857	90141355.0	chr16	20203599.428571433	2.0	1.0	1.0	430.0	298.0	2.1462191022817294e-06	0.00036847
6888.0	23162343.14285714	chr17	23155455.14285714	3.0	2.0	1.0	1154.0	650.0	1.9503913283464245e-06	0.00046081
23162343.14285714	43009876.12244898	chr17	19847532.97959184	1.0	0.0	1.0	1458.0	836.0	1.698954132230892e-06	0.000309411
43009876.12244898	61203448.02040816	chr17	18193571.89795918	2.0	0.0	2.0	736.0	490.0	1.553511414291675e-06	0.000326254
61203448.02040816	81050981.0	chr17	19847532.97959184	0.0	0.0	0.0	398.0	314.0	2.1038146038894543e-06	0.00037093
112535.0	17600749.63265306	chr18	17488214.63265306	1.0	1.0	0.0	854.0	80.0	2.274661979948804e-06	0.000548105
17600749.63265306	38268639.653061226	chr18	20667890.020408165	0.0	0.0	0.0	208.0	8.0	1.4645332290973517e-06	0.000414632
38268639.653061226	50987341.20408163	chr18	12718701.551020406	0.0	0.0	0.0	54.0	10.0	1.443960670624858e-06	0.000381864
50987341.20408163	78014582.0	chr18	27027240.795918368	0.0	0.0	0.0	196.0	58.0	1.8138083256543056e-06	0.000926375
261033.0	12260430.959183674	chr19	11999397.959183674	0.0	0.0	0.0	316.0	120.0	2.1565252536948885e-06	0.000276307
12260430.959183674	25459768.714285716	chr19	13199337.755102042	1.0	1.0	0.0	488.0	238.0	1.5470469206179704e-06	0.00026468
25459768.714285716	39859046.26530612	chr19	14399277.551020406	0.0	0.0	0.0	584.0	102.0	2.0974100419446267e-06	0.000346295
39859046.26530612	59058083.0	chr19	19199036.734693877	0.0	0.0	0.0	964.0	644.0	2.09770300391781e-06	0.000253843
752721.0	137636103.24489796	chr1	136883382.24489796	4.0	4.0	0.0	2826.0	1424.0	1.23283199957247e-06	0.000618337
137636103.24489796	183263897.32653064	chr1	45627794.081632674	3.0	1.0	2.0	3940.0	2354.0	1.2377388826636103e-06	0.000792347
183263897.32653064	249170711.0	chr1	65906813.673469365	3.0	3.0	0.0	1512.0	368.0	1.557793907363307e-06	0.000472283
69094.0	28281813.18367347	chr20	28212719.18367347	2.0	0.0	2.0	516.0	84.0	1.8572558224723797e-06	0.000408424
28281813.18367347	62906514.0	chr20	34624700.81632653	0.0	0.0	0.0	436.0	108.0	1.9280468716831383e-06	0.000241893
14665973.0	31039277.48979592	chr21	16373304.48979592	2.0	1.0	1.0	438.0	50.0	2.4865379010427853e-06	0.000874227
31039277.48979592	48094803.0	chr21	17055525.51020408	0.0	0.0	0.0	304.0	54.0	1.8680303744544535e-06	0.000343704
17087705.0	23358702.959183674	chr22	6270997.959183674	0.0	0.0	0.0	1296.0	596.0	3.1218136239960962e-06	0.000386744
23358702.959183674	31023256.02040816	chr22	7664553.061224487	0.0	0.0	0.0	582.0	304.0	2.3732836874865065e-06	0.00113731
31023256.02040816	41474919.28571428	chr22	10451663.265306123	0.0	0.0	0.0	142.0	60.0	1.9034389924263454e-06	0.000283247
41474919.28571428	51229805.0	chr22	9754885.714285716	0.0	0.0	0.0	220.0	50.0	1.911137723573e-06	0.000215908
118913.0	59610761.0	chr2	59491848.0	1.0	1.0	0.0	518.0	80.0	1.5762712264661045e-06	0.000366212
59610761.0	94314339.0	chr2	34703578.0	0.0	0.0	0.0	2228.0	590.0	1.0860553536545045e-06	0.000894104
94314339.0	148848533.0	chr2	54534194.0	3.0	2.0	1.0	2684.0	756.0	1.0024730371500202e-06	0.000407766
148848533.0	193467419.0	chr2	44618886.0	3.0	3.0	0.0	646.0	68.0	1.1234701932569615e-06	0.000448577
193467419.0	243043959.0	chr2	49576540.0	3.0	2.0	1.0	684.0	138.0	1.49932319623678e-06	0.00044686
108226.0	48522597.75510204	chr3	48414371.75510204	3.0	3.0	0.0	1132.0	162.0	1.673464602577732e-06	0.000827583
48522597.75510204	88867907.55102041	chr3	40345309.795918375	3.0	3.0	0.0	844.0	98.0	1.25885603921561e-06	0.0008501
88867907.55102041	161489465.18367347	chr3	72621557.63265306	1.0	1.0	0.0	1494.0	234.0	1.0595219799606103e-06	0.00047955
161489465.18367347	197800244.0	chr3	36310778.81632653	1.0	1.0	0.0	544.0	238.0	1.6640701318389269e-06	0.000324333
167596.0	120858271.34693876	chr4	120690675.34693876	3.0	3.0	0.0	3590.0	606.0	1.2696448444442727e-06	0.000580361
120858271.34693876	190936728.0	chr4	70078456.65306124	2.0	1.0	1.0	684.0	120.0	1.471220753986988e-06	0.000421907
157856.0	18579792.42857143	chr5	18421936.42857143	1.0	1.0	0.0	442.0	296.0	1.7494925322014242e-06	0.000494557
18579792.42857143	48054890.71428572	chr5	29475098.285714287	1.0	1.0	0.0	544.0	242.0	1.2958012106092444e-06	0.000709688
48054890.71428572	95951925.42857143	chr5	47897034.71428572	1.0	0.0	1.0	1648.0	620.0	1.1761006726741492e-06	0.000423307
95951925.42857143	180692833.0	chr5	84740907.57142857	4.0	3.0	1.0	1478.0	778.0	1.4149446095458133e-06	0.000566339
183917.0	31554935.428571425	chr6	31371018.428571425	2.0	2.0	0.0	656.0	148.0	1.6521057028510118e-06	0.000327705
31554935.428571425	62925953.85714285	chr6	31371018.428571425	0.0	0.0	0.0	518.0	112.0	1.3639092165456054e-06	0.00068438
62925953.85714285	118696653.28571428	chr6	55770699.42857143	3.0	2.0	1.0	570.0	26.0	9.74665357275655e-07	0.00046825
118696653.28571428	170981684.0	chr6	52285030.71428572	3.0	2.0	1.0	490.0	102.0	1.5948022791847358e-06	0.000364841
46239.0	61727702.12244898	chr7	61681463.12244898	5.0	2.0	3.0	3342.0	1182.0	1.538063097158878e-06	0.000960053
61727702.12244898	87698844.48979592	chr7	25971142.367346942	1.0	1.0	0.0	2938.0	1742.0	1.021994759394966e-06	0.000344371
87698844.48979592	116916379.65306124	chr7	29217535.163265318	1.0	1.0	0.0	884.0	536.0	1.0974944219027805e-06	0.000768153
116916379.65306124	159119486.0	chr7	42203106.34693876	2.0	1.0	1.0	750.0	278.0	1.5412592715062813e-06	0.000412197
113565.0	47841534.30612245	chr8	47727969.30612245	2.0	0.0	2.0	2346.0	582.0	1.5428359544038431e-06	0.000664315
47841534.30612245	86620509.36734694	chr8	38778975.06122449	0.0	0.0	0.0	716.0	96.0	1.1342877713462562e-06	0.000856467
86620509.36734694	113467492.10204084	chr8	26846982.7346939	1.0	1.0	0.0	272.0	156.0	1.1176013488174422e-06	0.000355098
113467492.10204084	146280471.0	chr8	32812978.897959158	0.0	0.0	0.0	310.0	68.0	1.6829389155277975e-06	0.000805736
212908.0	54814654.71428571	chr9	54601746.71428571	1.0	0.0	1.0	2942.0	1368.0	1.0545259648017512e-06	0.000586367
54814654.71428571	100795073.0	chr9	45980418.28571429	2.0	2.0	0.0	3076.0	792.0	1.4262030975973434e-06	0.000417567
100795073.0	141027939.0	chr9	40232866.0	3.0	1.0	2.0	460.0	84.0	1.69342335369198e-06	0.000315171
2737282.0	61548392.632653065	chrX	58811110.632653065	6.0	1.0	5.0	1756.0	1210.0	1.3230281092493056e-06	0.000961028
61548392.632653065	154408041.0	chrX	92859648.36734694	10.0	1.0	9.0	2278.0	754.0	1.0594694366911925e-06	0.00661715
