pos	val	Chromosome	valScaled
60683.0	6.7352912203814745e-09	chr10	1.7754073408202285e-08
2825248.0816326533	9.59317054955099e-09	chr10	2.5287377869978138e-08
5589813.1632653065	1.1583613511309513e-08	chr10	3.0534139932910715e-08
8354378.24489796	1.2361510504261477e-08	chr10	3.258465859127197e-08
11118943.326530613	1.2156669955089018e-08	chr10	3.204470359482293e-08
13883508.408163266	1.1327411739351705e-08	chr10	2.985879792945198e-08
16648073.48979592	1.0123184256387172e-08	chr10	2.668448186305388e-08
19412638.571428575	8.820490382932867e-09	chr10	2.3250610646359383e-08
22177203.653061226	7.772663162979464e-09	chr10	2.0488562091447515e-08
24941768.734693877	7.165995525443468e-09	chr10	1.888940009254219e-08
27706333.816326533	6.815914137405974e-09	chr10	1.7966593571087726e-08
30470898.897959188	6.335042448713102e-09	chr10	1.669902681240852e-08
33235463.97959184	5.528800082467651e-09	chr10	1.4573790399199099e-08
36000029.06122449	4.597272278891559e-09	chr10	1.2118304442418946e-08
38764594.14285715	3.967090648775862e-09	chr10	1.0457160097580805e-08
41529159.2244898	3.943144783400245e-09	chr10	1.039403934484852e-08
44293724.30612245	4.471747909299053e-09	chr10	1.1787425078877862e-08
47058289.3877551	5.1829935190403324e-09	chr10	1.3662252217516876e-08
49822854.469387755	5.6532918062247705e-09	chr10	1.490194773196731e-08
52587419.55102041	5.670132594013758e-09	chr10	1.494633966289865e-08
55351984.632653065	5.3217775462282515e-09	chr10	1.402808373481253e-08
58116549.71428572	4.883438208610432e-09	chr10	1.2872631279509676e-08
60881114.795918375	4.618957206850664e-09	chr10	1.2175465415900315e-08
63645679.87755103	4.662091064807909e-09	chr10	1.2289165277642674e-08
66410244.95918368	4.999964832016646e-09	chr10	1.317979279016618e-08
69174810.04081634	5.484801069370195e-09	chr10	1.4457810008320554e-08
71939375.12244898	5.921453600031435e-09	chr10	1.5608816079116386e-08
74703940.20408164	6.233846537995377e-09	chr10	1.6432276709301532e-08
77468505.2857143	6.467525525388788e-09	chr10	1.704824916845557e-08
80233070.36734694	6.598198194921654e-09	chr10	1.7392699332735306e-08
82997635.4489796	6.518943227937881e-09	chr10	1.718378505482902e-08
85762200.53061225	6.2528577685851395e-09	chr10	1.6482389877749174e-08
88526765.6122449	5.9805781603145976e-09	chr10	1.576466706597772e-08
91291330.69387756	5.822160269008491e-09	chr10	1.534708113251278e-08
94055895.7755102	5.7262389705534624e-09	chr10	1.509423478653337e-08
96820460.85714287	5.5756552152871e-09	chr10	1.4697299456255202e-08
99585025.93877551	5.326820658964857e-09	chr10	1.4041377264491038e-08
102349591.02040817	5.067658053081576e-09	chr10	1.3358230570612497e-08
105114156.10204083	4.97783793562095e-09	chr10	1.3121466798007728e-08
107878721.18367347	5.210261693921697e-09	chr10	1.373413050202022e-08
110643286.26530613	5.7921893524281075e-09	chr10	1.5268078482787845e-08
113407851.34693879	6.633874406445306e-09	chr10	1.7486741009270504e-08
116172416.42857143	7.607352367703098e-09	chr10	2.0052806620975274e-08
118936981.51020409	8.613465468920396e-09	chr10	2.2704897714217454e-08
121701546.59183675	9.599651090297019e-09	chr10	2.530446042697013e-08
124466111.6734694	1.0492253762707934e-08	chr10	2.7657340629445377e-08
127230676.75510205	1.1039449378709453e-08	chr10	2.9099735741588308e-08
129995241.8367347	1.0762796017809488e-08	chr10	2.8370483818051484e-08
132759806.91836736	9.278741965708313e-09	chr10	2.4458551323876123e-08
135524372.0	6.78429293748252e-09	chr10	1.7883240812264534e-08
87267.0	7.362152487499568e-09	chr11	1.9406465352220256e-08
2839495.224489796	9.783524871203768e-09	chr11	2.57891475024426e-08
5591723.448979592	1.1171432171735968e-08	chr11	2.944763936139342e-08
8343951.673469388	1.1424560534771503e-08	chr11	3.011487992931892e-08
11096179.897959184	1.1001826454510637e-08	chr11	2.900056257502415e-08
13848408.12244898	1.0476789715214255e-08	chr11	2.761657775440296e-08
16600636.346938776	1.0116310670397e-08	chr11	2.666636324779968e-08
19352864.57142857	9.760740142550565e-09	chr11	2.5729087479518748e-08
22105092.795918368	9.101119649914308e-09	chr11	2.39903429672725e-08
24857321.020408165	8.116484850211483e-09	chr11	2.1394868184935706e-08
27609549.24489796	7.169707855178198e-09	chr11	1.889918570870477e-08
30361777.469387755	6.619503247348321e-09	chr11	1.7448858963012914e-08
33114005.69387755	6.432542330528374e-09	chr11	1.69560342679735e-08
35866233.91836735	6.276925091256232e-09	chr11	1.654583078913077e-08
38618462.14285714	5.910088897774655e-09	chr11	1.5578858984237003e-08
41370690.36734694	5.316691979179113e-09	chr11	1.4014678296538456e-08
44122918.591836736	4.5459079502918494e-09	chr11	1.1982909248553725e-08
46875146.81632653	3.653951922061334e-09	chr11	9.631733585328846e-09
49627375.04081633	2.82011618559766e-09	chr11	7.433761680155604e-09
52379603.26530612	2.3274211771228554e-09	chr11	6.135028921303775e-09
55131831.48979592	2.352229765548876e-09	chr11	6.200423792239215e-09
57884059.71428572	2.8268309341834093e-09	chr11	7.451461603649374e-09
60636287.93877551	3.5290677778197138e-09	chr11	9.302541841150533e-09
63388516.16326531	4.273388463688256e-09	chr11	1.1264554122989939e-08
66140744.3877551	4.984690938454511e-09	chr11	1.3139531156532491e-08
68892972.6122449	5.623676933619346e-09	chr11	1.4823883606006402e-08
71645200.8367347	6.135099276631882e-09	chr11	1.6171981189814384e-08
74397429.06122449	6.476542340197021e-09	chr11	1.7072017285790886e-08
77149657.28571428	6.616893836581889e-09	chr11	1.7441980615992196e-08
79901885.51020408	6.525197325454615e-09	chr11	1.7200270712654497e-08
82654113.73469388	6.241488288946049e-09	chr11	1.6452420189799433e-08
85406341.95918368	5.922622651404445e-09	chr11	1.5611897671762532e-08
88158570.18367347	5.748688383847086e-09	chr11	1.5153410925848617e-08
90910798.40816326	5.795153021361202e-09	chr11	1.527589064622282e-08
93663026.63265306	5.992914859435076e-09	chr11	1.579718632232956e-08
96415254.85714287	6.174802275970703e-09	chr11	1.6276637386810616e-08
99167483.08163266	6.188514852727707e-09	chr11	1.631278342510258e-08
101919711.30612245	6.032258027681329e-09	chr11	1.590089401280648e-08
104671939.53061225	5.893070320811903e-09	chr11	1.5533998405115273e-08
107424167.75510204	6.021035365130372e-09	chr11	1.5871311331338716e-08
110176395.97959185	6.5470181775246845e-09	chr11	1.7257789978979495e-08
112928624.20408164	7.405797144275183e-09	chr11	1.9521511667949748e-08
115680852.42857143	8.399892252631814e-09	chr11	2.2141923607242078e-08
118433080.65306123	9.321968056261615e-09	chr11	2.4572494308629416e-08
121185308.87755102	1.0044056606383027e-08	chr11	2.6475903189790137e-08
123937537.10204081	1.051283186431884e-08	chr11	2.7711584034020953e-08
126689765.32653062	1.0635449254418748e-08	chr11	2.8034800666193933e-08
129441993.55102041	1.016734818586134e-08	chr11	2.68008969697246e-08
132194221.7755102	8.830868277213334e-09	chr11	2.3277966538012654e-08
134946450.0	6.671798485319831e-09	chr11	1.7586708012662918e-08
60316.0	7.355395499280137e-09	chr12	1.9388654086019456e-08
2790550.6530612246	9.81531530170788e-09	chr12	2.5872946349200766e-08
5520785.306122449	1.1194013959754318e-08	chr12	2.9507164437451463e-08
8251019.959183674	1.1315208846049273e-08	chr12	2.982663138217215e-08
10981254.612244898	1.0570099078904075e-08	chr12	2.786253910015868e-08
13711489.265306123	9.518860472426895e-09	chr12	2.509149820849623e-08
16441723.918367349	8.587326826458232e-09	chr12	2.263599685130306e-08
19171958.57142857	7.962710361633812e-09	chr12	2.098952215472172e-08
21902193.224489797	7.575591614362188e-09	chr12	1.9969086002539656e-08
24632427.877551023	7.1758975511824866e-09	chr12	1.891550160561834e-08
27362662.530612245	6.511599782668732e-09	chr12	1.7164427901275946e-08
30092897.18367347	5.5111303533177866e-09	chr12	1.4527213397824543e-08
32823131.836734697	4.370906397630643e-09	chr12	1.152160916354857e-08
35553366.48979592	3.4764339518430558e-09	chr12	9.163800281273156e-09
38283601.14285714	3.1522353673747435e-09	chr12	8.309220237270296e-09
41013835.79591837	3.4292237892416863e-09	chr12	9.03935537384265e-09
43744070.448979594	4.058434130362726e-09	chr12	1.0697939423134913e-08
46474305.10204082	4.717162471224874e-09	chr12	1.2434332243736287e-08
49204539.755102046	5.164949081084474e-09	chr12	1.3614687492311139e-08
51934774.408163264	5.284781345850135e-09	chr12	1.3930562597886779e-08
54665009.06122449	5.119799912425547e-09	chr12	1.3495675317712918e-08
57395243.71428572	4.8928632134759184e-09	chr12	1.2897475376487718e-08
60125478.36734694	4.875154772511689e-09	chr12	1.2850796331657057e-08
62855713.02040817	5.152177429142848e-09	chr12	1.3581021710283856e-08
65585947.673469394	5.5413275304564535e-09	chr12	1.4606812465199393e-08
68316182.32653062	5.771772689361379e-09	chr12	1.5214260626517528e-08
71046416.97959185	5.721367262539573e-09	chr12	1.5081393075778506e-08
73776651.63265306	5.45034180539267e-09	chr12	1.4366976177646939e-08
76506886.28571428	5.054521838357826e-09	chr12	1.3323603809440594e-08
79237120.93877551	4.5943703773345045e-09	chr12	1.2110655096372642e-08
81967355.59183674	4.193199848065139e-09	chr12	1.1053178768652358e-08
84697590.24489796	4.099363316899532e-09	chr12	1.0805827821503426e-08
87427824.89795919	4.539297889405476e-09	chr12	1.1965485279437996e-08
90158059.55102041	5.4720236127200875e-09	chr12	1.442412892521465e-08
92888294.20408164	6.524533167073427e-09	chr12	1.7198520006371954e-08
95618528.85714287	7.252551572704954e-09	chr12	1.911755985085435e-08
98348763.51020409	7.493889953640074e-09	chr12	1.975372229597222e-08
101078998.16326532	7.42052262068626e-09	chr12	1.956032768653286e-08
103809232.81632653	7.2883490764041876e-09	chr12	1.92119212507866e-08
106539467.46938775	7.267485787003494e-09	chr12	1.9156926097728392e-08
109269702.12244898	7.477291398926558e-09	chr12	1.9709968885880306e-08
111999936.7755102	7.965395593903054e-09	chr12	2.0996600365487415e-08
114730171.42857143	8.606973673695644e-09	chr12	2.2687785490677288e-08
117460406.08163266	9.244391605563991e-09	chr12	2.4368004561212768e-08
120190640.73469388	9.986396965535306e-09	chr12	2.6323913697011673e-08
122920875.38775511	1.1073769327074202e-08	chr12	2.9190202339497188e-08
125651110.04081634	1.2259084407553487e-08	chr12	3.231466574606783e-08
128381344.69387756	1.2598815097961986e-08	chr12	3.3210188065619455e-08
131111579.34693879	1.1231979880964011e-08	chr12	2.9607241736281122e-08
133841814.0	8.329122164384054e-09	chr12	2.1955375275366898e-08
19020094.0	8.869328357364857e-09	chr13	2.3379346428495963e-08
20981109.448979594	1.2414832292289807e-08	chr13	3.2725213603362144e-08
22942124.897959184	1.5053693471319948e-08	chr13	3.968119123722945e-08
24903140.346938774	1.6248895814081425e-08	chr13	4.283171724074215e-08
26864155.795918368	1.6111203573927274e-08	chr13	4.246876364906387e-08
28825171.24489796	1.5123164306117414e-08	chr13	3.986431476676459e-08
30786186.69387755	1.3770351244981375e-08	chr13	3.629833051914898e-08
32747202.14285714	1.2418492298910992e-08	chr13	3.2734861296995705e-08
34708217.591836736	1.1334604834563232e-08	chr13	2.987775876369642e-08
36669233.04081633	1.064731220986575e-08	chr13	2.806607114507196e-08
38630248.48979592	1.028888360615861e-08	chr13	2.712126155427663e-08
40591263.93877551	1.0056007638700467e-08	chr13	2.650740583728154e-08
42552279.3877551	9.753371327405307e-09	chr13	2.5709663451553263e-08
44513294.8367347	9.27896552842316e-09	chr13	2.4459140630072524e-08
46474310.28571428	8.618575374613928e-09	chr13	2.2718367308600754e-08
48435325.73469388	7.815392973233035e-09	chr13	2.0601196892696315e-08
50396341.18367347	6.944571798960978e-09	chr13	1.8305732220484657e-08
52357356.632653065	6.101112243266731e-09	chr13	1.608239214822017e-08
54318372.08163266	5.414446730686833e-09	chr13	1.4272357582775814e-08
56279387.530612245	5.024663125261657e-09	chr13	1.3244896925530412e-08
58240402.97959184	4.9653488015732575e-09	chr13	1.308854572667875e-08
60201418.42857143	5.095243679976497e-09	chr13	1.3430945651353426e-08
62162433.87755102	5.242602740053858e-09	chr13	1.3819380758963959e-08
64123449.32653061	5.430505850501865e-09	chr13	1.4314689054829228e-08
66084464.77551021	5.896035806655438e-09	chr13	1.5541815357884558e-08
68045480.22448981	6.845124951194885e-09	chr13	1.8043592607261887e-08
70006495.6734694	8.165564262597305e-09	chr13	2.152424039198928e-08
71967511.12244898	9.376019453078385e-09	chr13	2.4714972552776736e-08
73928526.57142857	9.91647965430847e-09	chr13	2.6139613265833724e-08
75889542.02040817	9.56070989065234e-09	chr13	2.520181231652125e-08
77850557.46938775	8.554764214385077e-09	chr13	2.2550162551613067e-08
79811572.91836736	7.3647728517815705e-09	chr13	1.9413372572457168e-08
81772588.36734694	6.345667154845826e-09	chr13	1.6727033294451964e-08
83733603.81632653	5.649569990654339e-09	chr13	1.4892137111359064e-08
85694619.26530613	5.3433531321210845e-09	chr13	1.4084956485111313e-08
87655634.71428572	5.506410960735103e-09	chr13	1.4514773187058075e-08
89616650.16326532	6.187940380098638e-09	chr13	1.631126912840868e-08
91577665.6122449	7.2988139543784175e-09	chr13	1.9239506429464564e-08
93538681.06122449	8.595273682295155e-09	chr13	2.265694458129374e-08
95499696.51020409	9.81424958602465e-09	chr13	2.5870137147066334e-08
97460711.95918368	1.0848054722282887e-08	chr13	2.859522381048543e-08
99421727.40816326	1.1806153034695524e-08	chr13	3.112074902005243e-08
101382742.85714287	1.2920174970221528e-08	chr13	3.405728532925096e-08
103343758.30612245	1.4336244686066646e-08	chr13	3.779001267000319e-08
105304773.75510204	1.5895252320019194e-08	chr13	4.189952108938429e-08
107265789.20408164	1.707367504001885e-08	chr13	4.500581639157648e-08
109226804.65306123	1.7189090178524335e-08	chr13	4.531004805348941e-08
111187820.10204083	1.5765415437982462e-08	chr13	4.155727404180352e-08
113148835.55102041	1.2852121201368005e-08	chr13	3.387789715309102e-08
115109851.0	9.104056964501782e-09	chr13	2.3998085661255972e-08
19000058.0	1.1917258572108922e-08	chr14	3.1413620672183235e-08
20801882.020408165	1.5673111752836885e-08	chr14	4.131396364165881e-08
22603706.040816326	1.7467381921610316e-08	chr14	4.6043618714947056e-08
24405530.06122449	1.7035183941495106e-08	chr14	4.4904354737374364e-08
26207354.08163265	1.532207010871626e-08	chr14	4.038862590716058e-08
28009178.102040816	1.3720150702072648e-08	chr14	3.616600303771267e-08
29811002.12244898	1.3091883751025357e-08	chr14	3.45099057430497e-08
31612826.14285714	1.3268797984735083e-08	chr14	3.4976247611495357e-08
33414650.163265307	1.3335989969405692e-08	chr14	3.515336414428534e-08
35216474.18367347	1.2482731387757837e-08	chr14	3.290419406402019e-08
37018298.20408163	1.0667041295215259e-08	chr14	2.8118076562226293e-08
38820122.22448979	8.514237472853376e-09	chr14	2.244333498906139e-08
40621946.24489796	6.7243427421118465e-09	chr14	1.7725213470220855e-08
42423770.26530612	5.665702942194235e-09	chr14	1.493466320214836e-08
44225594.28571428	5.3836704410343445e-09	chr14	1.4191231988077114e-08
46027418.30612245	5.770415592866045e-09	chr14	1.521068335123546e-08
47829242.32653061	6.6467805232089396e-09	chr14	1.7520761237489144e-08
49631066.346938774	7.748907086339808e-09	chr14	2.0425941617476763e-08
51432890.36734694	8.750240946980657e-09	chr14	2.3065434742011524e-08
53234714.3877551	9.372485481504995e-09	chr14	2.4705657084642768e-08
55036538.408163264	9.490237077430197e-09	chr14	2.5016047594805536e-08
56838362.42857143	9.149190347158107e-09	chr14	2.4117056224312855e-08
58640186.448979594	8.528948417217031e-09	chr14	2.2482112701500307e-08
60442010.469387755	7.869228821716126e-09	chr14	2.074310695637245e-08
62243834.48979592	7.359702656763968e-09	chr14	1.9400007654506177e-08
64045658.510204084	7.0834556627473745e-09	chr14	1.8671826904767485e-08
65847482.530612245	7.063526853862281e-09	chr14	1.861929502094733e-08
67649306.55102041	7.30244749797622e-09	chr14	1.924908436717453e-08
69451130.57142857	7.753644669384102e-09	chr14	2.043842977788345e-08
71252954.59183674	8.313644289975405e-09	chr14	2.191457595289328e-08
73054778.6122449	8.8568892897071e-09	chr14	2.3346557331024256e-08
74856602.63265306	9.238014288708134e-09	chr14	2.4351194100031276e-08
76658426.65306123	9.308145698603353e-09	chr14	2.453605889039589e-08
78460250.6734694	9.03832128137904e-09	chr14	2.3824807905994578e-08
80262074.69387755	8.623975184497921e-09	chr14	2.2732601083790853e-08
82063898.71428572	8.38604468566471e-09	chr14	2.2105421737847774e-08
83865722.73469388	8.56796421231006e-09	chr14	2.2584957443842686e-08
85667546.75510204	9.255220338328085e-09	chr14	2.4396548852783968e-08
87469370.7755102	1.0422523132630317e-08	chr14	2.7473532285501476e-08
89271194.79591838	1.197262082037086e-08	chr14	3.1559554290719465e-08
91073018.81632653	1.3729001066586139e-08	chr14	3.618933239588302e-08
92874842.8367347	1.5420386175943982e-08	chr14	4.064778480878085e-08
94676666.85714287	1.6700733126205645e-08	chr14	4.4022750047719106e-08
96478490.87755102	1.726136149904424e-08	chr14	4.550055359925339e-08
98280314.89795919	1.6990449487929448e-08	chr14	4.478643574226437e-08
100082138.91836736	1.6003875384136008e-08	chr14	4.2185848998757826e-08
101883962.93877551	1.4487528497221354e-08	chr14	3.818879333157065e-08
103685786.95918368	1.2520836476569308e-08	chr14	3.300463820546098e-08
105487610.97959185	1.0091154585473266e-08	chr14	2.6600052384054482e-08
107289435.0	7.3150268471013845e-09	chr14	1.9282243243381658e-08
20000446.0	1.3936143858514182e-08	chr15	3.6735356051510805e-08
21684535.285714287	1.82224922485242e-08	chr15	4.803407224348229e-08
23368624.57142857	2.0351827315017688e-08	chr15	5.364695071364939e-08
25052713.85714286	2.0143146288514394e-08	chr15	5.309687230690922e-08
26736803.14285714	1.849855954893063e-08	chr15	4.876177932497986e-08
28420892.42857143	1.654535398179715e-08	chr15	4.3613174181484205e-08
30104981.714285716	1.501259056319923e-08	chr15	3.9572844912744244e-08
31789071.0	1.4104555210464599e-08	chr15	3.7179284518368245e-08
33473160.285714284	1.3605126421088046e-08	chr15	3.586280166727354e-08
35157249.57142857	1.3091300297027703e-08	chr15	3.4508367771673897e-08
36841338.85714286	1.2190568399764005e-08	chr15	3.21340591186587e-08
38525428.14285714	1.075163712865654e-08	chr15	2.8341069241800362e-08
40209517.42857143	8.909221541676223e-09	chr15	2.348450394872429e-08
41893606.71428572	7.055558881050304e-09	chr15	1.8598291627094025e-08
43577696.0	5.6485406008581476e-09	chr15	1.4889423663430942e-08
45261785.28571428	4.930739330908299e-09	chr15	1.2997315954617032e-08
46945874.57142857	4.8303434111477795e-09	chr15	1.2732674609352186e-08
48629963.85714286	5.138249739398241e-09	chr15	1.354430863908299e-08
50314053.14285714	5.7205645124748876e-09	chr15	1.5079277044992227e-08
51998142.42857143	6.54116645202282e-09	chr15	1.7242364964570263e-08
53682231.71428572	7.564463817250956e-09	chr15	1.9939753384198438e-08
55366321.0	8.69933456415239e-09	chr15	2.2931246682712146e-08
57050410.28571428	9.776533908866831e-09	chr15	2.577071948582643e-08
58734499.57142857	1.0526139358905326e-08	chr15	2.774666228498845e-08
60418588.85714286	1.0670367606090978e-08	chr15	2.8126844641516957e-08
62102678.14285714	1.0166575822206615e-08	chr15	2.679886103681908e-08
63786767.428571425	9.345029997243655e-09	chr15	2.463328505690349e-08
65470856.71428572	8.693636181161147e-09	chr15	2.2916225875649132e-08
67154946.0	8.449363560342424e-09	chr15	2.2272328841396775e-08
68839035.28571428	8.422030429343606e-09	chr15	2.2200279334055424e-08
70523124.57142857	8.234093733320231e-09	chr15	2.1704882507382645e-08
72207213.85714287	7.726297847214783e-09	chr15	2.0366344180930204e-08
73891303.14285713	7.133550378820102e-09	chr15	1.8803875429087698e-08
75575392.42857143	6.867059008163944e-09	chr15	1.810141027910805e-08
77259481.71428572	7.1100967544299475e-09	chr15	1.8742052212320002e-08
78943571.0	7.637315724967013e-09	chr15	2.0131789344515117e-08
80627660.28571428	8.082029289850858e-09	chr15	2.1304044116911422e-08
82311749.57142857	8.379566550113424e-09	chr15	2.208834552089404e-08
83995838.85714287	8.857474057751542e-09	chr15	2.3348098766197304e-08
85679928.14285713	9.87700728739516e-09	chr15	2.6035565010629293e-08
87364017.42857143	1.1512236055908034e-08	chr15	3.034599059512799e-08
89048106.71428572	1.3599333499989824e-08	chr15	3.5847531659925596e-08
90732196.0	1.589438881434691e-08	chr15	4.1897244908207784e-08
92416285.28571428	1.8051652195070424e-08	chr15	4.758374177508307e-08
94100374.57142857	1.9597962970679405e-08	chr15	5.1659781566648485e-08
95784463.85714285	2.0096408950052083e-08	chr15	5.297367375308086e-08
97468553.14285713	1.9301911887005475e-08	chr15	5.087939769011774e-08
99152642.42857143	1.7157828727111636e-08	chr15	4.522764358350176e-08
100836731.71428572	1.3831300334599755e-08	chr15	3.645899092355337e-08
102520821.0	9.850781551383717e-09	chr15	2.5966434571113578e-08
60179.0	8.558207077960938e-09	chr16	2.2559237861152066e-08
1901660.7959183673	1.1918489626308203e-08	chr16	3.141686570285947e-08
3743142.5918367347	1.4826136416644269e-08	chr16	3.90813560525175e-08
5584624.387755102	1.678146278178446e-08	chr16	4.423555157098924e-08
7426106.183673469	1.7532184593431816e-08	chr16	4.621443707378579e-08
9267587.979591837	1.7155838091398272e-08	chr16	4.522239631335001e-08
11109069.775510203	1.6014324053274065e-08	chr16	4.221339145131485e-08
12950551.57142857	1.4565739486650704e-08	chr16	3.839495570855221e-08
14792033.367346939	1.3180765344854946e-08	chr16	3.474419558885672e-08
16633515.163265307	1.2076106003861174e-08	chr16	3.1832338864427065e-08
18474996.959183674	1.1358566779416253e-08	chr16	2.994092190156289e-08
20316478.755102042	1.1080219740734494e-08	chr16	2.9207205482181136e-08
22157960.551020406	1.1167445923409716e-08	chr16	2.9437131702096752e-08
23999442.346938774	1.128459208535286e-08	chr16	2.9745926302148203e-08
25840924.14285714	1.0926036955064925e-08	chr16	2.8800783190183555e-08
27682405.93877551	9.792331675871862e-09	chr16	2.581236203785807e-08
29523887.734693877	8.040082813747528e-09	chr16	2.1193474166543078e-08
31365369.530612245	6.094462954876481e-09	chr16	1.6064864776302594e-08
33206851.326530613	4.292702413582374e-09	chr16	1.1315465252591116e-08
35048333.12244898	2.7766433174827615e-09	chr16	7.319168195401533e-09
36889814.91836735	1.6125284018228851e-09	chr16	4.250587937777859e-09
38731296.71428572	8.66851909175404e-10	chr16	2.2850017803192706e-09
40572778.510204084	5.882571635601885e-10	chr16	1.5506324111338006e-09
42414260.30612245	8.156954078342344e-10	chr16	2.1501544143479914e-09
44255742.10204081	1.6141443455617313e-09	chr16	4.254847528465814e-09
46097223.89795918	3.0371225504707145e-09	chr16	8.005785488175165e-09
47938705.69387755	5.009719609349961e-09	chr16	1.3205506159817112e-08
49780187.489795916	7.250589079926414e-09	chr16	1.911238676483428e-08
51621669.28571428	9.323189055955729e-09	chr16	2.4575712835860297e-08
53463151.08163265	1.0782697039095025e-08	chr16	2.842294245439559e-08
55304632.87755102	1.1340673856957669e-08	chr16	2.989375656773803e-08
57146114.67346939	1.0989150736078205e-08	chr16	2.8967149671530075e-08
58987596.469387755	1.000268752983227e-08	chr16	2.636685525141902e-08
60829078.26530612	8.771516112505768e-09	chr16	2.312151559110109e-08
62670560.06122449	7.586315105851876e-09	chr16	1.9997352880521715e-08
64512041.85714286	6.579223881925919e-09	chr16	1.7342683478220052e-08
66353523.653061226	5.8560604424672e-09	chr16	1.5436441213382844e-08
68195005.44897959	5.623532395375383e-09	chr16	1.4823502606505469e-08
70036487.24489796	6.133915919182221e-09	chr16	1.6168861886677818e-08
71877969.04081632	7.524069708982296e-09	chr16	1.9833275439890628e-08
73719450.8367347	9.748722047619722e-09	chr16	2.5697408056514253e-08
75560932.63265306	1.2626453294610113e-08	chr16	3.3283041719025905e-08
77402414.42857143	1.5864490357044616e-08	chr16	4.181843325948046e-08
79243896.2244898	1.9044306934473088e-08	chr16	5.020035693479945e-08
81085378.02040817	2.1635192243444227e-08	chr16	5.702987127391383e-08
82926859.81632653	2.302132304130731e-08	chr16	6.068368031251355e-08
84768341.6122449	2.2591684636138707e-08	chr16	5.9551163315881844e-08
86609823.40816326	2.0038233477800756e-08	chr16	5.282032454053584e-08
88451305.20408162	1.5729863456111362e-08	chr16	4.1463559831787395e-08
90292787.0	1.072363278162161e-08	chr16	2.8267250424359716e-08
51.0	1.1977584383873237e-08	chr17	3.157263813043835e-08
1656995.2857142857	1.5492231924794206e-08	chr17	4.083716855736981e-08
3313939.5714285714	1.7762770560203766e-08	chr17	4.6822256401416685e-08
4970883.857142857	1.8876315237713987e-08	chr17	4.975753466941556e-08
6627828.142857143	1.9403220208553606e-08	chr17	5.1146444105599296e-08
8284772.428571428	1.9758353691754067e-08	chr17	5.2082567834202444e-08
9941716.714285715	1.9886139084076025e-08	chr17	5.24194072018774e-08
11598661.0	1.941637503665444e-08	chr17	5.118111993120692e-08
13255605.285714285	1.8016295628819097e-08	chr17	4.749054267616534e-08
14912549.57142857	1.568417882442839e-08	chr17	4.134313618892074e-08
16569493.857142856	1.282641870674674e-08	chr17	3.381014596589677e-08
18226438.14285714	1.0027456857224692e-08	chr17	2.643214663116903e-08
19883382.42857143	7.695481921588024e-09	chr17	2.0285114106711053e-08
21540326.714285713	5.954420519380674e-09	chr17	1.5695716123526867e-08
23197271.0	4.839665994744587e-09	chr17	1.2757248726211598e-08
24854215.285714284	4.473800545200355e-09	chr17	1.1792835780105116e-08
26511159.57142857	5.007591082586123e-09	chr17	1.3199895412014233e-08
28168103.85714286	6.420843834488382e-09	chr17	1.6925197300325975e-08
29825048.14285714	8.35605659787572e-09	chr17	2.2026373825210197e-08
31481992.42857143	1.0135803786856847e-08	chr17	2.6717746656364924e-08
33138936.714285713	1.1057703166283692e-08	chr17	2.9147852307593662e-08
34795881.0	1.080576958598812e-08	chr17	2.8483761159608306e-08
36452825.28571428	9.625259394632246e-09	chr17	2.537196333072749e-08
38109769.57142857	8.11733233789564e-09	chr17	2.1397102143062345e-08
39766713.85714286	6.865408409652741e-09	chr17	1.8097059339233812e-08
41423658.14285714	6.1962292484697514e-09	chr17	1.633311839560686e-08
43080602.428571425	6.17089058134218e-09	chr17	1.6266326249353764e-08
44737546.71428572	6.664968984754084e-09	chr17	1.7568705605577876e-08
46394491.0	7.4257740339559285e-09	chr17	1.9574170291646115e-08
48051435.28571428	8.186817390711637e-09	chr17	2.1580263150968723e-08
49708379.57142857	8.844125208508404e-09	chr17	2.3312911505301958e-08
51365323.85714286	9.442723696686738e-09	chr17	2.489080341129665e-08
53022268.14285714	9.910609757367336e-09	chr17	2.612414035192673e-08
54679212.428571425	9.961991195159278e-09	chr17	2.6259580645230848e-08
56336156.71428572	9.429592522450492e-09	chr17	2.4856189936734373e-08
57993101.0	8.588039261698216e-09	chr17	2.2637874814279775e-08
59650045.28571428	7.988234510259371e-09	chr17	2.1056803225955695e-08
61306989.57142857	8.018463632119514e-09	chr17	2.113648649888477e-08
62963933.85714286	8.706500556822932e-09	chr17	2.2950136075279237e-08
64620878.14285714	9.877083746110953e-09	chr17	2.60357665540531e-08
66277822.428571425	1.138898099084404e-08	chr17	3.002109306635344e-08
67934766.71428572	1.3177035440718575e-08	chr17	3.4734363646973895e-08
69591711.0	1.51109100842288e-08	chr17	3.983201291850709e-08
71248655.28571428	1.6937637802128633e-08	chr17	4.464722534796379e-08
72905599.57142857	1.839144775976436e-08	chr17	4.847943510176539e-08
74562543.85714285	1.9198031542960693e-08	chr17	5.060557148223835e-08
76219488.14285713	1.8930494737997672e-08	chr17	4.99003505913679e-08
77876432.42857143	1.7135476147775367e-08	chr17	4.516872269628045e-08
79533376.71428572	1.381659220267461e-08	chr17	3.642022062463796e-08
81190321.0	9.689553879892645e-09	chr17	2.5541442121429438e-08
10718.0	1.3586346073029891e-08	chr18	3.5813297099891644e-08
1602684.4081632653	1.868774592796298e-08	chr18	4.92604702874446e-08
3194650.8163265307	2.263582079142878e-08	chr18	5.966750521043935e-08
4786617.224489796	2.4739769977005793e-08	chr18	6.521346707988708e-08
6378583.632653061	2.501759242643825e-08	chr18	6.59458006940216e-08
7970550.040816327	2.3882728471487862e-08	chr18	6.29543252989353e-08
9562516.448979592	2.1688191569188558e-08	chr18	5.716957628280827e-08
11154482.857142858	1.8600491036826804e-08	chr18	4.903046839268337e-08
12746449.265306123	1.4862389802583842e-08	chr18	3.917691914759487e-08
14338415.673469387	1.1059466603352151e-08	chr18	2.915250068732065e-08
15930382.081632653	8.025300547080646e-09	chr18	2.1154508450146248e-08
17522348.48979592	6.4148395265601615e-09	chr18	1.6909370082135245e-08
19114314.897959184	6.297869005306848e-09	chr18	1.6601038466919745e-08
20706281.30612245	7.1165683420641655e-09	chr18	1.8759111169114302e-08
22298247.714285716	8.050334170118777e-09	chr18	2.1220496507165566e-08
23890214.12244898	8.501216060204697e-09	chr18	2.2409010843530227e-08
25482180.530612245	8.347293005555473e-09	chr18	2.2003273196554025e-08
27074146.93877551	7.840232481683186e-09	chr18	2.0666673268107247e-08
28666113.346938774	7.315626396903036e-09	chr18	1.928382364292818e-08
30258079.755102042	6.974551681678015e-09	chr18	1.8384758504740476e-08
31850046.163265307	6.841009920794893e-09	chr18	1.803274548136815e-08
33442012.57142857	6.835220659087579e-09	chr18	1.8017485120090837e-08
35033978.97959184	6.8791512550385095e-09	chr18	1.8133285164938003e-08
36625945.3877551	6.9731730782443835e-09	chr18	1.8381124537661602e-08
38217911.79591837	7.201193803441723e-09	chr18	1.8982181947249868e-08
39809878.20408163	7.669840537797304e-09	chr18	2.0217524006266585e-08
41401844.6122449	8.411750513562143e-09	chr18	2.2173181711481667e-08
42993811.02040816	9.286647932682031e-09	chr18	2.4479391271759813e-08
44585777.42857143	9.973554911972065e-09	chr18	2.629006233792212e-08
46177743.8367347	1.0153164192440778e-08	chr18	2.6763508287903672e-08
47769710.24489796	9.792373580489614e-09	chr18	2.5812472497470786e-08
49361676.653061226	9.261236521510501e-09	chr18	2.4412407373872797e-08
50953643.06122449	9.11918143724143e-09	chr18	2.403795342502356e-08
52545609.469387755	9.706921867376293e-09	chr18	2.5587223738682204e-08
54137575.87755102	1.0865726336199495e-08	chr18	2.864180578006196e-08
55729542.28571428	1.2033695479278405e-08	chr18	3.172054569289436e-08
57321508.69387755	1.26665007349204e-08	chr18	3.3388605854534686e-08
58913475.10204082	1.2620174574958792e-08	chr18	3.326649115781754e-08
60505441.510204084	1.2181749337930429e-08	chr18	3.211081227363573e-08
62097407.91836735	1.1810664012818444e-08	chr18	3.1132639855075974e-08
63689374.32653061	1.1867749867781728e-08	chr18	3.128311686140366e-08
65281340.73469388	1.2489457137874526e-08	chr18	3.2921922987297564e-08
66873307.14285714	1.3601737506911167e-08	chr18	3.585386856711473e-08
68465273.55102041	1.4992169492091864e-08	chr18	3.951901543697976e-08
70057239.95918368	1.6346112570872184e-08	chr18	4.3087978385226516e-08
71649206.36734694	1.723927383779034e-08	chr18	4.5442331030030164e-08
73241172.7755102	1.7175818731831877e-08	chr18	4.5275064823945014e-08
74833139.18367347	1.5755045569041938e-08	chr18	4.1529939304762546e-08
76425105.59183674	1.2950337601467622e-08	chr18	3.4136793334444143e-08
78017072.0	9.295415167662783e-09	chr18	2.4502501502385654e-08
64704.0	1.7358348714522273e-08	chr19	4.575620967809427e-08
1269889.2653061224	2.2634373968061137e-08	chr19	5.966369141717676e-08
2475074.5306122447	2.6134030691193272e-08	chr19	6.888870639173009e-08
3680259.795918367	2.757325902585707e-08	chr19	7.268247932131969e-08
4885445.0612244895	2.7465490733493202e-08	chr19	7.239840457071131e-08
6090630.326530612	2.6407286928253264e-08	chr19	6.96090035746242e-08
7295815.591836734	2.458106401211745e-08	chr19	6.47951217910567e-08
8501000.857142856	2.1984277224340805e-08	chr19	5.7950051288964124e-08
9706186.122448979	1.8989187785971846e-08	chr19	5.0055064121665054e-08
10911371.387755102	1.643283191787061e-08	chr19	4.331656859790543e-08
12116556.653061224	1.505298600450084e-08	chr19	3.9679326370896384e-08
13321741.918367347	1.4905636405152317e-08	chr19	3.92909162015504e-08
14526927.183673467	1.5368560371044022e-08	chr19	4.05111731739567e-08
15732112.44897959	1.562525462559689e-08	chr19	4.118781335025739e-08
16937297.714285713	1.5124747653224355e-08	chr19	3.9868488433477356e-08
18142482.979591835	1.3751470777447905e-08	chr19	3.6248562039123044e-08
19347668.244897958	1.175630539746854e-08	chr19	3.0989351789911106e-08
20552853.51020408	9.54990675303153e-09	chr19	2.517333549316157e-08
21758038.775510203	7.475418304691185e-09	chr19	1.9705031452372656e-08
22963224.040816326	5.732072318733608e-09	chr19	1.510961135874342e-08
24168409.30612245	4.487974395483045e-09	chr19	1.1830197724846905e-08
25373594.57142857	3.9815389025288706e-09	chr19	1.0495245363586085e-08
26578779.836734693	4.4159970160003146e-09	chr19	1.1640467000925207e-08
27783965.102040816	5.731437175257938e-09	chr19	1.5107937135087334e-08
28989150.367346935	7.538777923111518e-09	chr19	1.9872045955494105e-08
30194335.632653058	9.34280870801422e-09	chr19	2.4627429789365704e-08
31399520.89795918	1.0825852492982324e-08	chr19	2.853669924251499e-08
32604706.163265303	1.187610097885453e-08	chr19	3.130513019893804e-08
33809891.428571425	1.240200840870388e-08	chr19	3.269141013991668e-08
35015076.69387755	1.228724279278188e-08	chr19	3.238889060465873e-08
36220261.95918367	1.1595060345537907e-08	chr19	3.056431352578632e-08
37425447.22448979	1.0680521705473722e-08	chr19	2.8153610614945083e-08
38630632.489795916	9.96633923396472e-09	chr19	2.627104197594509e-08
39835817.75510204	9.656063608580036e-09	chr19	2.5453162533229093e-08
41041003.02040816	9.743679009038086e-09	chr19	2.568411472230655e-08
42246188.28571428	1.0209927074350262e-08	chr19	2.691313394465813e-08
43451373.551020406	1.1073404488422503e-08	chr19	2.9189240633166688e-08
44656558.81632653	1.2296552592271324e-08	chr19	3.2413431022903905e-08
45861744.08163265	1.379880297219747e-08	chr19	3.6373328620501466e-08
47066929.346938774	1.5612379340032932e-08	chr19	4.1153874392375015e-08
48272114.6122449	1.7952561808500122e-08	chr19	4.732254178540889e-08
49477299.87755102	2.1053071308282243e-08	chr19	5.5495413820308447e-08
50682485.14285714	2.486019372107057e-08	chr19	6.553090131134938e-08
51887670.408163264	2.8794366609273595e-08	chr19	7.59012909459285e-08
53092855.67346939	3.176051764769014e-08	chr19	8.371999715368771e-08
54298040.93877551	3.251005222090544e-08	chr19	8.569575312316697e-08
55503226.20408163	3.02716233143688e-08	chr19	7.979530578906601e-08
56708411.469387755	2.5271565351839996e-08	chr19	6.661526750900262e-08
57913596.73469387	1.8710010568783087e-08	chr19	4.931915937075123e-08
59118782.0	1.216928921061759e-08	chr19	3.2077967663395527e-08
11007.0	4.322779113853867e-09	chr1	1.1394746745703205e-08
5097323.959183673	5.917258215748939e-09	chr1	1.55977571422286e-08
10183640.918367347	6.790077590609427e-09	chr1	1.7898489025429437e-08
15269957.87755102	6.759289540953698e-09	chr1	1.781733243163152e-08
20356274.836734693	6.0192299707458995e-09	chr1	1.5866552353087608e-08
25442591.795918368	5.042116782371397e-09	chr1	1.329090436595559e-08
30528908.75510204	4.279811366453611e-09	chr1	1.1281484747584878e-08
35615225.71428572	3.838892897103185e-09	chr1	1.0119233760101029e-08
40701542.67346939	3.5721791494599376e-09	chr1	9.416182429476197e-09
45787859.63265306	3.433822911483357e-09	chr1	9.051478554744586e-09
50874176.591836736	3.5080974616455792e-09	chr1	9.247264567968617e-09
55960493.551020406	3.7220648358263063e-09	chr1	9.811277666120853e-09
61046810.51020408	3.810539721061792e-09	chr1	1.0044495437388079e-08
66133127.469387755	3.633907369459107e-09	chr1	9.57889660372104e-09
71219444.42857143	3.351171632149172e-09	chr1	8.833611675263488e-09
76305761.3877551	3.203983403091561e-09	chr1	8.445626874308718e-09
81392078.34693877	3.2351120399617892e-09	chr1	8.527681248204076e-09
86478395.30612245	3.3018963768767893e-09	chr1	8.703723230846049e-09
91564712.26530612	3.3069188409596343e-09	chr1	8.71696233114613e-09
96651029.2244898	3.3078192645775727e-09	chr1	8.719335827181904e-09
101737346.18367347	3.3901784591039634e-09	chr1	8.936432777798857e-09
106823663.14285713	3.486608080720736e-09	chr1	9.190619051991227e-09
111909980.10204081	3.3613615415939244e-09	chr1	8.86047204319496e-09
116996297.06122449	2.8268301893870125e-09	chr1	7.451459640383129e-09
122082614.02040815	1.9998225482054373e-09	chr1	5.271486437999417e-09
127168930.97959183	1.294518324488066e-09	chr1	3.4123206568523752e-09
132255247.93877551	1.1304726939936116e-09	chr1	2.9799001317709945e-09
137341564.89795917	1.6234875540617186e-09	chr1	4.279476012097665e-09
142427881.85714287	2.497392408802621e-09	chr1	6.5830691954040834e-09
147514198.81632653	3.3210577485367587e-09	chr1	8.75423216771629e-09
152600515.7755102	3.876376206848521e-09	chr1	1.0218038906163207e-08
157686832.73469388	4.198486680719488e-09	chr1	1.106711473845247e-08
162773149.69387755	4.299281090861538e-09	chr1	1.1332806495236974e-08
167859466.6530612	4.103649919940476e-09	chr1	1.0817127208949425e-08
172945783.6122449	3.65995646306029e-09	chr1	9.647561417888696e-09
178032100.57142857	3.1774026589042136e-09	chr1	8.375560641371565e-09
183118417.53061223	2.842641863356288e-09	chr1	7.493138850854028e-09
188204734.48979592	2.7498391161345642e-09	chr1	7.248512934505899e-09
193291051.4489796	2.944542495592048e-09	chr1	7.761746583743332e-09
198377368.40816325	3.363190922694961e-09	chr1	8.8652942498816e-09
203463685.36734694	3.782271997538914e-09	chr1	9.969982365556937e-09
208550002.3265306	3.987920831742916e-09	chr1	1.0512067982838127e-08
213636319.28571427	3.987089398892782e-09	chr1	1.050987634488629e-08
218722636.24489796	4.006159080351864e-09	chr1	1.0560143588486841e-08
223808953.20408162	4.316123058485791e-09	chr1	1.1377201536187055e-08
228895270.1632653	4.979420199757708e-09	chr1	1.3125637610035894e-08
233981587.12244898	5.661875910215157e-09	chr1	1.4924575233496537e-08
239067904.08163264	5.777644274391843e-09	chr1	1.522973799018933e-08
244154221.0408163	4.963730103135091e-09	chr1	1.3084278874666475e-08
249240538.0	3.446704806533116e-09	chr1	9.085434935080169e-09
61097.0	1.491335913671795e-08	chr20	3.931127314509476e-08
1344811.3673469387	1.9170641476737626e-08	chr20	5.053337189494979e-08
2628525.7346938774	2.2074013631245408e-08	chr20	5.818659440246032e-08
3912240.102040816	2.3410349621480588e-08	chr20	6.170914546853201e-08
5195954.469387755	2.341908984764757e-08	chr20	6.173218450454331e-08
6479668.8367346935	2.2524196076685096e-08	chr20	5.937326501875589e-08
7763383.204081632	2.1180275563230168e-08	chr20	5.583072132317441e-08
9047097.57142857	1.9751172126130155e-08	chr20	5.2063637391686917e-08
10330811.93877551	1.8431898520475716e-08	chr20	4.8586062380614714e-08
11614526.306122448	1.7330089934385753e-08	chr20	4.5681720180824754e-08
12898240.673469387	1.658452979886549e-08	chr20	4.371644073808875e-08
14181955.040816326	1.628612777009095e-08	chr20	4.292985982411312e-08
15465669.408163264	1.6275668565542005e-08	chr20	4.2902289600454277e-08
16749383.775510203	1.6134322341585575e-08	chr20	4.252970419115515e-08
18033098.14285714	1.5453163124854495e-08	chr20	4.0734184095465475e-08
19316812.51020408	1.4112277148084249e-08	chr20	3.719963936908917e-08
20600526.87755102	1.230563421543354e-08	chr20	3.24373699735761e-08
21884241.244897958	1.0335174502717436e-08	chr20	2.7243283297471624e-08
23167955.612244897	8.40303596743261e-09	chr20	2.215021036746098e-08
24451669.979591835	6.595316386384939e-09	chr20	1.738510295143046e-08
25735384.346938774	5.0229109929583085e-09	chr20	1.324027834490536e-08
27019098.714285713	3.891072627222683e-09	chr20	1.0256778333698439e-08
28302813.08163265	3.3693417798893554e-09	chr20	8.881507768581756e-09
29586527.44897959	3.420494593209053e-09	chr20	9.016345413012896e-09
30870241.81632653	3.8250794031983054e-09	chr20	1.0082821706518424e-08
32153956.183673467	4.394647370019375e-09	chr20	1.1584189823059798e-08
33437670.551020406	5.1269733799067704e-09	chr20	1.3514584413709778e-08
34721384.91836734	6.1345649595125145e-09	chr20	1.6170572742124428e-08
36005099.28571428	7.463481864306548e-09	chr20	1.9673567268881943e-08
37288813.653061226	9.020402247347381e-09	chr20	2.3777573742661083e-08
38572528.02040816	1.063235339459243e-08	chr20	2.80266400505918e-08
39856242.387755096	1.2112465544462232e-08	chr20	3.1928181780761e-08
41139956.75510204	1.329874604929575e-08	chr20	3.5055190023819665e-08
42423671.12244898	1.4116594049563565e-08	chr20	3.721101862252484e-08
43707385.489795916	1.4623275156168495e-08	chr20	3.854661841574411e-08
44991099.85714285	1.4962643756316018e-08	chr20	3.944118627366024e-08
46274814.22448979	1.528951228799965e-08	chr20	4.0302804237376706e-08
47558528.591836736	1.5749016886808658e-08	chr20	4.151404783646189e-08
48842242.95918367	1.6470123036281334e-08	chr20	4.3414867132011054e-08
50125957.326530606	1.7525609561579362e-08	chr20	4.619710544040126e-08
51409671.69387755	1.8912057095250942e-08	chr20	4.985174938733843e-08
52693386.06122449	2.056674776994284e-08	chr20	5.4213476110816894e-08
53977100.428571425	2.2349792739693638e-08	chr20	5.8913541816556116e-08
55260814.79591836	2.3999062077932006e-08	chr20	6.326097802130018e-08
56544529.1632653	2.51508397599906e-08	chr20	6.629703761369286e-08
57828243.530612245	2.540595260459096e-08	chr20	6.696950922957548e-08
59111957.89795918	2.4363237586602808e-08	chr20	6.422093632196659e-08
60395672.265306115	2.172230416706288e-08	chr20	5.725949630957304e-08
61679386.63265306	1.7566015677033456e-08	chr20	4.630361503537489e-08
62963101.0	1.2575995522721056e-08	chr20	3.31500361878884e-08
9411244.0	1.9928294088715633e-08	chr21	5.253052682869174e-08
10201211.122448979	2.1035594359551467e-08	chr21	5.544934498370364e-08
10991178.24489796	1.8138452284159657e-08	chr21	4.781254482206423e-08
11781145.367346939	1.3556464425224909e-08	chr21	3.573452976061427e-08
12571112.48979592	1.0581891184197404e-08	chr21	2.7893622819654205e-08
13361079.612244898	1.1223754853058192e-08	chr21	2.958556075108741e-08
14151046.734693877	1.5233482093048164e-08	chr21	4.015510992666386e-08
14941013.857142858	2.0679098063015014e-08	chr21	5.450962891035737e-08
15730980.979591837	2.5390742910043205e-08	chr21	6.692941682307345e-08
16520948.102040816	2.825522853543682e-08	chr21	7.448013533040148e-08
17310915.224489797	2.942942067231289e-08	chr21	7.75752789123669e-08
18100882.346938774	2.9561045671136607e-08	chr21	7.792223939484747e-08
18890849.469387755	2.9080061199321758e-08	chr21	7.665437534244165e-08
19680816.591836736	2.8186968168711472e-08	chr21	7.430020256698284e-08
20470783.714285716	2.7082981068526013e-08	chr21	7.139011785392853e-08
21260750.836734697	2.5891790038498415e-08	chr21	6.825016557891698e-08
22050717.959183674	2.4501766957918263e-08	chr21	6.458609657221444e-08
22840685.08163265	2.2785163988597565e-08	chr21	6.006117045798303e-08
23630652.204081632	2.09731668195625e-08	chr21	5.528478741798121e-08
24420619.326530613	1.9620855860218932e-08	chr21	5.1720126699191634e-08
25210586.448979594	1.9211332771830334e-08	chr21	5.064063321691974e-08
26000553.571428575	1.9896986698939783e-08	chr21	5.2448001266230884e-08
26790520.69387755	2.1420981616303145e-08	chr21	5.646521696652897e-08
27580487.816326533	2.299649337113302e-08	chr21	6.061822987057247e-08
28370454.93877551	2.3476552103404924e-08	chr21	6.188365369474398e-08
29160422.06122449	2.217611472048466e-08	chr21	5.8455730535420045e-08
29950389.18367347	1.9651314268785864e-08	chr21	5.180041436662878e-08
30740356.306122452	1.7390371138380006e-08	chr21	4.5840620054019564e-08
31530323.42857143	1.662188916437765e-08	chr21	4.3814919169990794e-08
32320290.55102041	1.749641743409425e-08	chr21	4.6120155660895967e-08
33110257.67346939	1.9307417536374077e-08	chr21	5.089391045576538e-08
33900224.79591837	2.1227602380119725e-08	chr21	5.5955473728637014e-08
34690191.91836735	2.2765487302561134e-08	chr21	6.000930316421795e-08
35480159.04081633	2.376494132542001e-08	chr21	6.264384107941066e-08
36270126.1632653	2.4295695989700414e-08	chr21	6.404289821934028e-08
37060093.28571428	2.4672973776715498e-08	chr21	6.503739382565952e-08
37850060.408163264	2.5451184834542705e-08	chr21	6.708874035183935e-08
38640027.530612245	2.7194296082619974e-08	chr21	7.168354168179196e-08
39429994.653061226	3.0138900662517226e-08	chr21	7.944545191834198e-08
40219961.77551021	3.401722259767659e-08	chr21	8.966861971977234e-08
41009928.89795919	3.81216276959029e-08	chr21	1.0048773756138846e-07
41799896.02040817	4.148776515529606e-08	chr21	1.0936079881452621e-07
42589863.14285715	4.313252250734113e-08	chr21	1.1369634152699627e-07
43379830.26530612	4.243034093064594e-08	chr21	1.1184540697188618e-07
44169797.3877551	3.950367423025983e-08	chr21	1.0413078057492199e-07
44959764.510204084	3.514476304873245e-08	chr21	9.264079052631237e-08
45749731.632653065	3.013777661820435e-08	chr21	7.944248896327562e-08
46539698.755102046	2.4717533384131023e-08	chr21	6.515485193032201e-08
47329665.87755102	1.884657962275868e-08	chr21	4.967915226938555e-08
48119633.0	1.2871326696230427e-08	chr21	3.3928522397712434e-08
16050606.0	1.870398366330711e-08	chr22	4.930327258594214e-08
16768843.346938776	2.7131545965985303e-08	chr22	7.151813381141896e-08
17487080.69387755	3.494842606457761e-08	chr22	9.212325073250483e-08
18205318.040816326	4.045279708572229e-08	chr22	1.0663264668552036e-07
18923555.387755103	4.293163486419374e-08	chr22	1.1316680630030158e-07
19641792.734693877	4.308567199093308e-08	chr22	1.1357284463869491e-07
20360030.08163265	4.222269117717658e-08	chr22	1.1129804697724571e-07
21078267.42857143	4.10136019870343e-08	chr22	1.0811091556206777e-07
21796504.775510203	3.923119260296128e-08	chr22	1.0341252524561926e-07
22514742.12244898	3.6594601855919984e-08	chr22	9.64625324184781e-08
23232979.469387755	3.3527144388275085e-08	chr22	8.837678478334893e-08
23951216.81632653	3.104855516014226e-08	chr22	8.184328034156812e-08
24669454.163265307	3.0095856010147634e-08	chr22	7.933198720048573e-08
25387691.510204084	3.083560639482635e-08	chr22	8.12819522730558e-08
26105928.85714286	3.232215757643052e-08	chr22	8.520046714341289e-08
26824166.204081632	3.280336051200595e-08	chr22	8.646890706128843e-08
27542403.551020406	3.0753269717249944e-08	chr22	8.106491467660334e-08
28260640.897959184	2.6023839062871428e-08	chr22	6.859824378303467e-08
28978878.24489796	2.0074736671903077e-08	chr22	5.291654612420921e-08
29697115.591836736	1.4979806090338423e-08	chr22	3.948642579309896e-08
30415352.93877551	1.2160439214593018e-08	chr22	3.205463927655353e-08
31133590.285714284	1.188208796149941e-08	chr22	3.1320911748078655e-08
31851827.63265306	1.3503898840729547e-08	chr22	3.559596808371875e-08
32570064.97959184	1.5944018896364017e-08	chr22	4.202806866779823e-08
33288302.326530613	1.8193485871552674e-08	chr22	4.7957612098076834e-08
34006539.67346939	1.983795222532164e-08	chr22	5.229238774575541e-08
34724777.02040817	2.118362178716962e-08	chr22	5.5839541892845034e-08
35443014.36734694	2.270122896378277e-08	chr22	5.983991965481483e-08
36161251.71428572	2.4273520056851722e-08	chr22	6.398444296821475e-08
36879489.06122449	2.5089844014981434e-08	chr22	6.613625422674683e-08
37597726.408163264	2.4353343717659706e-08	chr22	6.419485631001768e-08
38315963.75510204	2.2018620804200964e-08	chr22	5.8040580178953705e-08
39034201.10204081	1.877859057285096e-08	chr22	4.9499934690884586e-08
39752438.44897959	1.5512647118051996e-08	chr22	4.089098253925743e-08
40470675.79591837	1.2986915354076853e-08	chr22	3.423321145263422e-08
41188913.14285714	1.196032230066179e-08	chr22	3.152713567442173e-08
41907150.48979592	1.3146834676514928e-08	chr22	3.465475512417791e-08
42625387.8367347	1.67953444879825e-08	chr22	4.4272143430614454e-08
43343625.18367347	2.2284025022856477e-08	chr22	5.8740179621157136e-08
44061862.530612245	2.817986881732998e-08	chr22	7.428148883932749e-08
44780099.87755102	3.2874270090789015e-08	chr22	8.665582308702013e-08
45498337.22448979	3.55061171333745e-08	chr22	9.359331161785402e-08
46216574.57142857	3.6495031263917226e-08	chr22	9.620006661828142e-08
46934811.91836734	3.707457916607109e-08	chr22	9.772774161580387e-08
47653049.26530612	3.80372176306791e-08	chr22	1.0026523456258128e-07
48371286.6122449	3.8771855133228503e-08	chr22	1.0220172219495152e-07
49089523.95918368	3.7589428394309213e-08	chr22	9.908487239058548e-08
49807761.30612245	3.3179846342897526e-08	chr22	8.746131508940315e-08
50525998.653061226	2.5871106842283026e-08	chr22	6.819564514737082e-08
51244236.0	1.7507510548997072e-08	chr22	4.614939685773009e-08
10180.0	3.88568379434277e-09	chr2	1.0242573493639707e-08
4972951.693877551	5.436044717552189e-09	chr2	1.4329289381525146e-08
9935723.387755102	6.1461375433938305e-09	chr2	1.6201077808205273e-08
14898495.081632651	5.957969796787702e-09	chr2	1.5705071937487778e-08
19861266.775510203	5.385967020646423e-09	chr2	1.4197285719339279e-08
24824038.469387755	4.982854388442326e-09	chr2	1.3134690052760243e-08
29786810.163265303	4.939579880436186e-09	chr2	1.3020619440710103e-08
34749581.85714286	5.092662184690388e-09	chr2	1.342414088889953e-08
39712353.551020406	5.182710922627746e-09	chr2	1.3661507299845198e-08
44675125.244897954	5.053618676094885e-09	chr2	1.3321223094399313e-08
49637896.93877551	4.7068810541737645e-09	chr2	1.2407230663850127e-08
54600668.63265306	4.30315219902525e-09	chr2	1.1343010647702076e-08
59563440.326530606	4.058616537233591e-09	chr2	1.069842024346911e-08
64526212.02040816	4.0488472071937884e-09	chr2	1.0672668513217158e-08
69488983.71428572	4.1381862833982545e-09	chr2	1.0908164272087288e-08
74451755.40816326	4.108389067146221e-09	chr2	1.0829619492449874e-08
79414527.10204081	3.831463043987875e-09	chr2	1.0099648837444352e-08
84377298.79591836	3.347452395960028e-09	chr2	8.823807853845241e-09
89340070.48979591	2.827073630809213e-09	chr2	7.452101346396859e-09
94302842.18367347	2.478493082925163e-09	chr2	6.533251005215283e-09
99265613.87755102	2.424471879618018e-09	chr2	6.390852350467857e-09
104228385.57142857	2.602212457813136e-09	chr2	6.859372444052423e-09
109191157.26530612	2.8463421669756716e-09	chr2	7.502892766451971e-09
114153928.95918366	3.077633774258439e-09	chr2	8.112572146309102e-09
119116700.65306121	3.312177911489585e-09	chr2	8.730825120622123e-09
124079472.34693877	3.528980271942389e-09	chr2	9.302311177661927e-09
129042244.04081632	3.633303583584916e-09	chr2	9.577305037984316e-09
134005015.73469387	3.542953408645129e-09	chr2	9.339144046003623e-09
138967787.42857143	3.2877718059670893e-09	chr2	8.666491185402887e-09
143930559.12244898	3.010412981028982e-09	chr2	7.935379674817753e-09
148893330.81632653	2.847235909934324e-09	chr2	7.505248652422864e-09
153856102.51020408	2.8428611667056373e-09	chr2	7.493716929460522e-09
158818874.20408162	3.0071882811207073e-09	chr2	7.926879439710223e-09
163781645.89795917	3.3425951466570655e-09	chr2	8.811004255921252e-09
168744417.59183672	3.708160671455298e-09	chr2	9.774626607266027e-09
173707189.28571427	3.813590948881699e-09	chr2	1.0052538404043455e-08
178669960.97959182	3.5275208314580713e-09	chr2	9.29846412596874e-09
183632732.67346936	3.070045057685698e-09	chr2	8.092568463216856e-09
188595504.36734694	2.7728749155624582e-09	chr2	7.309234774241923e-09
193558276.0612245	2.7723594934653137e-09	chr2	7.3078761333978236e-09
198521047.75510204	3.00767411552321e-09	chr2	7.92816008806885e-09
203483819.4489796	3.367547932982518e-09	chr2	8.876779229217237e-09
208446591.14285713	3.755523762366847e-09	chr2	9.89947463021987e-09
213409362.83673468	4.113209555701239e-09	chr2	1.0842326189884159e-08
218372134.53061223	4.442833021461226e-09	chr2	1.1711206096733592e-08
223334906.22448978	4.78794774003069e-09	chr2	1.2620920591214841e-08
228297677.91836733	5.126982099160035e-09	chr2	1.3514607397461698e-08
233260449.61224487	5.218401691052393e-09	chr2	1.3755587348038043e-08
238223221.30612242	4.687451314087168e-09	chr2	1.2356014313953352e-08
243185993.0	3.461546308108178e-09	chr2	9.12455679333839e-09
60196.0	5.746787249443717e-09	chr3	1.5148399579100295e-08
4099016.0816326533	7.602401167902753e-09	chr3	2.00397553716918e-08
8137836.1632653065	8.33004016232938e-09	chr3	2.195779509692719e-08
12176656.24489796	7.97635681347907e-09	chr3	2.102549388926069e-08
16215476.326530613	7.158191441677941e-09	chr3	1.886882870646201e-08
20254296.408163264	6.438909198820232e-09	chr3	1.697281718697958e-08
24293116.48979592	5.963881869624564e-09	chr3	1.5720656026090013e-08
28331936.571428575	5.560609103238643e-09	chr3	1.4657638249475014e-08
32370756.653061226	5.044474103606981e-09	chr3	1.3297118210746237e-08
36409576.73469388	4.40374116184416e-09	chr3	1.1608160850047849e-08
40448396.81632653	3.7801575826864914e-09	chr3	9.964408816429366e-09
44487216.89795919	3.3951862415939877e-09	chr3	8.949633177756494e-09
48526036.97959184	3.4841712985302853e-09	chr3	9.18419574994333e-09
52564857.06122449	4.138216143721898e-09	chr3	1.0908242983216565e-08
56603677.14285715	5.135313476230317e-09	chr3	1.353656871661737e-08
60642497.2244898	6.0240409261979925e-09	chr3	1.5879233921480907e-08
64681317.30612245	6.429910874831228e-09	chr3	1.6949097811020286e-08
68720137.38775511	6.231906738640288e-09	chr3	1.642716344262596e-08
72758957.46938775	5.486529342114109e-09	chr3	1.4462365695693355e-08
76797777.55102041	4.354436896717526e-09	chr3	1.1478195936318973e-08
80836597.63265306	3.1230443523127694e-09	chr3	8.232273390086919e-09
84875417.71428572	2.1281896344536923e-09	chr3	5.609859137542388e-09
88914237.79591838	1.5896094905869823e-09	chr3	4.190174212639001e-09
92953057.87755102	1.5584394804843736e-09	chr3	4.1080107798505995e-09
96991877.95918368	1.9566184792516436e-09	chr3	5.157601501678097e-09
101030698.04081634	2.6049002366147148e-09	chr3	6.8664573674190385e-09
105069518.12244898	3.2795108728507373e-09	chr3	8.644715554896496e-09
109108338.20408164	3.812520211687369e-09	chr3	1.0049715965320762e-08
113147158.2857143	4.141173638238821e-09	chr3	1.0916038871031916e-08
117185978.36734694	4.280021942126558e-09	chr3	1.1282039820236252e-08
121224798.4489796	4.282250458177554e-09	chr3	1.1287914137510168e-08
125263618.53061225	4.212420976433897e-09	chr3	1.1103845222838443e-08
129302438.6122449	4.129872684769961e-09	chr3	1.0886249816497542e-08
133341258.69387756	4.093170520667801e-09	chr3	1.0789503752461321e-08
137380078.77551022	4.1468863359099246e-09	chr3	1.0931097411263215e-08
141418898.85714287	4.262541149487932e-09	chr3	1.1235960851178379e-08
145457718.9387755	4.306641782134201e-09	chr3	1.1352209108860349e-08
149496539.02040818	4.1326806560870026e-09	chr3	1.0893651564582321e-08
153535359.10204083	3.754138488899384e-09	chr3	9.89582308108457e-09
157574179.18367347	3.4105236885496492e-09	chr3	8.990062336680049e-09
161612999.26530612	3.414474885500422e-09	chr3	9.000477601353684e-09
165651819.3469388	3.8848368251525745e-09	chr3	1.0240340902251273e-08
169690639.42857143	4.61260705383097e-09	chr3	1.2158726557968856e-08
173729459.51020408	5.269804180603429e-09	chr3	1.3891083133297016e-08
177768279.59183675	5.786430649063269e-09	chr3	1.5252898672601462e-08
181807099.6734694	6.355944170970929e-09	chr3	1.6754123273597963e-08
185845919.75510204	6.980595530551734e-09	chr3	1.840068995195799e-08
189884739.8367347	7.207655239551171e-09	chr3	1.899921414485736e-08
193923559.91836736	6.504580221092391e-09	chr3	1.7145924497719672e-08
197962380.0	4.865471001278273e-09	chr3	1.2825270132459309e-08
10455.0	5.583017970042021e-09	chr4	1.4716707509170551e-08
3909096.326530612	7.768735221142678e-09	chr4	2.0478208126721774e-08
7807737.653061224	8.798547050347745e-09	chr4	2.3192768524201705e-08
11706378.979591835	8.482731257875393e-09	chr4	2.236028532792112e-08
15605020.306122448	7.487149499333434e-09	chr4	1.9735954612786883e-08
19503661.63265306	6.578304389347766e-09	chr4	1.734025971684186e-08
23402302.95918367	6.020557050313591e-09	chr4	1.587005050443584e-08
27300944.285714284	5.690899703339073e-09	chr4	1.5001081287480837e-08
31199585.612244897	5.459028354876394e-09	chr4	1.438987372315044e-08
35098226.93877551	5.272147277937332e-09	chr4	1.3897259484208581e-08
38996868.26530612	5.040076093079373e-09	chr4	1.3285525155716796e-08
42895509.591836736	4.698798193560223e-09	chr4	1.2385924428383005e-08
46794150.91836734	4.3587840637241475e-09	chr4	1.1489654968991492e-08
50692792.244897954	4.195314309424284e-09	chr4	1.1058752440370587e-08
54591433.57142857	4.201535175448207e-09	chr4	1.1075150500742065e-08
58490074.89795918	4.195633855616481e-09	chr4	1.1059594756815108e-08
62388716.22448979	4.063874052725084e-09	chr4	1.0712278933899342e-08
66287357.551020406	3.8733242975847204e-09	chr4	1.0209994143237331e-08
70185998.87755102	3.745028414794187e-09	chr4	9.871809134378244e-09
74084640.20408162	3.716535340345048e-09	chr4	9.796702042666367e-09
77983281.53061225	3.734853448492785e-09	chr4	9.84498815623042e-09
81881922.85714285	3.7250084677186435e-09	chr4	9.81903701237527e-09
85780564.18367347	3.660383966986553e-09	chr4	9.648688308447814e-09
89679205.51020408	3.582331096430835e-09	chr4	9.442942729195989e-09
93577846.83673468	3.549059673094419e-09	chr4	9.355240019248927e-09
97476488.1632653	3.5811870316850694e-09	chr4	9.439927000727026e-09
101375129.48979591	3.6680273641894142e-09	chr4	9.668836128428784e-09
105273770.81632653	3.7802476178214385e-09	chr4	9.96464614698314e-09
109172412.14285713	3.85245978254534e-09	chr4	1.0154995759423614e-08
113071053.46938775	3.818530512500197e-09	chr4	1.006555898061807e-08
116969694.79591836	3.6951036451592358e-09	chr4	9.74020858497597e-09
120868336.12244898	3.577114548199398e-09	chr4	9.429192027525048e-09
124766977.44897959	3.550250575155038e-09	chr4	9.358379209807196e-09
128665618.77551019	3.6541958694853932e-09	chr4	9.632376625151888e-09
132564260.10204081	3.882682762578273e-09	chr4	1.0234662842636822e-08
136462901.42857143	4.145861376293025e-09	chr4	1.092839564118625e-08
140361542.75510204	4.297445432451721e-09	chr4	1.1327967741708149e-08
144260184.08163264	4.29160530008492e-09	chr4	1.1312573286537447e-08
148158825.40816325	4.250007438338842e-09	chr4	1.1202922275631002e-08
152057466.73469388	4.2987252632154124e-09	chr4	1.1331341346291112e-08
155956108.0612245	4.4253348357650405e-09	chr4	1.166508127997432e-08
159854749.3877551	4.5616978352498835e-09	chr4	1.2024531023689994e-08
163753390.7142857	4.727784422312822e-09	chr4	1.2462331463544795e-08
167652032.0408163	5.059157256986502e-09	chr4	1.3335822666787434e-08
171550673.36734694	5.7227811384125925e-09	chr4	1.508512002019981e-08
175449314.69387755	6.7288605646051886e-09	chr4	1.7737122346848088e-08
179347956.02040815	7.731168293192339e-09	chr4	2.0379182564986194e-08
183246597.34693876	8.084763281144506e-09	chr4	2.1311250855348794e-08
187145238.67346936	7.282387701287562e-09	chr4	1.9196207202504007e-08
191043880.0	5.438690865534238e-09	chr4	1.4336264567004894e-08
10042.0	5.854403333933617e-09	chr5	1.5432073113238702e-08
3701171.7551020407	7.671664285997878e-09	chr5	2.0222331364756607e-08
7392301.510204081	8.377910504959573e-09	chr5	2.208398022379452e-08
11083431.265306123	7.958754439960715e-09	chr5	2.0979094435788243e-08
14774561.020408163	6.925678904758491e-09	chr5	1.8255930984043785e-08
18465690.775510203	5.8689471852361306e-09	chr5	1.547041037219514e-08
22156820.530612245	5.1990733001167765e-09	chr5	1.3704638152182199e-08
25847950.285714284	5.052955934003881e-09	chr5	1.331947612142526e-08
29539080.040816326	5.220828627481693e-09	chr5	1.3761984696885031e-08
33230209.795918368	5.243117617154335e-09	chr5	1.3820737963209323e-08
36921339.551020406	4.777632219553946e-09	chr5	1.2593729115479729e-08
40612469.306122445	3.936585591339955e-09	chr5	1.0376749464793372e-08
44303599.06122449	3.211425313495101e-09	chr5	8.465243579701039e-09
47994728.81632653	3.0211964141025935e-09	chr5	7.963804557442279e-09
51685858.57142857	3.333519797707154e-09	chr5	8.787081843928999e-09
55376988.32653061	3.75638832287975e-09	chr5	9.901753591932091e-09
59068118.08163265	3.979749729510235e-09	chr5	1.0490529144483828e-08
62759247.83673469	4.039432333564362e-09	chr5	1.0647851121945347e-08
66450377.591836736	4.1579633104038185e-09	chr5	1.0960296062349045e-08
70141507.34693877	4.4455856502688635e-09	chr5	1.171846196323101e-08
73832637.10204081	4.7720848920242396e-09	chr5	1.2579106487153915e-08
77523766.85714285	4.865240023768531e-09	chr5	1.2824661281033374e-08
81214896.61224489	4.556309193543614e-09	chr5	1.2010326687560608e-08
84906026.36734694	3.968258293441355e-09	chr5	1.0460237982178153e-08
88597156.12244898	3.4302364363693064e-09	chr5	9.04202468847985e-09
92288285.87755102	3.193580476933578e-09	chr5	8.418204999199586e-09
95979415.63265306	3.2802674621225138e-09	chr5	8.646709906889819e-09
99670545.3877551	3.593660386334392e-09	chr5	9.472806477923273e-09
103361675.14285713	4.056704462362755e-09	chr5	1.0693380057899096e-08
107052804.89795919	4.600400301981755e-09	chr5	1.2126549839648072e-08
110743934.65306123	5.114369577163408e-09	chr5	1.3481361078325106e-08
114435064.40816326	5.4716581214302805e-09	chr5	1.4423165498545042e-08
118126194.1632653	5.5852038045391616e-09	chr5	1.472246931884598e-08
121817323.91836734	5.437755719640565e-09	chr5	1.4333799543845478e-08
125508453.67346938	5.091807101356367e-09	chr5	1.3421886908813798e-08
129199583.42857142	4.693355141366115e-09	chr5	1.237157666745376e-08
132890713.18367347	4.426600011436228e-09	chr5	1.1668416254069065e-08
136581842.9387755	4.414960803236317e-09	chr5	1.1637735567810205e-08
140272972.69387755	4.648898813725941e-09	chr5	1.2254390805913829e-08
143964102.4489796	4.985806153330836e-09	chr5	1.3142470837406314e-08
147655232.20408162	5.238511414786449e-09	chr5	1.380859611925683e-08
151346361.95918366	5.34349191723436e-09	chr5	1.408532231949151e-08
155037491.7142857	5.468949861755661e-09	chr5	1.4416026588066133e-08
158728621.46938774	5.904676917548161e-09	chr5	1.5564593128302794e-08
162419751.22448978	6.7910543357398366e-09	chr5	1.7901063703224203e-08
166110880.97959185	7.914494766677831e-09	chr5	2.0862426950630432e-08
169802010.73469388	8.73860135225194e-09	chr5	2.3034753036871584e-08
173493140.48979592	8.677237386623325e-09	chr5	2.2872999028805528e-08
177184270.24489796	7.468466946231117e-09	chr5	1.9686707830668918e-08
180875400.0	5.4078752004954285e-09	chr5	1.425503517968961e-08
63978.0	6.215641817158775e-09	chr6	1.6384289482092884e-08
3553558.1428571427	8.034836737453993e-09	chr6	2.1179645629576688e-08
7043138.285714285	8.828129982905925e-09	chr6	2.3270748456929554e-08
10532718.42857143	8.68576642197355e-09	chr6	2.2895481370660442e-08
14022298.57142857	8.123750007180004e-09	chr6	2.1414018972321248e-08
17511878.714285713	7.565508804550678e-09	chr6	1.994250794678866e-08
21001458.85714286	7.171454027333407e-09	chr6	1.8903788578515824e-08
24491039.0	7.01515764329164e-09	chr6	1.8491794889613838e-08
27980619.14285714	7.1447706347819175e-09	chr6	1.88334517668416e-08
31470199.285714284	7.424436271545578e-09	chr6	1.9570643980569285e-08
34959779.428571425	7.540849144453718e-09	chr6	1.9877505647517932e-08
38449359.57142857	7.2659083881161436e-09	chr6	1.9152768110386242e-08
41938939.71428572	6.5973600046592065e-09	chr6	1.7390489882399368e-08
45428519.85714286	5.670064791266992e-09	chr6	1.4946160936410966e-08
48918100.0	4.655148231156082e-09	chr6	1.2270864127138228e-08
52407680.14285714	3.7045587664297966e-09	chr6	9.765132068108075e-09
55897260.28571428	2.932184110399471e-09	chr6	7.729170163402086e-09
59386840.428571425	2.4510871317748946e-09	chr6	6.461009545622402e-09
62876420.57142857	2.351074596731157e-09	chr6	6.197378793690883e-09
66366000.71428571	2.5779523635377633e-09	chr6	6.795423391136716e-09
69855580.85714285	2.9148734490992646e-09	chr6	7.683539656656012e-09
73345161.0	3.154995451385162e-09	chr6	8.31649575551151e-09
76834741.14285713	3.262925345160943e-09	chr6	8.600996483740773e-09
80324321.28571428	3.3449487480094003e-09	chr6	8.817208295184848e-09
83813901.42857143	3.4952881699821785e-09	chr6	9.213499568496744e-09
87303481.57142857	3.6933586673897164e-09	chr6	9.735608863538242e-09
90793061.71428572	3.849789378539263e-09	chr6	1.014795663562003e-08
94282641.85714285	3.944813663893167e-09	chr6	1.0398438475607882e-08
97772222.0	4.069760025249878e-09	chr6	1.0727794222676706e-08
101261802.14285713	4.282356783258737e-09	chr6	1.1288194407989156e-08
104751382.28571428	4.469939034639141e-09	chr6	1.17826569267004e-08
108240962.42857142	4.444688197224067e-09	chr6	1.1716096297558009e-08
111730542.57142857	4.1789035251914774e-09	chr6	1.1015493988965583e-08
115220122.71428572	3.877905289674233e-09	chr6	1.022206953347339e-08
118709702.85714285	3.789816186514495e-09	chr6	9.989868674922819e-09
122199283.0	3.988285405626229e-09	chr6	1.0513028991245228e-08
125688863.14285713	4.365601325006984e-09	chr6	1.1507625113607082e-08
129178443.28571428	4.76547674734843e-09	chr6	1.256168756912535e-08
132668023.42857142	5.063615122950283e-09	chr6	1.3347573499375844e-08
136157603.57142857	5.207765255346531e-09	chr6	1.3727549947108437e-08
139647183.7142857	5.292903780581332e-09	chr6	1.395197314982173e-08
143136763.85714287	5.544960039467122e-09	chr6	1.4616387675761366e-08
146626344.0	6.114231997776516e-09	chr6	1.6116975520645024e-08
150115924.14285713	6.90794015964295e-09	chr6	1.820917205816428e-08
153605504.28571427	7.709604958685704e-09	chr6	2.0322342109060857e-08
157095084.42857143	8.389370805831333e-09	chr6	2.2114189314433628e-08
160584664.57142857	8.837672536576493e-09	chr6	2.3295902409865738e-08
164074244.7142857	8.745808509496332e-09	chr6	2.3053750938312608e-08
167563824.85714287	7.730610030244065e-09	chr6	2.0377710996639644e-08
171053405.0	5.810515946739288e-09	chr6	1.531638696568439e-08
16863.0	5.447298399888606e-09	chr7	1.4358953830436982e-08
3264040.612244898	7.60154886128127e-09	chr7	2.0037508710956723e-08
6511218.224489796	9.058301329440141e-09	chr7	2.387747485510923e-08
9758395.836734693	9.587538861252632e-09	chr7	2.527253286859815e-08
13005573.448979592	9.420287810285807e-09	chr7	2.4831662928560754e-08
16252751.06122449	8.941339213871097e-09	chr7	2.3569165397084957e-08
19499928.673469387	8.408639288212476e-09	chr7	2.216498059271188e-08
22747106.285714287	7.927119855342321e-09	chr7	2.0895706395215716e-08
25994283.897959184	7.537342683360665e-09	chr7	1.9868262696380098e-08
29241461.51020408	7.23396789553767e-09	chr7	1.906857370343672e-08
32488639.12244898	6.955410509197652e-09	chr7	1.8334302812445082e-08
35735816.73469388	6.635926978029167e-09	chr7	1.7492151540958456e-08
38982994.346938774	6.267407232823633e-09	chr7	1.6520741932276314e-08
42230171.95918367	5.889687973167696e-09	chr7	1.5525082614186202e-08
45477349.571428575	5.521845920108662e-09	chr7	1.4555459386482019e-08
48724527.18367347	5.118010475940301e-09	chr7	1.349095840411871e-08
51971704.79591837	4.614303105314437e-09	chr7	1.2163197310837038e-08
55218882.408163264	4.035884518237691e-09	chr7	1.0638499161994773e-08
58466060.02040816	3.550763371977494e-09	chr7	9.359730930487339e-09
61713237.632653065	3.3797999702480313e-09	chr7	8.909075318858278e-09
64960415.24489796	3.622992161363157e-09	chr7	9.550124365155486e-09
68207592.85714285	4.1762365856470025e-09	chr7	1.1008463997403441e-08
71454770.46938775	4.795781947747999e-09	chr7	1.2641571383342036e-08
74701948.08163266	5.210183492065171e-09	chr7	1.3733924363717362e-08
77949125.69387755	5.230907867543661e-09	chr7	1.3788553342857985e-08
81196303.30612245	4.8746606180843685e-09	chr7	1.284949375190355e-08
84443480.91836734	4.391456429569282e-09	chr7	1.157577857711089e-08
87690658.53061225	4.084330073888646e-09	chr7	1.0766200537211552e-08
90937836.14285715	4.078882286567292e-09	chr7	1.0751840294595329e-08
94185013.75510204	4.304077166511931e-09	chr7	1.1345448840813762e-08
97432191.36734694	4.637325448426444e-09	chr7	1.2223883680032557e-08
100679368.97959183	4.963082765833531e-09	chr7	1.3082572508364599e-08
103926546.59183674	5.124282907172174e-09	chr7	1.3507492389197423e-08
107173724.20408164	4.9610155560191374e-09	chr7	1.3077123390636203e-08
110420901.81632653	4.460715899952585e-09	chr7	1.1758344954890874e-08
113668079.42857143	3.824084391488744e-09	chr7	1.0080198878439346e-08
116915257.04081632	3.354003534647315e-09	chr7	8.841076505393587e-09
120162434.65306123	3.2883199524867287e-09	chr7	8.667936087075241e-09
123409612.26530613	3.7017523709592453e-09	chr7	9.757734473918555e-09
126656789.87755102	4.4856202727998184e-09	chr7	1.1823992311367018e-08
129903967.48979592	5.3943089556979785e-09	chr7	1.4219274869091796e-08
133151145.10204081	6.171070670907829e-09	chr7	1.6266800961324484e-08
136398322.7142857	6.697822574368083e-09	chr7	1.765530691540169e-08
139645500.3265306	7.081683515566122e-09	chr7	1.866715556538265e-08
142892677.9387755	7.61322344441089e-09	chr7	2.0068282644720155e-08
146139855.5510204	8.496231168117023e-09	chr7	2.239587078214896e-08
149387033.16326532	9.45322854590152e-09	chr7	2.4918493953249307e-08
152634210.7755102	9.701754898418301e-09	chr7	2.5573603726840623e-08
155881388.3877551	8.58240091444564e-09	chr7	2.2623012260048972e-08
159128566.0	6.265425275023794e-09	chr7	1.6515517536905878e-08
11739.0	9.755842936785304e-09	chr8	2.5716178557275206e-08
2997291.0	1.3327343388919998e-08	chr8	3.5130571956145294e-08
5982843.0	1.5393797289145126e-08	chr8	4.057769711210624e-08
8968395.0	1.5579717972299055e-08	chr8	4.1067779775025015e-08
11953947.0	1.4493691738915349e-08	chr8	3.820503949552813e-08
14939499.0	1.3020136348867364e-08	chr8	3.432078123408917e-08
17925051.0	1.1620127522605933e-08	chr8	3.063039003046e-08
20910603.0	1.0291319744495116e-08	chr8	2.7127683159140274e-08
23896155.0	8.932394064159321e-09	chr8	2.354558618730266e-08
26881707.0	7.56151111354185e-09	chr8	1.9931970124842776e-08
29867259.0	6.287153135141623e-09	chr8	1.6572791678574428e-08
32852811.0	5.225034928386258e-09	chr8	1.3773072409738581e-08
35838363.0	4.4167834561609665e-09	chr8	1.1642540039177973e-08
38823915.0	3.775435496211822e-09	chr8	9.951961504625316e-09
41809467.0	3.1902862667030234e-09	chr8	8.40952153647442e-09
44795019.0	2.716831696028586e-09	chr8	7.161506131028185e-09
47780571.0	2.551580987449727e-09	chr8	6.725909047714489e-09
50766123.0	2.7801858290447486e-09	chr8	7.3285061747498655e-09
53751675.0	3.245419468968632e-09	chr8	8.554851395009838e-09
56737227.0	3.7021810307242226e-09	chr8	9.758864411242056e-09
59722779.0	4.04643446746603e-09	chr8	1.0666308586550306e-08
62708331.0	4.366215204782978e-09	chr8	1.1509243286637794e-08
65693883.0	4.779318703790167e-09	chr8	1.2598174649303276e-08
68679435.0	5.220419497471774e-09	chr8	1.3760906239548602e-08
71664987.0	5.427002298931442e-09	chr8	1.4305453773126414e-08
74650539.0	5.1949474437657334e-09	chr8	1.3693762489329425e-08
77636091.0	4.6110781356164715e-09	chr8	1.2154696364570062e-08
80621643.0	3.973808256157448e-09	chr8	1.047486755679493e-08
83607195.0	3.5501695200040063e-09	chr8	9.358165550285367e-09
86592747.0	3.470745218884803e-09	chr8	9.1488049114761e-09
89578299.0	3.754693084625932e-09	chr8	9.89728498271864e-09
92563851.0	4.3053202485155705e-09	chr8	1.134872557650683e-08
95549403.0	4.898369625044916e-09	chr8	1.2911990151278142e-08
98534955.0	5.267642458030018e-09	chr8	1.3885384882100336e-08
101520507.0	5.2451217368532255e-09	chr8	1.3826020776838118e-08
104506059.0	4.840898843156297e-09	chr8	1.2760498486390707e-08
107491611.0	4.247505146388743e-09	chr8	1.119632629135695e-08
110477163.0	3.7893185798084045e-09	chr8	9.988556995041539e-09
113462715.0	3.787814902367453e-09	chr8	9.98459333574376e-09
116448267.0	4.379043886643978e-09	chr8	1.1543059398226472e-08
119433819.0	5.430484870442367e-09	chr8	1.4314633751872869e-08
122419371.0	6.632968961821073e-09	chr8	1.748435427797713e-08
125404923.0	7.677968111140995e-09	chr8	2.0238948103466388e-08
128390475.0	8.396093375452134e-09	chr8	2.2131909853996683e-08
131376027.0	8.783933214140341e-09	chr8	2.3154246786638736e-08
134361579.0	8.891495824024494e-09	chr8	2.3437779362941045e-08
137347131.0	8.651236537145103e-09	chr8	2.2804461385041132e-08
140332683.0	7.852140163272737e-09	chr8	2.0698061644072736e-08
143318235.0	6.370890492892209e-09	chr8	1.6793521435888264e-08
146303787.0	4.437742173448322e-09	chr8	1.1697786737959975e-08
10468.0	6.80789125589941e-09	chr9	1.7945445439172983e-08
2890798.897959184	9.102204649416028e-09	chr9	2.399320300111084e-08
5771129.795918368	1.04315793715424e-08	chr9	2.7497404323871664e-08
8651460.693877552	1.0776669976893059e-08	chr9	2.8407055256460376e-08
11531791.591836736	1.0535773795710704e-08	chr9	2.7772058439763728e-08
14412122.48979592	1.0049912363211876e-08	chr9	2.6491338830684974e-08
17292453.387755103	9.448703734321731e-09	chr9	2.490656665355026e-08
20172784.285714287	8.785713349339814e-09	chr9	2.315893918225666e-08
23053115.18367347	8.110552582329857e-09	chr9	2.1379230862657972e-08
25933446.081632655	7.4473174952803795e-09	chr9	1.9630958362318342e-08
28813776.97959184	6.864844193941041e-09	chr9	1.8095572079539194e-08
31694107.877551023	6.550703088087084e-09	chr9	1.726750331883175e-08
34574438.77551021	6.649970441879548e-09	chr9	1.7529169790050733e-08
37454769.673469394	6.983147461588133e-09	chr9	1.8407416783726718e-08
40335100.571428575	7.038013448773212e-09	chr9	1.85520422694295e-08
43215431.469387755	6.346240990008337e-09	chr9	1.6728545910798618e-08
46095762.36734694	4.890647896512093e-09	chr9	1.2891635851705303e-08
48976093.26530613	3.1364894601848305e-09	chr9	8.267714386523633e-09
51856424.16326531	1.6788750492303676e-09	chr9	4.4254761809017905e-09
54736755.06122449	8.903013457956336e-10	chr9	2.3468139582213515e-09
57617085.95918368	8.779849450532882e-10	chr9	2.314348207929406e-09
60497416.857142866	1.6140345567073008e-09	chr9	4.254558127559872e-09
63377747.755102046	2.9279047679121417e-09	chr9	7.717889914609134e-09
66258078.653061226	4.4223530842109674e-09	chr9	1.1657221451164566e-08
69138409.55102041	5.641594799815893e-09	chr9	1.4871114690953286e-08
72018740.4489796	6.420698200685577e-09	chr9	1.6924813412957024e-08
74899071.34693879	6.930202514086204e-09	chr9	1.8267855114633894e-08
77779402.24489796	7.336149743875982e-09	chr9	1.933792271553206e-08
80659733.14285715	7.58631651759383e-09	chr9	1.9997356601841173e-08
83540064.04081634	7.57307304104974e-09	chr9	1.996244710096732e-08
86420394.93877551	7.317921203693261e-09	chr9	1.9289872701072542e-08
89300725.8367347	6.909877540456485e-09	chr9	1.82142789496197e-08
92181056.73469388	6.402828593527809e-09	chr9	1.687770953773115e-08
95061387.63265307	5.869976355707677e-09	chr9	1.547312324198852e-08
97941718.53061226	5.463804325911626e-09	chr9	1.4402463073422092e-08
100822049.42857143	5.32552720119222e-09	chr9	1.4037967739424577e-08
103702380.32653062	5.4757191049416815e-09	chr9	1.4433870158078207e-08
106582711.22448981	5.8278525088848895e-09	chr9	1.5362085746465754e-08
109463042.12244898	6.251348167814007e-09	chr9	1.6478410604688694e-08
112343373.02040817	6.599753913040622e-09	chr9	1.7396800170068525e-08
115223703.91836736	6.742723571405853e-09	chr9	1.777366491529006e-08
118104034.81632654	6.63722673705795e-09	chr9	1.749557767599181e-08
120984365.71428573	6.398468371642699e-09	chr9	1.6866216092697916e-08
123864696.6122449	6.31391638078381e-09	chr9	1.664333898116697e-08
126745027.51020409	6.748360332496528e-09	chr9	1.778852328843442e-08
129625358.40816328	7.880558202212855e-09	chr9	2.0772970943901263e-08
132505689.30612245	9.348877028433082e-09	chr9	2.4643425743015774e-08
135386020.20408165	1.0197968780972994e-08	chr9	2.688161215717931e-08
138266351.10204083	9.498318924632103e-09	chr9	2.503735115894279e-08
141146682.0	7.228921254543595e-09	chr9	1.9055270873352323e-08
