pos	val	Chromosome	valScaled
158946.0	7.0253882330640756e-09	chr10	1.9295133084855937e-06
2920466.326530612	9.779674820448975e-09	chr10	2.685974367922971e-06
5681986.653061224	1.167151830303366e-08	chr10	3.2055666034152456e-06
8443506.979591835	1.2328615788006142e-08	chr10	3.3860375325889116e-06
11205027.306122448	1.1902176381399171e-08	chr10	3.268916530444382e-06
13966547.632653061	1.077245052719661e-08	chr10	2.9586388634586556e-06
16728067.959183672	9.344357398769311e-09	chr10	2.566415031032032e-06
19489588.285714284	8.034791440197588e-09	chr10	2.2067445243528906e-06
22251108.612244897	7.17785087571143e-09	chr10	1.9713869656096853e-06
25012628.93877551	6.8131386374380405e-09	chr10	1.8712192461654957e-06
27774149.265306123	6.6321325534001775e-09	chr10	1.821506171744327e-06
30535669.591836732	6.213321959958459e-09	chr10	1.7064804127439452e-06
33297189.918367345	5.35061889961416e-09	chr10	1.469540192362762e-06
36058710.244897954	4.19607114666369e-09	chr10	1.1524452246973994e-06
38820230.57142857	3.127054569239344e-09	chr10	8.588412778828659e-07
41581750.89795918	2.4811259975184045e-09	chr10	6.814378755198527e-07
44343271.22448979	2.3795316537470492e-09	chr10	6.535351273911284e-07
47104791.551020406	2.733972064418322e-09	chr10	7.508817033763024e-07
49866311.87755102	3.3442506475696024e-09	chr10	9.18493884939762e-07
52627832.20408163	3.9808658889369925e-09	chr10	1.0933393938074488e-06
55389352.530612245	4.4650453151130135e-09	chr10	1.226318613675287e-06
58150872.85714285	4.750628415861684e-09	chr10	1.3047536232851134e-06
60912393.183673464	4.93405870622203e-09	chr10	1.3551325026705874e-06
63673913.51020408	5.173906133222139e-09	chr10	1.421006271784824e-06
66435433.83673469	5.57624400829166e-09	chr10	1.5315078211228128e-06
69196954.1632653	6.107713385831923e-09	chr10	1.6774751617162075e-06
71958474.48979591	6.6208009818027235e-09	chr10	1.8183939710405361e-06
74719994.81632653	6.988711695555262e-09	chr10	1.9194401474182287e-06
77481515.14285713	7.169676359420257e-09	chr10	1.96914184584534e-06
80243035.46938775	7.137983646584964e-09	chr10	1.9604374854357746e-06
83004555.79591836	6.875551153931713e-09	chr10	1.8883607588044485e-06
85766076.12244898	6.4681646456767496e-09	chr10	1.7764726092391404e-06
88527596.44897959	6.092296332309699e-09	chr10	1.6732408889668718e-06
91289116.77551019	5.859531559575449e-09	chr10	1.6093123611990225e-06
94050637.10204081	5.731981079657396e-09	chr10	1.5742807956341014e-06
96812157.42857142	5.594372629878372e-09	chr10	1.5364868223474615e-06
99573677.75510204	5.379222116986545e-09	chr10	1.4773960270518368e-06
102335198.08163264	5.150429285785006e-09	chr10	1.4145583876155138e-06
105096718.40816326	5.094821669405824e-09	chr10	1.399285831523621e-06
107858238.73469387	5.410259198567972e-09	chr10	1.4859203192306045e-06
110619759.06122449	6.171239638693579e-09	chr10	1.6949225605315362e-06
113381279.3877551	7.2822005143345856e-09	chr10	2.0000464517162955e-06
116142799.7142857	8.54611738310585e-09	chr10	2.347179498063252e-06
118904320.04081632	9.785210789921607e-09	chr10	2.687494814397735e-06
121665840.36734693	1.090061870628472e-08	chr10	2.993840079259226e-06
124427360.69387755	1.178307758077166e-08	chr10	3.2362062070840415e-06
127188881.02040815	1.2148937466260603e-08	chr10	3.3366891262727005e-06
129950401.34693877	1.155983949804834e-08	chr10	3.1748941717507876e-06
132711921.67346938	9.769216665405294e-09	chr10	2.683102049885938e-06
135473442.0	7.0919111572431604e-09	chr10	1.9477837389962987e-06
241489.0	6.219323791241092e-09	chr11	1.7081288075302466e-06
2990535.551020408	8.329966282260895e-09	chr11	2.2878138926492647e-06
5739582.102040816	9.75386366206624e-09	chr11	2.678885368432163e-06
8488628.653061224	1.0350755486771434e-08	chr11	2.842820895023355e-06
11237675.204081632	1.0358805637903405e-08	chr11	2.8450318580661313e-06
13986721.75510204	1.0128293473555414e-08	chr11	2.781722006123147e-06
16735768.306122448	9.842456341829966e-09	chr11	2.7032172272515804e-06
19484814.85714286	9.430951618045064e-09	chr11	2.5901980154006566e-06
22233861.408163264	8.760660584973089e-09	chr11	2.4061034962132305e-06
24982907.95918367	7.917997545932229e-09	chr11	2.1746672403852567e-06
27731954.51020408	7.220349491294387e-09	chr11	1.9830591524894937e-06
30481001.06122449	6.897863758041766e-09	chr11	1.8944888851298659e-06
33230047.612244897	6.838911573571644e-09	chr11	1.8782977479676444e-06
35979094.1632653	6.720410576600339e-09	chr11	1.8457516105671747e-06
38728140.71428572	6.319390295076402e-09	chr11	1.7356119365017036e-06
41477187.26530612	5.6075085119978546e-09	chr11	1.540094574478362e-06
44226233.81632653	4.6417085861363355e-09	chr11	1.2748389404176324e-06
46975280.367346935	3.548379522064443e-09	chr11	9.74557602262925e-07
49724326.91836734	2.6006981374782674e-09	chr11	7.14278200883058e-07
52473373.469387755	2.137469972113792e-09	chr11	5.870532162580739e-07
55222420.02040816	2.3235907039364124e-09	chr11	6.381710217263413e-07
57971466.57142857	3.021303087698384e-09	chr11	8.297967775284197e-07
60720513.12244898	3.914826185764031e-09	chr11	1.0752016792878497e-06
63469559.67346939	4.745732334391872e-09	chr11	1.3034089211786915e-06
66218606.22448979	5.424088595403978e-09	chr11	1.489718544233718e-06
68967652.7755102	5.956549351786956e-09	chr11	1.6359581656758447e-06
71716699.3265306	6.337824097063424e-09	chr11	1.740674755107592e-06
74465745.87755102	6.519326178366061e-09	chr11	1.7905240545019016e-06
77214792.42857143	6.435878981854151e-09	chr11	1.7676053956486077e-06
79963838.97959183	6.070779647849793e-09	chr11	1.667331360889195e-06
82712885.53061225	5.535397344248521e-09	chr11	1.520289340483188e-06
85461932.08163264	5.060154471931121e-09	chr11	1.3897645329595751e-06
88210978.63265306	4.853635277698837e-09	chr11	1.3330443175765289e-06
90960025.18367347	4.9541552949833315e-09	chr11	1.3606520033990449e-06
93709071.73469387	5.217006037004304e-09	chr11	1.432843601649492e-06
96458118.28571428	5.4447643255583956e-09	chr11	1.4953971053569095e-06
99207164.83673468	5.548125231239639e-09	chr11	1.523785037307839e-06
101956211.3877551	5.611275167458539e-09	chr11	1.5411290812698396e-06
104705257.93877551	5.822732864280497e-09	chr11	1.599205649662093e-06
107454304.48979591	6.33758964005869e-09	chr11	1.7406103618106106e-06
110203351.04081632	7.176043821156481e-09	chr11	1.970890660537672e-06
112952397.59183674	8.222711540914007e-09	chr11	2.2583565240368054e-06
115701444.14285713	9.307086576302564e-09	chr11	2.5561786504104832e-06
118450490.69387755	1.0289238096707398e-08	chr11	2.8259252276389937e-06
121199537.24489796	1.1092396902431466e-08	chr11	3.046511699597724e-06
123948583.79591836	1.1660534887615012e-08	chr11	3.202550023331718e-06
126697630.34693877	1.1848387427241986e-08	chr11	3.2541434674544464e-06
129446676.89795917	1.135637499170293e-08	chr11	3.119012922234888e-06
132195723.44897959	9.899235116994995e-09	chr11	2.7188114405086968e-06
134944770.0	7.556345778267478e-09	chr11	2.075340075024869e-06
191619.0	7.1294481283345154e-09	chr12	1.958093216975058e-06
2917180.93877551	9.564037522624995e-09	chr12	2.6267498778088108e-06
5642742.87755102	1.1039964987918521e-08	chr12	3.0321113456975695e-06
8368304.816326531	1.1350422600246245e-08	chr12	3.1173781060294378e-06
11093866.75510204	1.081501193415385e-08	chr12	2.9703282959038786e-06
13819428.69387755	9.927022449453075e-09	chr12	2.726443193517426e-06
16544990.632653061	9.070300079559086e-09	chr12	2.4911455616217435e-06
19270552.57142857	8.42387256662209e-09	chr12	2.3136051257333798e-06
21996114.51020408	7.9323646226968e-09	chr12	2.1786131384483424e-06
24721676.44897959	7.360897517520237e-09	chr12	2.0216604764430713e-06
27447238.3877551	6.483966238803797e-09	chr12	1.7808124952671352e-06
30172800.32653061	5.283246096565181e-09	chr12	1.451036343778114e-06
32898362.265306123	3.999603070047187e-09	chr12	1.0984855350762648e-06
35623924.20408163	3.010034243983637e-09	chr12	8.267018049521689e-07
38349486.14285714	2.6078244200957458e-09	chr12	7.162354246967883e-07
41075048.08163265	2.8404678694809008e-09	chr12	7.80130631172071e-07
43800610.02040816	3.52663686274296e-09	chr12	9.685860104973305e-07
46526171.95918367	4.3896978221190515e-09	chr12	1.2056245273600789e-06
49251733.89795918	5.157244176284382e-09	chr12	1.416430088008174e-06
51977295.83673469	5.615471576043355e-09	chr12	1.5422816191714657e-06
54702857.7755102	5.7012455524271065e-09	chr12	1.5658393249471072e-06
57428419.71428571	5.577218271664678e-09	chr12	1.5317754012311063e-06
60153981.65306122	5.529880185954274e-09	chr12	1.5187740604729433e-06
62879543.59183673	5.714707902346716e-09	chr12	1.5695367410146102e-06
65605105.530612245	6.013588480083742e-09	chr12	1.6516238845659542e-06
68330667.46938775	6.1785445278969456e-09	chr12	1.6969288384007893e-06
71056229.40816326	6.0870047976988704e-09	chr12	1.6717875761939416e-06
73781791.34693877	5.802745249469383e-09	chr12	1.5937160784806145e-06
76507353.28571428	5.4239560317422565e-09	chr12	1.4896821358045996e-06
79232915.2244898	4.990621132281767e-09	chr12	1.3706672959406378e-06
81958477.1632653	4.582640106065496e-09	chr12	1.2586158628270873e-06
84684039.10204081	4.408885983097176e-09	chr12	1.2108945296353138e-06
87409601.04081632	4.682761414142216e-09	chr12	1.286114043708795e-06
90135162.97959183	5.387774114741737e-09	chr12	1.4797448215860835e-06
92860724.91836734	6.220794783971826e-09	chr12	1.7085328136800105e-06
95586286.85714285	6.818978642114256e-09	chr12	1.8728231954947787e-06
98311848.79591836	7.036750420859384e-09	chr12	1.932633917886421e-06
101037410.73469387	6.984904088098013e-09	chr12	1.918394393216678e-06
103762972.67346938	6.8678548113350006e-09	chr12	1.8862469687939362e-06
106488534.61224489	6.871384450917447e-09	chr12	1.88721637949731e-06
109214096.5510204	7.146421803410965e-09	chr12	1.962755013713889e-06
111939658.48979591	7.733005212665319e-09	chr12	2.123859348043252e-06
114665220.42857142	8.48334362127446e-09	chr12	2.32993876988437e-06
117390782.36734693	9.227933544450602e-09	chr12	2.5344393780316906e-06
120116344.30612244	1.0045446882671387e-08	chr12	2.7589683027874283e-06
122841906.24489795	1.1120792823521735e-08	chr12	3.0543106006452875e-06
125567468.18367346	1.2192540449468155e-08	chr12	3.3486646262162746e-06
128293030.12244897	1.2397766413914681e-08	chr12	3.405029657800253e-06
131018592.06122449	1.0988675915563876e-08	chr12	3.018024871839454e-06
133744154.0	8.163842334783945e-09	chr12	2.2421881767626513e-06
19260565.0	8.257227879447773e-09	chr13	2.2678363893982176e-06
21215959.14285714	1.188379943889848e-08	chr13	3.2638693282189626e-06
23171353.285714287	1.488651835075721e-08	chr13	4.088561987167702e-06
25126747.42857143	1.6629820878704392e-08	chr13	4.5673576518058116e-06
27082141.57142857	1.7030142700641596e-08	chr13	4.677305494897203e-06
29037535.714285716	1.6410163472213756e-08	chr13	4.507029044322399e-06
30992929.85714286	1.519586132099116e-08	chr13	4.173522612566841e-06
32948324.0	1.3771221673278725e-08	chr13	3.7822472739143494e-06
34903718.14285714	1.2459595646743828e-08	chr13	3.422010972375271e-06
36859112.28571428	1.147624821133664e-08	chr13	3.1519359387203956e-06
38814506.42857143	1.0867595591152112e-08	chr13	2.9847703256709276e-06
40769900.57142857	1.0521958442516357e-08	chr13	2.8898415536123287e-06
42725294.71428572	1.0233552884382419e-08	chr13	2.810631359926286e-06
44680688.85714286	9.776221561870392e-09	chr13	2.6850259351582646e-06
46636083.0	9.000850449183695e-09	chr13	2.472071315240875e-06
48591477.14285715	7.927909375578418e-09	chr13	2.177389510896053e-06
50546871.28571428	6.737485847817654e-09	chr13	1.850441310547704e-06
52502265.42857143	5.651432890840328e-09	chr13	1.5521583452952741e-06
54457659.571428575	4.829349478171966e-09	chr13	1.3263742558176966e-06
56413053.71428572	4.340927951883043e-09	chr13	1.1922299489322826e-06
58368447.85714286	4.1643386045133916e-09	chr13	1.143729925220722e-06
60323842.0	4.200274320467025e-09	chr13	1.1535996206570769e-06
62279236.14285714	4.348226630037837e-09	chr13	1.1942345209455058e-06
64234630.28571429	4.607593827649482e-09	chr13	1.2654693684690871e-06
66190024.42857143	5.0908090614313054e-09	chr13	1.3981837742092464e-06
68145418.57142857	5.907580448564337e-09	chr13	1.6225089231093911e-06
70100812.71428572	7.000616733177639e-09	chr13	1.92270984978461e-06
72056206.85714287	8.075217627339945e-09	chr13	2.2178475215844736e-06
74011601.0	8.726532762435797e-09	chr13	2.3967303362410277e-06
75966995.14285715	8.697766304019483e-09	chr13	2.388829667621599e-06
77922389.2857143	8.0411001752374e-09	chr13	2.208477209838048e-06
79877783.42857143	7.0435578447766305e-09	chr13	1.93450356759247e-06
81833177.57142857	6.038182514250402e-09	chr13	1.6583786025487388e-06
83788571.71428572	5.294131260579869e-09	chr13	1.454025939247378e-06
85743965.85714287	5.007803377842709e-09	chr13	1.3753863762789274e-06
87699360.0	5.288427936053007e-09	chr13	1.4524595289349342e-06
89654754.14285715	6.101724509274174e-09	chr13	1.6758303249274492e-06
91610148.28571428	7.2583659167083605e-09	chr13	1.993500311944865e-06
93565542.42857143	8.518876457835842e-09	chr13	2.3396978150444307e-06
95520936.57142858	9.74710405432365e-09	chr13	2.6770288513733498e-06
97476330.71428572	1.0976881895112373e-08	chr13	3.0147856601878295e-06
99431724.85714287	1.2347962306641142e-08	chr13	3.3913510275788985e-06
101387119.0	1.396598420029186e-08	chr13	3.835738536660156e-06
103342513.14285715	1.5752224912517104e-08	chr13	4.326327115121419e-06
105297907.28571428	1.736396732497451e-08	chr13	4.768989973246612e-06
107253301.42857143	1.8269039617746428e-08	chr13	5.017566845600231e-06
109208695.57142858	1.795247005164342e-08	chr13	4.930621445489459e-06
111164089.71428572	1.614902306224627e-08	chr13	4.435307186440689e-06
113119483.85714287	1.302780150780804e-08	chr13	3.5780679381274315e-06
115074878.0	9.231498777505257e-09	chr13	2.5354185644337223e-06
19035752.0	8.689594339568299e-09	chr14	2.3865852487166305e-06
20836765.979591835	1.2471985707091296e-08	chr14	3.4254138855724186e-06
22637779.959183674	1.5139171756857385e-08	chr14	4.157952900997938e-06
24438793.93877551	1.6030953396792083e-08	chr14	4.402879513653853e-06
26239807.91836735	1.5536389037342807e-08	chr14	4.267048086008489e-06
28040821.897959184	1.4689996887695659e-08	chr14	4.034587635032156e-06
29841835.87755102	1.4293703619624885e-08	chr14	3.925746228772632e-06
31642849.85714286	1.4333223309192409e-08	chr14	3.9366002576800846e-06
33443863.836734693	1.4134070767453127e-08	chr14	3.881903283369658e-06
35244877.81632653	1.307366912800037e-08	chr14	3.59066541753407e-06
37045891.79591837	1.1162504305089579e-08	chr14	3.0657666022400497e-06
38846905.77551021	8.972473364092215e-09	chr14	2.4642775874747213e-06
40647919.75510204	7.123776099296688e-09	chr14	1.956535401926048e-06
42448933.73469388	5.9251557344295196e-09	chr14	1.6273359514318557e-06
44249947.71428572	5.408885237901983e-09	chr14	1.4855429628052494e-06
46050961.69387755	5.521806590026743e-09	chr14	1.5165566583490023e-06
47851975.67346939	6.183009957978425e-09	chr14	1.6981552626900231e-06
49652989.653061226	7.203042217588131e-09	chr14	1.978305733341402e-06
51454003.63265306	8.260220284766675e-09	chr14	2.2686582494429093e-06
53255017.6122449	9.018539833321494e-09	chr14	2.4769296804984925e-06
55056031.591836736	9.269648432047819e-09	chr14	2.5458963150877805e-06
56857045.57142857	8.993617826334782e-09	chr14	2.4700848852274334e-06
58658059.551020406	8.349657232708465e-09	chr14	2.2932219853674013e-06
60459073.530612245	7.604280373012177e-09	chr14	2.0885052461767586e-06
62260087.51020408	7.006216556999082e-09	chr14	1.924247833769295e-06
64061101.489795916	6.705977434439269e-09	chr14	1.8417875677329323e-06
65862115.469387755	6.771661135264681e-09	chr14	1.8598275066927105e-06
67663129.44897959	7.206224418626898e-09	chr14	1.979179720522022e-06
69464143.42857143	7.917294922992256e-09	chr14	2.17447426595188e-06
71265157.40816326	8.725741729018226e-09	chr14	2.3965130799904085e-06
73066171.3877551	9.434811480312227e-09	chr14	2.5912581213145708e-06
74867185.36734694	9.872468738408204e-09	chr14	2.7114600910900108e-06
76668199.34693877	9.913371554099877e-09	chr14	2.722693993703418e-06
78469213.3265306	9.564155715063148e-09	chr14	2.6267823392009518e-06
80270227.30612245	9.04813732419629e-09	chr14	2.485058591050642e-06
82071241.28571428	8.741124026782363e-09	chr14	2.4007378071181287e-06
83872255.26530612	8.979458147964835e-09	chr14	2.4661959488509207e-06
85673269.24489796	9.898594349920063e-09	chr14	2.718635454704396e-06
87474283.2244898	1.139888166640771e-08	chr14	3.1306873225415267e-06
89275297.20408162	1.3237258330646786e-08	chr14	3.6355949692057132e-06
91076311.18367347	1.5165122488339676e-08	chr14	4.165080234050417e-06
92877325.1632653	1.696962816891316e-08	chr14	4.660685261188657e-06
94678339.14285713	1.8387615347486358e-08	chr14	5.050133508253805e-06
96479353.12244898	1.9075757993348747e-08	chr14	5.239130948577308e-06
98280367.10204081	1.8755210930732593e-08	chr14	5.151093134467201e-06
100081381.08163264	1.7370826378576702e-08	chr14	4.770873802975304e-06
101882395.06122449	1.5093318204920246e-08	chr14	4.145359285418425e-06
103683409.04081632	1.2218535485789814e-08	chr14	3.355804127532536e-06
105484423.02040815	9.093616005117408e-09	chr14	2.4975492488162405e-06
107285437.0	6.095881099807102e-09	chr14	1.6742254404769953e-06
20161372.0	3.253345584396564e-09	chr15	8.935269331668206e-07
21839683.408163264	6.056299365740184e-09	chr15	1.6633543711322985e-06
23517994.81632653	9.422664398299876e-09	chr15	2.587921941786187e-06
25196306.224489797	1.2485296422881435e-08	chr15	3.4290696555328126e-06
26874617.63265306	1.4481270493969027e-08	chr15	3.977261215314553e-06
28552929.040816326	1.5289937861945415e-08	chr15	4.199360606392322e-06
30231240.448979594	1.540120214190658e-08	chr15	4.229919189323547e-06
31909551.85714286	1.5356432170464078e-08	chr15	4.217623177650872e-06
33587863.26530612	1.5279989399504262e-08	chr15	4.196628274734289e-06
35266174.67346939	1.4921893963388393e-08	chr15	4.098277850989498e-06
36944486.08163265	1.39966346388237e-08	chr15	3.844156637852026e-06
38622797.48979592	1.2425565915905297e-08	chr15	3.4126647531545165e-06
40301108.89795919	1.041727042225154e-08	chr15	2.8610891314487675e-06
41979420.30612245	8.440269661769326e-09	chr15	2.3181085655800485e-06
43657731.71428572	7.003133157326595e-09	chr15	1.9234009822493403e-06
45336043.12244898	6.311608690211907e-09	chr15	1.7334747293254859e-06
47014354.530612245	6.160723804069016e-09	chr15	1.692034400876183e-06
48692665.93877551	6.218601116348902e-09	chr15	1.7079303258555077e-06
50370977.346938774	6.370802219532733e-09	chr15	1.7497321515222022e-06
52049288.75510204	6.7613099774006445e-09	chr15	1.8569845752853193e-06
53727600.1632653	7.581480924609452e-09	chr15	2.0822434087295203e-06
55405911.571428575	8.85476228708363e-09	chr15	2.431948400516013e-06
57084222.97959184	1.0319169548773683e-08	chr15	2.834145860177476e-06
58762534.3877551	1.1472093005072071e-08	chr15	3.150794716979901e-06
60440845.79591837	1.1874223033181289e-08	chr15	3.2612391814333636e-06
62119157.20408163	1.1540349016046852e-08	chr15	3.1695411374182966e-06
63797468.6122449	1.0978565829296405e-08	chr15	3.0152481504176808e-06
65475780.02040816	1.0728512536639404e-08	chr15	2.946571354202834e-06
67154091.42857143	1.0833055403603562e-08	chr15	2.9752839102100917e-06
68832402.8367347	1.0806276493361576e-08	chr15	2.9679291189893764e-06
70510714.24489796	1.0149316482143525e-08	chr15	2.787495946795103e-06
72189025.65306123	8.894119263507318e-09	chr15	2.442757740480153e-06
73867337.06122449	7.636844044942717e-09	chr15	2.097448814315445e-06
75545648.46938775	7.035807134071721e-09	chr15	1.9323748454551e-06
77223959.87755102	7.2417571910987185e-09	chr15	1.988938748079972e-06
78902271.28571428	7.783371882801706e-09	chr15	2.1376924853885853e-06
80580582.69387755	8.054000010709058e-09	chr15	2.2120201320786575e-06
82258894.10204083	7.968333240548558e-09	chr15	2.1884918703461996e-06
83937205.51020408	8.101644703926118e-09	chr15	2.2251056821708742e-06
85615516.91836736	9.159512918841294e-09	chr15	2.5156477464081537e-06
87293828.3265306	1.1395825024283411e-08	chr15	3.1298478199457335e-06
88972139.73469388	1.453434235067179e-08	chr15	3.991837328465436e-06
90650451.14285715	1.8022509344211946e-08	chr15	4.949857641788457e-06
92328762.55102041	2.1208250100406188e-08	chr15	5.82481700097832e-06
94007073.95918368	2.3442536003532056e-08	chr15	6.43846058080976e-06
95685385.36734694	2.4250994380288327e-08	chr15	6.660502572733605e-06
97363696.7755102	2.3430155495257943e-08	chr15	6.4350602910765486e-06
99042008.18367347	2.0970897581135375e-08	chr15	5.759628454873464e-06
100720319.59183674	1.7061314615460195e-08	chr15	4.685866818840895e-06
102398631.0	1.227912094808723e-08	chr15	3.372443842225233e-06
143503.0	7.849475309938976e-09	chr16	2.1558477016081793e-06
1980193.857142857	1.1260868368804202e-08	chr16	3.0927821583513613e-06
3816884.714285714	1.4445205109049782e-08	chr16	3.967355906473423e-06
5653575.571428571	1.6774114340515578e-08	chr16	4.606987654541007e-06
7490266.428571428	1.7835833581220087e-08	chr16	4.898587397765602e-06
9326957.285714285	1.7618356701162886e-08	chr16	4.838857668896898e-06
11163648.142857142	1.65084476530072e-08	chr16	4.534022660698222e-06
13000339.0	1.5087838755095466e-08	chr16	4.143854361987954e-06
14837029.857142856	1.3860067687870326e-08	chr16	3.806648710799159e-06
16673720.714285713	1.3072752186220274e-08	chr16	3.590413580723191e-06
18510411.57142857	1.2725229670326105e-08	chr16	3.4949669951152467e-06
20347102.42857143	1.2692735582465303e-08	chr16	3.4860425381465288e-06
22183793.285714284	1.2775691339744408e-08	chr16	3.5088262238839535e-06
24020484.14285714	1.2633772654554128e-08	chr16	3.4698484503128563e-06
25857175.0	1.1830038305494e-08	chr16	3.2491039061608604e-06
27693865.857142854	1.0113419906350703e-08	chr16	2.7776370011505997e-06
29530556.714285713	7.681085395318131e-09	chr16	2.1095996409321124e-06
31367247.57142857	5.096937884164546e-09	chr16	1.399867047024474e-06
33203938.428571425	2.9285391163665075e-09	chr16	8.043192791617898e-07
35040629.28571428	1.452046414911365e-09	chr16	3.988025699311868e-07
36877320.14285714	6.321619506149464e-10	chr16	1.7362241862863704e-07
38714011.0	2.9425458003473453e-10	chr16	8.081661958377371e-08
40550701.85714286	3.0957853029364503e-10	chr16	8.502532164866206e-08
42387392.71428571	6.936168740260782e-10	chr16	1.9050092963186808e-07
44224083.57142857	1.5944122387672132e-09	chr16	4.379031495277065e-07
46060774.428571425	3.1736103587604055e-09	chr16	8.716277620582412e-07
47897465.28571428	5.428095123291656e-09	chr16	1.4908189316605239e-06
49734156.14285714	8.06983052490143e-09	chr16	2.216367961237848e-06
51570847.0	1.0571101207232118e-08	chr16	2.9033385470010456e-06
53407537.85714285	1.2363289064290035e-08	chr16	3.395560500689621e-06
55244228.71428571	1.3075565418579945e-08	chr16	3.591186231158693e-06
57080919.57142857	1.2690519086193462e-08	chr16	3.4854337804646974e-06
58917610.428571425	1.1528022137166642e-08	chr16	3.166155576925068e-06
60754301.28571428	1.0048261531766092e-08	chr16	2.7597413423272773e-06
62590992.14285714	8.60804173592827e-09	chr16	2.364186937214854e-06
64427683.0	7.371585369695902e-09	chr16	2.024595880484519e-06
66264373.85714285	6.428023996454022e-09	chr16	1.7654480346082345e-06
68101064.71428572	5.94329380789242e-09	chr16	1.6323175486014247e-06
69937755.57142857	6.1586790397048565e-09	chr16	1.6914728091288695e-06
71774446.42857142	7.256075510913046e-09	chr16	1.9928712551130882e-06
73611137.28571428	9.247394059860516e-09	chr16	2.539784182080625e-06
75447828.14285713	1.1956010115934714e-08	chr16	3.283701892304236e-06
77284519.0	1.5040889270072e-08	chr16	4.1309597498791214e-06
79121209.85714285	1.8033393535193774e-08	chr16	4.952846970015571e-06
80957900.71428572	2.038408084566136e-08	chr16	5.598460037815699e-06
82794591.57142857	2.1502803724750153e-08	chr16	5.905715752674277e-06
84631282.42857142	2.0860422304008603e-08	chr16	5.7292865704959544e-06
86467973.28571428	1.8261959685166452e-08	chr16	5.015622351761164e-06
88304664.14285713	1.414553776391289e-08	chr16	3.885052678327412e-06
90141355.0	9.52919601562114e-09	chr16	2.617180705370021e-06
6888.0	1.0289878366702581e-08	chr17	2.8261010769210183e-06
1660849.081632653	1.3990674580637037e-08	chr17	3.842519715989631e-06
3314810.163265306	1.7034938940814725e-08	chr17	4.678622775727491e-06
4968771.244897959	1.9231260414864474e-08	chr17	5.281839476826924e-06
6622732.326530612	2.0752403332601707e-08	chr17	5.699619307138521e-06
8276693.408163265	2.1743930924601925e-08	chr17	5.971941009658963e-06
9930654.489795918	2.2056130189447784e-08	chr17	6.0576861124825225e-06
11584615.57142857	2.1319990818890607e-08	chr17	5.855506437100969e-06
13238576.653061224	1.9268406495627447e-08	chr17	5.2920415973094494e-06
14892537.734693877	1.605364629895768e-08	chr17	4.4091120883221974e-06
16546498.81632653	1.2297282406650913e-08	chr17	3.3774318620808775e-06
18200459.897959184	8.782193170928128e-09	chr17	2.4120173916148854e-06
19854420.979591835	6.0503053603017935e-09	chr17	1.6617081257034584e-06
21508382.06122449	4.277679742500842e-09	chr17	1.1748589143798456e-06
23162343.14285714	3.4464178904049265e-09	chr17	9.465539790160233e-07
24816304.224489797	3.525092252605617e-09	chr17	9.681617854271205e-07
26470265.30612245	4.47983704796809e-09	chr17	1.2303811429551793e-06
28124226.3877551	6.160384430537169e-09	chr17	1.6919411923979435e-06
29778187.469387755	8.177539929488638e-09	chr17	2.2459502024899355e-06
31432148.551020406	9.921559180580985e-09	chr17	2.7249427141635706e-06
33086109.63265306	1.0816901043864442e-08	chr17	2.9708471373126168e-06
34740070.71428572	1.065217930236102e-08	chr17	2.9256065353865995e-06
36394031.79591837	9.675318878771375e-09	chr17	2.6573131506910434e-06
38047992.87755102	8.382813527546767e-09	chr17	2.3023283165804553e-06
39701953.95918367	7.237011791892763e-09	chr17	1.9876354306520644e-06
41355915.04081632	6.527134743244745e-09	chr17	1.7926686662092926e-06
43009876.12244898	6.365628914185468e-09	chr17	1.7483113102554622e-06
44663837.20408163	6.703046091494136e-09	chr17	1.8409824783860192e-06
46317798.28571428	7.3427675189162825e-09	chr17	2.0166810970225125e-06
47971759.367346935	8.045437873888845e-09	chr17	2.209668552864014e-06
49625720.448979594	8.695657474190877e-09	chr17	2.3882504803817425e-06
51279681.530612245	9.308726462561861e-09	chr17	2.5566290429378064e-06
52933642.6122449	9.817229739754208e-09	chr17	2.696288775354223e-06
54587603.69387755	9.971401714365387e-09	chr17	2.73863189817379e-06
56241564.7755102	9.599697094652563e-09	chr17	2.6365437306920248e-06
57895525.85714286	8.912373639609951e-09	chr17	2.4477712800113016e-06
59549486.93877551	8.41169809045719e-09	chr17	2.310261422438314e-06
61203448.02040816	8.511888790445508e-09	chr17	2.337778661714019e-06
62857409.10204081	9.309072792101357e-09	chr17	2.556724161874072e-06
64511370.18367347	1.0671501771057231e-08	chr17	2.9309134250936578e-06
66165331.26530612	1.244190968162083e-08	chr17	3.417153546145411e-06
67819292.34693877	1.4488690766132427e-08	chr17	3.979299182956609e-06
69473253.42857143	1.6595568990853613e-08	chr17	4.5579504174642565e-06
71127214.51020408	1.842369782192971e-08	chr17	5.060043510709452e-06
72781175.59183674	1.96344835202006e-08	chr17	5.392584153451808e-06
74435136.67346938	1.9943547730689707e-08	chr17	5.477468217866741e-06
76089097.75510204	1.9034591504485617e-08	chr17	5.2278246284865265e-06
77743058.8367347	1.6656829274830762e-08	chr17	4.574775471012075e-06
79397019.91836734	1.2994053538189279e-08	chr17	3.568799104241882e-06
81050981.0	8.82277593038237e-09	chr17	2.4231633912186508e-06
112535.0	1.341071856944219e-08	chr18	3.6832355875097133e-06
1702372.693877551	1.8533576362935013e-08	chr18	5.090221502324051e-06
3292210.387755102	2.2788484689894737e-08	chr18	6.258826278443914e-06
4882048.081632653	2.543703654467965e-08	chr18	6.9862474376006685e-06
6471885.775510204	2.6247928971516798e-08	chr18	7.2089579380636524e-06
8061723.469387755	2.531320548742518e-08	chr18	6.95223740640384e-06
9651561.163265307	2.2813899261695424e-08	chr18	6.265806355970178e-06
11241398.857142856	1.9040232135470087e-08	chr18	5.2293738201029515e-06
12831236.551020408	1.457992620865214e-08	chr18	4.004356872967084e-06
14421074.24489796	1.0334529828417883e-08	chr18	2.8383645400585473e-06
16010911.93877551	7.214684849519796e-09	chr18	1.981503366342269e-06
17600749.63265306	5.723203229394079e-09	chr18	1.5718699710161465e-06
19190587.326530613	5.741603749163409e-09	chr18	1.5769236487062816e-06
20780425.020408165	6.655527212696612e-09	chr18	1.8279314830527482e-06
22370262.714285713	7.715584736418388e-09	chr18	2.1190748379715644e-06
23960100.408163264	8.398496967830764e-09	chr18	2.3066357520910494e-06
25549938.102040816	8.55836675337071e-09	chr18	2.350543770920854e-06
27139775.795918368	8.323039794485614e-09	chr18	2.2859115422167906e-06
28729613.48979592	7.885045809300867e-09	chr18	2.1656170908050968e-06
30319451.183673467	7.379722128337924e-09	chr18	2.0268306301619567e-06
31909288.87755102	6.891861573509077e-09	chr18	1.8928403933239179e-06
33499126.57142857	6.492743105953517e-09	chr18	1.78322304987428e-06
35088964.26530612	6.244340603532116e-09	chr18	1.7149996409489948e-06
36678801.95918367	6.1967419987324694e-09	chr18	1.7019267489778407e-06
38268639.653061226	6.399162656190275e-09	chr18	1.7575213068186526e-06
39858477.346938774	6.893352389646634e-09	chr18	1.893249843945363e-06
41448315.04081633	7.656532135557542e-09	chr18	2.102856121584414e-06
43038152.73469388	8.525233976142947e-09	chr18	2.3414438987874996e-06
44627990.428571425	9.204473438567086e-09	chr18	2.527996091907276e-06
46217828.12244898	9.431519368074935e-09	chr18	2.5903539471729926e-06
47807665.81632653	9.198547058922081e-09	chr18	2.526368419810472e-06
49397503.510204084	8.828400531503786e-09	chr18	2.424708180255023e-06
50987341.20408163	8.796147447108416e-09	chr18	2.4158499145597997e-06
52577178.89795918	9.402512194503403e-09	chr18	2.582387166464076e-06
54167016.591836736	1.0542896085205045e-08	chr18	2.89559204865629e-06
55756854.28571428	1.1767909249389615e-08	chr18	3.2320402455317066e-06
57346691.97959184	1.2601292829416836e-08	chr18	3.4609279105817223e-06
58936529.67346939	1.2851639504085631e-08	chr18	3.529685283766474e-06
60526367.367346935	1.2679916222432298e-08	chr18	3.4825217183755243e-06
62116205.06122449	1.243525172127497e-08	chr18	3.4153249464056494e-06
63706042.75510204	1.2444665634535513e-08	chr18	3.4179104648593706e-06
65295880.448979594	1.290088942944779e-08	chr18	3.5432117086807544e-06
66885718.14285714	1.3854437621889547e-08	chr18	3.805102420846607e-06
68475555.8367347	1.5214284187686637e-08	chr18	4.178582427809802e-06
70065393.53061225	1.6690833093003387e-08	chr18	4.584114573354436e-06
71655231.2244898	1.7760169433069238e-08	chr18	4.87780634254289e-06
73245068.91836734	1.7788056340575416e-08	chr18	4.885465443702943e-06
74834906.6122449	1.6325270346474584e-08	chr18	4.483713262976428e-06
76424744.30612245	1.3415368901724453e-08	chr18	3.6845127949365254e-06
78014582.0	9.67753037462575e-09	chr18	2.657920535015029e-06
261033.0	1.6357309826716496e-08	chr19	4.492512862581868e-06
1460972.7959183673	2.1585708889377e-08	chr19	5.928485543208674e-06
2660912.5918367347	2.52675362471803e-08	chr19	6.939694411779543e-06
3860852.387755102	2.682829195052871e-08	chr19	7.3683538397001706e-06
5060792.183673469	2.649487626557719e-08	chr19	7.276781675994817e-06
6260731.979591837	2.4897341688048967e-08	chr19	6.838020980379535e-06
7460671.775510204	2.2618831844732275e-08	chr19	6.212231355614909e-06
8660611.57142857	2.010920927108963e-08	chr19	5.522966934279523e-06
9860551.367346939	1.7834731652266483e-08	chr19	4.898284754479501e-06
11060491.163265307	1.628234894874258e-08	chr19	4.4719249595552825e-06
12260430.959183674	1.572547656853255e-08	chr19	4.3189807188816726e-06
13460370.75510204	1.6007938727750333e-08	chr19	4.396558566151272e-06
14660310.551020408	1.657875583303948e-08	chr19	4.55333270657287e-06
15860250.346938776	1.674554306643354e-08	chr19	4.599140593033115e-06
17060190.14285714	1.597425531416434e-08	chr19	4.387307462492187e-06
18260129.93877551	1.4110753623602395e-08	chr19	3.8754992615728104e-06
19460069.734693877	1.1441635091779058e-08	chr19	3.142429492582624e-06
20660009.530612245	8.534970193234834e-09	chr19	2.3441179375494693e-06
21859949.326530613	5.945524560578217e-09	chr19	1.6329302217879296e-06
23059889.12244898	4.016100527799551e-09	chr19	1.1030165393757214e-06
24259828.91836735	2.9068693170188144e-09	chr19	7.983676982887495e-07
25459768.714285713	2.7291789647995817e-09	chr19	7.495652850949995e-07
26659708.51020408	3.5731853900717257e-09	chr19	9.813705001214842e-07
27859648.30612245	5.381530082265865e-09	chr19	1.4780299065719765e-06
29059588.102040816	7.822934003024244e-09	chr19	2.14855816781764e-06
30259527.897959184	1.0342577123480688e-08	chr19	2.840574718685817e-06
31459467.69387755	1.2382012893581329e-08	chr19	3.4007029748995633e-06
32659407.48979592	1.357706219458945e-08	chr19	3.7289216375692405e-06
33859347.28571428	1.3803942809567706e-08	chr19	3.7912340894245894e-06
35059287.08163265	1.3158614398259933e-08	chr19	3.613995520301536e-06
36259226.87755102	1.1966568441282494e-08	chr19	3.2866017219788412e-06
37459166.67346939	1.0724504628346326e-08	chr19	2.945470587649565e-06
38659106.469387755	9.878234816644794e-09	chr19	2.7130437366233506e-06
39859046.26530612	9.60775486414089e-09	chr19	2.6387567861059966e-06
41058986.06122449	9.85542201448027e-09	chr19	2.7067782315836243e-06
42258925.85714286	1.0531400434623451e-08	chr19	2.892434783883008e-06
43458865.653061226	1.1628390084134764e-08	chr19	3.193721496842337e-06
44658805.448979594	1.3170387732566098e-08	chr19	3.6172290505315216e-06
45858745.24489796	1.5157190631493515e-08	chr19	4.1629017603721024e-06
47058685.04081633	1.7592669793677245e-08	chr19	4.831802794745728e-06
48258624.8367347	2.0490446679800132e-08	chr19	5.627673269274285e-06
49458564.63265306	2.3767003848453472e-08	chr19	6.527575232439264e-06
50658504.428571425	2.7105967950513067e-08	chr19	7.444617174855839e-06
51858444.22448979	2.9934444896180894e-08	chr19	8.221454515136245e-06
53058384.02040816	3.154105245212111e-08	chr19	8.662707091913504e-06
54258323.81632653	3.127744659391514e-08	chr19	8.59030810203144e-06
55458263.6122449	2.88002940608098e-08	chr19	7.909961533100128e-06
56658203.408163264	2.429219457146669e-08	chr19	6.671818149119357e-06
57858143.20408163	1.8516654449097966e-08	chr19	5.085573921739116e-06
59058083.0	1.258863889254912e-08	chr19	3.4574525240577313e-06
752721.0	3.632598340289359e-09	chr1	9.976881859686216e-07
5822475.897959184	5.0929775757589196e-09	chr1	1.3987793537154553e-06
10892230.795918368	6.010918605309483e-09	chr1	1.6508906070960091e-06
15961985.693877552	6.21920070497342e-09	chr1	1.708095002054494e-06
21031740.591836736	5.883181145271806e-09	chr1	1.615807687695931e-06
26101495.48979592	5.3229334855799864e-09	chr1	1.4619364311103286e-06
31171250.387755103	4.789960427145751e-09	chr1	1.315556106607663e-06
36241005.28571428	4.348484130951793e-09	chr1	1.1943052432207658e-06
41310760.18367347	3.990149023012762e-09	chr1	1.095888993936215e-06
46380515.08163266	3.803200115482983e-09	chr1	1.0445437311380872e-06
51450269.97959184	3.887545376228274e-09	chr1	1.0677090421097693e-06
56520024.87755102	4.1285056959545646e-09	chr1	1.1338884656953101e-06
61589779.77551021	4.235919913544561e-09	chr1	1.1633896342407063e-06
66659534.673469394	4.062443786103123e-09	chr1	1.1157446521417155e-06
71729289.57142857	3.758904523123774e-09	chr1	1.032378007034457e-06
76799044.46938775	3.5566746514987257e-09	chr1	9.768358482627305e-07
81868799.36734694	3.5001518186341015e-09	chr1	9.613119292097855e-07
86938554.26530613	3.4704611399983416e-09	chr1	9.531574247660245e-07
92008309.16326532	3.399382186942301e-09	chr1	9.336356871303186e-07
97078064.06122449	3.354081820029524e-09	chr1	9.211940030642179e-07
102147818.95918368	3.3981162958209077e-09	chr1	9.332880118581782e-07
107217573.85714287	3.422709322768614e-09	chr1	9.400424532096489e-07
112287328.75510204	3.182580232069184e-09	chr1	8.740913255440658e-07
117357083.65306123	2.54541160150557e-09	chr1	6.990938290874425e-07
122426838.55102041	1.6738929659413226e-09	chr1	4.597324229803525e-07
127496593.4489796	9.050896139716399e-10	chr1	2.485816295975283e-07
132566348.34693879	4.926359440609586e-10	chr1	1.3530179098577862e-07
137636103.24489796	5.235906244279088e-10	chr1	1.4380345178323443e-07
142705858.14285713	1.0055772056232366e-09	chr1	2.7618040976413794e-07
147775613.04081634	1.896122217906142e-09	chr1	5.207673843199768e-07
152845367.9387755	3.0147332438507875e-09	chr1	8.27992378864877e-07
157915122.8367347	4.0103594853563294e-09	chr1	1.1014397698889275e-06
162984877.73469388	4.5270362930958954e-09	chr1	1.2433443513364553e-06
168054632.63265306	4.458466775879741e-09	chr1	1.2245118268359129e-06
173124387.53061226	4.0145903650299156e-09	chr1	1.1026017752281293e-06
178194142.42857143	3.514943455472108e-09	chr1	9.653744321187205e-07
183263897.32653064	3.1730521494567448e-09	chr1	8.714744506333631e-07
188333652.2244898	3.094552901664101e-09	chr1	8.499147391559016e-07
193403407.12244898	3.3319209893823573e-09	chr1	9.15107561113642e-07
198473162.02040818	3.808915782494061e-09	chr1	1.0461135312970082e-06
203542916.91836736	4.27911562211564e-09	chr1	1.1752532767601476e-06
208612671.81632653	4.502899489304452e-09	chr1	1.2367152110534018e-06
213682426.71428573	4.4685460910943215e-09	chr1	1.227280097029925e-06
218752181.6122449	4.415207276104128e-09	chr1	1.2126306641490402e-06
223821936.51020408	4.651640235458198e-09	chr1	1.2775666543753546e-06
228891691.40816328	5.264954851789012e-09	chr1	1.446012678316e-06
233961446.30612245	5.911722504202842e-09	chr1	1.6236465330483507e-06
239031201.20408165	5.98164274345718e-09	chr1	1.6428500315167764e-06
244100956.10204083	5.1115933429812194e-09	chr1	1.4038921488253465e-06
249170711.0	3.5517704542870283e-09	chr1	9.75488917178855e-07
69094.0	1.4101618930650773e-08	chr20	3.87299043059659e-06
1351490.3265306123	1.862234645548505e-08	chr20	5.114602087323564e-06
2633886.6530612246	2.2200669906706116e-08	chr20	6.097383748940837e-06
3916282.979591837	2.4407096429104617e-08	chr20	6.703375787804529e-06
5198679.306122449	2.517598169577439e-08	chr20	6.9145490789481526e-06
6481075.632653061	2.4718183666494918e-08	chr20	6.788815473802183e-06
7763471.959183674	2.3437099815569328e-08	chr20	6.436967539190773e-06
9045868.285714285	2.1774843143340938e-08	chr20	5.980431008428146e-06
10328264.612244898	2.0049639568765553e-08	chr20	5.506606196679872e-06
11610660.938775511	1.8449793002801032e-08	chr20	5.067210516589865e-06
12893057.265306123	1.7131491148124308e-08	chr20	4.705140707945202e-06
14175453.591836736	1.621259339230613e-08	chr20	4.452766690998465e-06
15457849.918367349	1.5650468427631014e-08	chr20	4.298379835156396e-06
16740246.24489796	1.5195480198481113e-08	chr20	4.173417937788607e-06
18022642.57142857	1.4511985611003448e-08	chr20	3.985697080369054e-06
19305038.897959184	1.3361237959997358e-08	chr20	3.669645805526357e-06
20587435.224489797	1.1708586555580189e-08	chr20	3.2157473484841393e-06
21869831.55102041	9.704602752658411e-09	chr20	2.665355926764702e-06
23152227.877551023	7.584292191850291e-09	chr20	2.0830155194478118e-06
24434624.204081632	5.585587956228816e-09	chr20	1.5340741236957703e-06
25717020.530612245	3.936961495573243e-09	chr20	1.081281111975045e-06
26999416.85714286	2.8455761193863603e-09	chr20	7.815336050503354e-07
28281813.18367347	2.4180791173770506e-09	chr20	6.641221357691711e-07
29564209.510204084	2.58149943786799e-09	chr20	7.090053041868578e-07
30846605.836734697	3.128014853272634e-09	chr20	8.591050185845453e-07
32129002.163265307	3.876746084465052e-09	chr20	1.0647430313373983e-06
33411398.48979592	4.790643137483404e-09	chr20	1.3157436120719368e-06
34693794.81632653	5.9255281414283266e-09	chr20	1.6274382325067987e-06
35976191.14285714	7.2901088420781684e-09	chr20	2.0022184631586372e-06
37258587.469387755	8.7868834007064e-09	chr20	2.413305556834629e-06
38540983.79591837	1.0267672403240524e-08	chr20	2.8200022393043113e-06
39823380.12244898	1.1603497459616547e-08	chr20	3.1868847714262264e-06
41105776.448979594	1.2717832954032185e-08	chr20	3.4929354970606564e-06
42388172.77551021	1.361128916362658e-08	chr20	3.73832202799257e-06
43670569.10204082	1.436673231666594e-08	chr20	3.9458034609379524e-06
44952965.42857143	1.509806591106421e-08	chr20	4.146663236443714e-06
46235361.755102046	1.5885749884787883e-08	chr20	4.362999566872783e-06
47517758.08163266	1.6768194008177647e-08	chr20	4.605361643328854e-06
48800154.408163264	1.77661279811716e-08	chr20	4.879442849662688e-06
50082550.73469388	1.8885983774954138e-08	chr20	5.187009717998689e-06
51364947.06122449	2.0120175221167847e-08	chr20	5.52597871753109e-06
52647343.3877551	2.1465526722744772e-08	chr20	5.89547767485086e-06
53929739.71428572	2.290774027416535e-08	chr20	6.291579662218267e-06
55212136.04081633	2.4332566758425728e-08	chr20	6.682906315274149e-06
56494532.36734694	2.5423298886310227e-08	chr20	6.982474408442439e-06
57776928.693877555	2.5651067985127065e-08	chr20	7.045030881173795e-06
59059325.02040817	2.4433635922452346e-08	chr20	6.710664823501361e-06
60341721.34693878	2.1457265698004154e-08	chr20	5.893208795658713e-06
61624117.673469394	1.6992358053211188e-08	chr20	4.666927992949298e-06
62906514.0	1.1908841282325197e-08	chr20	3.2707470364050323e-06
14665973.0	1.2291187240341629e-08	chr21	3.3757578329566444e-06
15348194.020408163	1.8893597685850503e-08	chr21	5.189100868254987e-06
16030415.040816326	2.552863430578074e-08	chr21	7.0114046379159815e-06
16712636.06122449	3.1046761805109124e-08	chr21	8.526950839016202e-06
17394857.08163265	3.4837451868151634e-08	chr21	9.568058701292246e-06
18077078.102040816	3.683968039042622e-08	chr21	1.011796803757291e-05
18759299.12244898	3.7228835315605144e-08	chr21	1.0224848907680776e-05
19441520.14285714	3.624075564515388e-08	chr21	9.953474172117121e-06
20123741.163265307	3.424605627326669e-08	chr21	9.405632706734424e-06
20805962.18367347	3.176744692634361e-08	chr21	8.72488602587249e-06
21488183.204081632	2.925741066125239e-08	chr21	8.035507984744266e-06
22170404.224489797	2.691212203211207e-08	chr21	7.391377657416786e-06
22852625.24489796	2.4800899196592452e-08	chr21	6.811533181471418e-06
23534846.265306123	2.3088669416223106e-08	chr21	6.341271604629407e-06
24217067.285714287	2.1979635896882813e-08	chr21	6.036677059227265e-06
24899288.306122452	2.1505294104378633e-08	chr21	5.906399732046936e-06
25581509.326530613	2.157023103841207e-08	chr21	5.924234572524515e-06
26263730.346938774	2.2180094393342947e-08	chr21	6.09173271222285e-06
26945951.36734694	2.332869737946499e-08	chr21	6.407194957776527e-06
27628172.387755103	2.4556868832335308e-08	chr21	6.74451057433738e-06
28310393.408163264	2.4952700056702055e-08	chr21	6.853225080922972e-06
28992614.42857143	2.393539565678611e-08	chr21	6.573823813220695e-06
29674835.448979594	2.2008292589300996e-08	chr21	6.044547580764826e-06
30357056.469387755	2.0521637210291047e-08	chr21	5.636239705987022e-06
31039277.48979592	2.0597975355644682e-08	chr21	5.6572058736233835e-06
31721498.510204084	2.2261101304813732e-08	chr21	6.113981150113666e-06
32403719.530612245	2.452710557063205e-08	chr21	6.736336135053e-06
33085940.55102041	2.6285661197617567e-08	chr21	7.219321042564778e-06
33768161.571428575	2.7153478139066946e-08	chr21	7.457665783425531e-06
34450382.591836736	2.7570958186895817e-08	chr21	7.5723261098857644e-06
35132603.612244904	2.8141409879446934e-08	chr21	7.728999890196615e-06
35814824.63265306	2.8960513955745468e-08	chr21	7.95396570899856e-06
36497045.653061226	2.9644518853660163e-08	chr21	8.141826722484518e-06
37179266.673469394	2.992125267624604e-08	chr21	8.217831289901095e-06
37861487.69387755	3.004864211742758e-08	chr21	8.252818626396392e-06
38543708.71428572	3.067516902473263e-08	chr21	8.424893388055814e-06
39225929.73469388	3.239756591080843e-08	chr21	8.897947346630846e-06
39908150.75510204	3.5391163552361406e-08	chr21	9.72013486111477e-06
40590371.77551021	3.926027191713761e-08	chr21	1.0782780203143446e-05
41272592.79591837	4.3111402480123405e-08	chr21	1.1840487966399089e-05
41954813.81632653	4.5813416474699976e-08	chr21	1.2582592429425462e-05
42637034.8367347	4.640055572283362e-08	chr21	1.2743849424145877e-05
43319255.85714286	4.4542451685044015e-08	chr21	1.2233523681207942e-05
44001476.87755102	4.08302106437522e-08	chr21	1.1213961735895355e-05
44683697.89795919	3.648353119214835e-08	chr21	1.0020152145399233e-05
45365918.91836735	3.246854958142094e-08	chr21	8.917442915073227e-06
46048139.93877551	2.8768413469076327e-08	chr21	7.901205572007099e-06
46730360.95918368	2.4606824106478212e-08	chr21	6.7582307223334915e-06
47412581.97959184	1.9434369506522598e-08	chr21	5.337623112183093e-06
48094803.0	1.3633657222897201e-08	chr21	3.7444653850022984e-06
17087705.0	2.1008756781526286e-08	chr22	5.7700264326904165e-06
17784482.55102041	2.7291728170371002e-08	chr22	7.4956359662040825e-06
18481260.102040816	3.110921757802351e-08	chr22	8.544104231972181e-06
19178037.653061226	3.2073157350089437e-08	chr22	8.808848977326785e-06
19874815.204081632	3.116236237070669e-08	chr22	8.558700376890735e-06
20571592.755102042	2.987081492200487e-08	chr22	8.20397862940321e-06
21268370.30612245	2.9231695010625547e-08	chr22	8.028445216328516e-06
21965147.85714286	2.94244021654638e-08	chr22	8.081371973906242e-06
22661925.408163264	3.004786545521745e-08	chr22	8.252605317178321e-06
23358702.959183674	3.074051123315077e-08	chr22	8.442839536591105e-06
24055480.51020408	3.165797111622439e-08	chr22	8.694818643747165e-06
24752258.06122449	3.334427664543091e-08	chr22	9.157960160320369e-06
25449035.612244897	3.598818271326032e-08	chr22	9.884105360418114e-06
26145813.163265307	3.8726099186750966e-08	chr22	1.0636070390373202e-05
26842590.714285716	3.97953709998822e-08	chr22	1.0929744437326958e-05
27539368.265306123	3.765074654536241e-08	chr22	1.0340726252221651e-05
28236145.81632653	3.2199666172838704e-08	chr22	8.843594453169205e-06
28932923.36734694	2.504291550149473e-08	chr22	6.878002629947119e-06
29629700.91836735	1.8476524745530763e-08	chr22	5.07455235331759e-06
30326478.469387755	1.4184764756130925e-08	chr22	3.8958263183065285e-06
31023256.02040816	1.2656316288604422e-08	chr22	3.4760400286966602e-06
31720033.57142857	1.3406808172785219e-08	chr22	3.682161602394475e-06
32416811.12244898	1.5471056597488618e-08	chr22	4.249104620395984e-06
33113588.673469387	1.788236986754387e-08	chr22	4.91136852541441e-06
33810366.22448979	2.012681587694624e-08	chr22	5.527802564594969e-06
34507143.77551021	2.2341265558633657e-08	chr22	6.135998153228511e-06
35203921.32653061	2.4935758313083132e-08	chr22	6.848572054115454e-06
35900698.87755102	2.7845399256406753e-08	chr22	7.647700975793412e-06
36597476.42857143	3.0171918725885035e-08	chr22	8.286676378986372e-06
37294253.97959183	3.070683275995744e-08	chr22	8.433589789804135e-06
37991031.530612245	2.8873435936067597e-08	chr22	7.930049849508509e-06
38687809.08163265	2.5134584124966373e-08	chr22	6.903179292515979e-06
39384586.63265306	2.0579088305129332e-08	chr22	5.6520185709265885e-06
40081364.18367347	1.6329442116699778e-08	chr22	4.484859033986145e-06
40778141.73469388	1.3352377180488727e-08	chr22	3.6672122045041392e-06
41474919.28571428	1.2493620223267233e-08	chr22	3.4313557759703974e-06
42171696.8367347	1.4308816201199592e-08	chr22	3.929896878716322e-06
42868474.3877551	1.8698638692825052e-08	chr22	5.135555646386516e-06
43565251.93877551	2.4711869834755924e-08	chr22	6.787081388515538e-06
44262029.48979592	3.0813074172455005e-08	chr22	8.462768849028446e-06
44958807.04081632	3.560509601416534e-08	chr22	9.778891120338289e-06
45655584.591836736	3.8599092613052354e-08	chr22	1.060118820791056e-05
46352362.14285714	4.039491811266513e-08	chr22	1.1094409235171765e-05
47049139.69387755	4.196989491857146e-08	chr22	1.1526974469538463e-05
47745917.24489796	4.3561354676128184e-08	chr22	1.1964066724123469e-05
48442694.79591837	4.412687026779145e-08	chr22	1.2119384811049247e-05
49139472.346938774	4.199195195386324e-08	chr22	1.1533032404236068e-05
49836249.89795919	3.6250355288694624e-08	chr22	9.956110701139306e-06
50533027.448979594	2.7698156886154267e-08	chr22	7.607261059371708e-06
51229805.0	1.844718364094925e-08	chr22	5.066493858911651e-06
118913.0	4.0881779446002076e-09	chr2	1.1228125037188157e-06
5076567.0	5.671984163994298e-09	chr2	1.5578027244728234e-06
10034221.0	6.417953264781829e-09	chr2	1.7626821218724468e-06
14991875.0	6.19679629216638e-09	chr2	1.7019416605955077e-06
19949529.0	5.475300582798825e-09	chr2	1.503783846812627e-06
24907183.0	4.8270606778263495e-09	chr2	1.3257456399204927e-06
29864837.0	4.505756014481162e-09	chr2	1.2374997518021318e-06
34822491.0	4.424038707291715e-09	chr2	1.2150562046948603e-06
39780145.0	4.368267758006385e-09	chr2	1.1997387894427802e-06
44737799.0	4.1881765983167454e-09	chr2	1.1502769977475747e-06
49695453.0	3.8970682661796134e-09	chr2	1.0703244908631743e-06
54653107.0	3.667117086998363e-09	chr2	1.0071687127320824e-06
59610761.0	3.6631966176472892e-09	chr2	1.0060919611651292e-06
64568415.0	3.840866272474543e-09	chr2	1.0548886898483655e-06
69526069.0	3.955721186503272e-09	chr2	1.0864334355352161e-06
74483723.0	3.775384338045985e-09	chr2	1.0369041657546447e-06
79441377.0	3.256490316640556e-09	chr2	8.943906295939943e-07
84399031.0	2.571310787160302e-09	chr2	7.062070051485965e-07
89356685.0	2.021539451252486e-09	chr2	5.552130566198078e-07
94314339.0	1.8625607965281599e-09	chr2	5.115497856546478e-07
99271993.0	2.1164885345519305e-09	chr2	5.812906930118512e-07
104229647.0	2.567356719711889e-09	chr2	7.051210259099751e-07
109187301.0	2.980654659321398e-09	chr2	8.186327420444747e-07
114144955.0	3.2858793934398916e-09	chr2	9.024622995042124e-07
119102609.0	3.5247125069453756e-09	chr2	9.680574887988108e-07
124060263.0	3.7107835912081833e-09	chr2	1.0191616586324036e-06
129017917.0	3.793613621973126e-09	chr2	1.0419108137539738e-06
133975571.0	3.7164301186603424e-09	chr2	1.020712469705647e-06
138933225.0	3.4900074419138914e-09	chr2	9.585257899618767e-07
143890879.0	3.2149165899996685e-09	chr2	8.829724622022759e-07
148848533.0	3.0165853948273216e-09	chr2	8.285010696076502e-07
153806187.0	2.9740758368005053e-09	chr2	8.168258774005416e-07
158763841.0	3.116158075701501e-09	chr2	8.558485707755001e-07
163721495.0	3.408036962684226e-09	chr2	9.36012709498621e-07
168679149.0	3.694169776122679e-09	chr2	1.0145986969498978e-06
173636803.0	3.751166804324896e-09	chr2	1.030252853106381e-06
178594457.0	3.4966912666554076e-09	chr2	9.60361493322674e-07
183552111.0	3.096802805147262e-09	chr2	8.505326720828159e-07
188509765.0	2.8057588064179555e-09	chr2	7.705978342812422e-07
193467419.0	2.75752932141715e-09	chr2	7.573516719222017e-07
198425073.0	2.9491673489853447e-09	chr2	8.099847951515336e-07
203382727.0	3.3401083862466734e-09	chr2	9.173562185098556e-07
208340381.0	3.893652290307654e-09	chr2	1.0693862977430574e-06
213298035.0	4.547145717613803e-09	chr2	1.2488673773879802e-06
218255689.0	5.200100375896127e-09	chr2	1.428200484854401e-06
223213343.0	5.756941108173031e-09	chr2	1.581136033466288e-06
228170997.0	6.11174478782798e-09	chr2	1.6785823807829972e-06
233128651.0	6.037451351650446e-09	chr2	1.6581777897366235e-06
238086305.0	5.263661890138108e-09	chr2	1.445657568159804e-06
243043959.0	3.834767259966367e-09	chr2	1.0532136043708454e-06
108226.0	5.707365858171212e-09	chr3	1.5675202585828705e-06
4142756.9795918367	7.520072211148985e-09	chr3	2.065377589226294e-06
8177287.959183673	8.218347829161574e-09	chr3	2.2571580365480875e-06
12211818.93877551	7.803297208835921e-09	chr3	2.1431649490423363e-06
16246349.918367347	6.8944187925541295e-09	chr3	1.8935427300512918e-06
20280880.897959184	6.113759754229538e-09	chr3	1.6791357885604717e-06
24315411.87755102	5.64828678779945e-09	chr3	1.5512942723806027e-06
28349942.85714286	5.314037009571083e-09	chr3	1.4594930260929359e-06
32384473.836734693	4.884728907181717e-09	chr3	1.3415841405594033e-06
36419004.81632653	4.3176490843807215e-09	chr3	1.1858364396823872e-06
40453535.79591837	3.753552750219716e-09	chr3	1.030908149896346e-06
44488066.77551021	3.41836923599403e-09	chr3	9.38850454288916e-07
48522597.75510204	3.526843027918363e-09	chr3	9.686426334819244e-07
52557128.73469388	4.145320166167972e-09	chr3	1.1385065370353694e-06
56591659.71428572	5.066120429602618e-09	chr3	1.3914030751074436e-06
60626190.69387755	5.8807107939916755e-09	chr3	1.6151292090818649e-06
64660721.67346939	6.23283717961022e-09	chr3	1.711840241238387e-06
68695252.65306123	5.98617413218178e-09	chr3	1.6440945712574967e-06
72729783.63265306	5.200535932617493e-09	chr3	1.4283201099146248e-06
76764314.6122449	4.074282078391833e-09	chr3	1.1189960229931234e-06
80798845.59183674	2.9121200856105035e-09	chr3	7.99809814730053e-07
84833376.57142857	2.021663209717267e-09	chr3	5.552470467135807e-07
88867907.55102041	1.5840238322569875e-09	chr3	4.350499878303783e-07
92902438.53061225	1.6192447091184397e-09	chr3	4.4472335368379314e-07
96936969.51020408	2.0190875203229603e-09	chr3	5.545396371299437e-07
100971500.48979592	2.595373266985761e-09	chr3	7.128157324556338e-07
105006031.46938775	3.1639260644727377e-09	chr3	8.689679838237228e-07
109040562.44897959	3.623922964920388e-09	chr3	9.95305505940811e-07
113075093.42857143	3.956163204551702e-09	chr3	1.0865548351901168e-06
117109624.40816326	4.171909249710621e-09	chr3	1.1458091926116865e-06
121144155.3877551	4.287701382196871e-09	chr3	1.1776113440712512e-06
125178686.36734694	4.326176601782582e-09	chr3	1.1881785107209376e-06
129213217.34693877	4.322204793449384e-09	chr3	1.1870876589724761e-06
133247748.3265306	4.32987752220476e-09	chr3	1.189194963473631e-06
137282279.30612245	4.39921536349013e-09	chr3	1.2082385071332008e-06
141316810.2857143	4.509984698459093e-09	chr3	1.2386611540965126e-06
145351341.26530612	4.535230674251709e-09	chr3	1.245594926958815e-06
149385872.24489796	4.326730016566154e-09	chr3	1.1883305053374045e-06
153420403.2244898	3.888113107663487e-09	chr3	1.0678649687751077e-06
157454934.20408162	3.4591379487164563e-09	chr3	9.500475257044894e-07
161489465.18367347	3.381250405030308e-09	chr3	9.286558179266361e-07
165523996.16326532	3.82892096613308e-09	chr3	1.0516079277331397e-06
169558527.14285713	4.662155707336309e-09	chr3	1.2804547144028888e-06
173593058.12244898	5.586851261094434e-09	chr3	1.5344210886562849e-06
177627589.10204083	6.446155097989349e-09	chr3	1.7704277169473924e-06
181662120.08163264	7.224521214398141e-09	chr3	1.984204910557372e-06
185696651.0612245	7.746323880796927e-09	chr3	2.1275173021033984e-06
189731182.04081634	7.587465421231182e-09	chr3	2.083887042574817e-06
193765713.02040815	6.4577819935799095e-09	chr3	1.7736210279836102e-06
197800244.0	4.5991926502136365e-09	chr3	1.2631619965301071e-06
167596.0	4.8185088473655445e-09	chr4	1.3233968913334216e-06
4060843.5918367347	6.653436698986395e-09	chr4	1.8273573263098578e-06
7954091.183673469	7.602928177221796e-09	chr4	2.088133867444842e-06
11847338.775510203	7.559815340570643e-09	chr4	2.0762929855853233e-06
15740586.367346939	7.029521937772699e-09	chr4	1.9306486248530367e-06
19633833.959183674	6.536750092274068e-09	chr4	1.7953095087225214e-06
23527081.551020406	6.210139671551066e-09	chr4	1.7056064015676508e-06
27420329.14285714	5.920035040235765e-09	chr4	1.6259295597467622e-06
31313576.734693877	5.579115506167431e-09	chr4	1.5322964741029444e-06
35206824.32653061	5.1746795548587005e-09	chr4	1.421218690983779e-06
39100071.91836735	4.6549654137889485e-09	chr4	1.2784799100744594e-06
42993319.510204084	4.010893611724567e-09	chr4	1.1015864669683965e-06
46886567.10204081	3.4340420339306858e-09	chr4	9.431549668933096e-07
50779814.69387755	3.1803268415965185e-09	chr4	8.734724349202338e-07
54673062.28571428	3.25998128149207e-09	chr4	8.953494183351987e-07
58566309.87755102	3.4232657259455615e-09	chr4	9.401952685842857e-07
62459557.469387755	3.4723359434440014e-09	chr4	9.536723369785867e-07
66352805.06122449	3.458721945958152e-09	chr4	9.499332711135848e-07
70246052.65306123	3.553580340240982e-09	chr4	9.759859998907483e-07
74139300.24489796	3.825760312280242e-09	chr4	1.050739858457784e-06
78032547.8367347	4.176101493893034e-09	chr4	1.1469605867658653e-06
81925795.42857143	4.4281954104957576e-09	chr4	1.2161978375677425e-06
85819043.02040817	4.460406742074734e-09	chr4	1.2250446359088172e-06
89712290.6122449	4.285695306644053e-09	chr4	1.1770603781532719e-06
93605538.20408162	4.032707640515644e-09	chr4	1.1075776602615981e-06
97498785.79591836	3.851948003675815e-09	chr4	1.057932272227668e-06
101392033.3877551	3.823017020841853e-09	chr4	1.0499864172010412e-06
105285280.97959183	3.912364225525032e-09	chr4	1.0745255052618002e-06
109178528.57142857	3.995533423541744e-09	chr4	1.0973678122070676e-06
113071776.1632653	3.953164264970862e-09	chr4	1.0857311805192842e-06
116965023.75510204	3.782838809987648e-09	chr4	1.0389515263192148e-06
120858271.34693877	3.604308038397873e-09	chr4	9.899182930901338e-07
124751518.93877551	3.5519520743506477e-09	chr4	9.75538798881932e-07
128644766.53061225	3.6867293328758484e-09	chr4	1.0125551893472539e-06
132538014.12244898	3.979604836517993e-09	chr4	1.09299304747833e-06
136431261.7142857	4.318943222851101e-09	chr4	1.186191873050449e-06
140324509.30612245	4.5651224686916944e-09	chr4	1.253804667584254e-06
144217756.89795917	4.668077665889419e-09	chr4	1.282081172252826e-06
148111004.48979592	4.707656573544153e-09	chr4	1.2929514653272666e-06
152004252.08163264	4.776708413021525e-09	chr4	1.3119164589798508e-06
155897499.6734694	4.8827463458261906e-09	chr4	1.3410396327836803e-06
159790747.26530612	5.0090674541265886e-09	chr4	1.375733553108417e-06
163683994.85714287	5.206711586171779e-09	chr4	1.4300162447510613e-06
167577242.4489796	5.587358076569671e-09	chr4	1.5345602848361935e-06
171470490.04081634	6.256971055549327e-09	chr4	1.7184685773907846e-06
175363737.63265306	7.2012766026502634e-09	chr4	1.9778208096037722e-06
179256985.2244898	8.121036969569966e-09	chr4	2.230431741514526e-06
183150232.81632653	8.424734654166032e-09	chr4	2.31384189690302e-06
187043480.40816325	7.602369593944836e-09	chr4	2.087980453308706e-06
190936728.0	5.732421676271862e-09	chr4	1.5744018048941001e-06
157856.0	5.869318941246745e-09	chr5	1.6120004522430325e-06
3842243.285714286	7.746122798140021e-09	chr5	2.1274620750255865e-06
7526630.571428572	8.553858976248531e-09	chr5	2.349305716074576e-06
11211017.857142858	8.194159536675552e-09	chr5	2.250514754965204e-06
14895405.142857144	7.156351225798963e-09	chr5	1.965482116047259e-06
18579792.42857143	6.089268213404025e-09	chr5	1.6724092202342208e-06
22264179.714285716	5.4355109390208395e-09	chr5	1.4928556753489926e-06
25948567.0	5.285365246011168e-09	chr5	1.4516183652868268e-06
29632954.285714287	5.377433545451521e-09	chr5	1.4769047983160687e-06
33317341.571428575	5.273428983606615e-09	chr5	1.448340087076554e-06
37001728.85714286	4.699843964027652e-09	chr5	1.2908057427656088e-06
40686116.14285714	3.798881672930221e-09	chr5	1.0433576767733947e-06
44370503.42857143	3.022061549788035e-09	chr5	8.300050881081932e-07
48054890.71428572	2.74476227159225e-09	chr5	7.538452190785984e-07
51739278.0	2.96901234904604e-09	chr5	8.154351973860745e-07
55423665.28571429	3.3993216718074012e-09	chr5	9.336190667309498e-07
59108052.571428575	3.786650853359928e-09	chr5	1.0399984988387863e-06
62792439.85714286	4.142610919224012e-09	chr5	1.1377624460526476e-06
66476827.14285715	4.605668065206195e-09	chr5	1.2649404604372413e-06
70161214.42857143	5.163835449862896e-09	chr5	1.4182403723181224e-06
73845601.71428572	5.57011850533807e-09	chr5	1.529825460080544e-06
77529989.0	5.54760339267654e-09	chr5	1.5236417150573134e-06
81214376.28571428	5.063994473682928e-09	chr5	1.3908191842099996e-06
84898763.57142858	4.370723387389876e-09	chr5	1.200413224707988e-06
88583150.85714287	3.772383350216435e-09	chr5	1.0360799485350938e-06
92267538.14285715	3.4049810299612745e-09	chr5	9.351734017389415e-07
95951925.42857143	3.2455469919993856e-09	chr5	8.913850603878912e-07
99636312.71428572	3.25423071768622e-09	chr5	8.937700338191286e-07
103320700.0	3.422937262077073e-09	chr5	9.401050564302266e-07
107005087.2857143	3.7102065618094614e-09	chr5	1.019003178294053e-06
110689474.57142858	4.016946534943151e-09	chr5	1.1032488940853112e-06
114373861.85714287	4.251222498551886e-09	chr5	1.1675924683683495e-06
118058249.14285715	4.3801001740062445e-09	chr5	1.2029885463794599e-06
121742636.42857143	4.41289453617579e-09	chr5	1.2119954732780515e-06
125427023.71428572	4.37823502054581e-09	chr5	1.2024762845221948e-06
129111411.0	4.339359415191145e-09	chr5	1.1917991524664558e-06
132795798.2857143	4.393838868335386e-09	chr5	1.2067618600626143e-06
136480185.57142857	4.6177062872550255e-09	chr5	1.2682467417249294e-06
140164572.85714287	4.993093585295173e-09	chr5	1.371346351792885e-06
143848960.14285716	5.38199652159599e-09	chr5	1.4781580134986287e-06
147533347.42857143	5.611032342286608e-09	chr5	1.541062389667136e-06
151217734.71428573	5.652037704785632e-09	chr5	1.5523244566214966e-06
154902122.0	5.720010096670722e-09	chr5	1.5709929814632444e-06
158586509.2857143	6.133851326410286e-09	chr5	1.6846539114919135e-06
162270896.57142857	7.033795225593814e-09	chr5	1.9318222775321905e-06
165955283.85714287	8.184099561125134e-09	chr5	2.24775179638361e-06
169639671.14285716	9.010252557792723e-09	chr5	2.4746535915631377e-06
173324058.42857143	8.89815783050047e-09	chr5	2.4438669274036353e-06
177008445.71428573	7.611837813081923e-09	chr5	2.0905808867974475e-06
180692833.0	5.505659058290952e-09	chr5	1.5121217607533412e-06
183917.0	6.447278550560517e-09	chr6	1.7707362716657376e-06
3669585.714285714	8.395855800639412e-09	chr6	2.3059103591196457e-06
7155254.428571428	9.41644331238625e-09	chr6	2.5862133290141436e-06
10640923.142857142	9.483998893735838e-09	chr6	2.6047673774100797e-06
14126591.857142856	8.922416588125506e-09	chr6	2.4505295621409636e-06
17612260.57142857	8.02270019097663e-09	chr6	2.203423679224609e-06
21097929.285714284	6.940093851125434e-09	chr6	1.906087322671016e-06
24583598.0	5.872104012745706e-09	chr6	1.6127653683365003e-06
28069266.714285713	5.156125051373202e-09	chr6	1.416122721875749e-06
31554935.428571425	5.069740159375486e-09	chr6	1.392397228958899e-06
35040604.14285714	5.538721406758784e-09	chr6	1.521202289723716e-06
38526272.85714286	6.116747696075171e-09	chr6	1.6799564227183105e-06
42011941.57142857	6.298954736141175e-09	chr6	1.72999933807671e-06
45497610.28571428	5.872042952826513e-09	chr6	1.6127485983128676e-06
48983279.0	4.984000406521016e-09	chr6	1.3688489226289566e-06
52468947.71428571	3.9386092616145365e-09	chr6	1.0817336686737598e-06
55954616.428571425	3.004604166744766e-09	chr6	8.252104416351645e-07
59440285.14285714	2.3823078381605932e-09	chr6	6.54297602658692e-07
62925953.85714285	2.1784246469530776e-09	chr6	5.98301361915732e-07
66411622.57142857	2.327477230269555e-09	chr6	6.392384508896557e-07
69897291.28571428	2.6144346137401514e-09	chr6	7.180509053770616e-07
73382960.0	2.8435256516215357e-09	chr6	7.80970446871798e-07
76868628.71428572	2.984418942430752e-09	chr6	8.196665972728906e-07
80354297.42857142	3.153279351074188e-09	chr6	8.660438784913725e-07
83839966.14285713	3.4597740702677725e-09	chr6	9.50222235622057e-07
87325634.85714285	3.871687075745977e-09	chr6	1.0633535814839e-06
90811303.57142857	4.244497149064304e-09	chr6	1.165745360292609e-06
94296972.28571428	4.494682182304899e-09	chr6	1.2344583388792878e-06
97782641.0	4.691241895313224e-09	chr6	1.288443196310613e-06
101268309.7142857	4.918794696236301e-09	chr6	1.35094026312008e-06
104753978.42857142	5.0976341007881794e-09	chr6	1.4000582619717944e-06
108239647.14285713	5.041741676928136e-09	chr6	1.3847074838932375e-06
111725315.85714285	4.712742898438099e-09	chr6	1.2943484175309842e-06
115210984.57142857	4.336679469069284e-09	chr6	1.1910631089146108e-06
118696653.28571428	4.214958861644657e-09	chr6	1.1576327098887715e-06
122182322.0	4.458215075871472e-09	chr6	1.2244426977714982e-06
125667990.7142857	4.9440938243342545e-09	chr6	1.357888634190641e-06
129153659.42857142	5.473404126606275e-09	chr6	1.503262987702626e-06
132639328.14285713	5.891190238431524e-09	chr6	1.6180073742225554e-06
136124996.85714284	6.123308025760064e-09	chr6	1.6817582083300264e-06
139610665.57142857	6.230330830062088e-09	chr6	1.7111518757490497e-06
143096334.28571427	6.407165678431333e-09	chr6	1.7597193259757364e-06
146582003.0	6.804510793224106e-09	chr6	1.8688496205046707e-06
150067671.7142857	7.3534140966167744e-09	chr6	2.0196051650855763e-06
153553340.42857143	7.852791111823674e-09	chr6	2.1567583820791483e-06
157039009.14285713	8.168599159519073e-09	chr6	2.2434946321965826e-06
160524677.85714284	8.206394919323402e-09	chr6	2.2538751861428476e-06
164010346.57142857	7.75455146108558e-09	chr6	2.1297769958223695e-06
167496015.28571427	6.592417891466478e-09	chr6	1.810598593942088e-06
170981684.0	4.822685546310596e-09	chr6	1.3245440160093343e-06
46239.0	4.60119698689958e-09	chr7	1.263712484870668e-06
3292631.7959183673	6.508403207507822e-09	chr7	1.7875240754345557e-06
6539024.591836735	7.960093049263962e-09	chr7	2.1862287130343707e-06
9785417.387755102	8.672629800181674e-09	chr7	2.3819259610825654e-06
13031810.18367347	8.715198969882489e-09	chr7	2.3936175255547373e-06
16278202.979591837	8.383880577123234e-09	chr7	2.3026213802931363e-06
19524595.775510203	7.987383661672946e-09	chr7	2.1937240425582295e-06
22770988.57142857	7.71768824680005e-09	chr7	2.119652564232563e-06
26017381.36734694	7.61757267166111e-09	chr7	2.0921559578944078e-06
29263774.163265307	7.601707395413816e-09	chr7	2.0877985813841845e-06
32510166.959183674	7.53611563682983e-09	chr7	2.0697838942357736e-06
35756559.75510204	7.336612301725076e-09	chr7	2.0149905750053583e-06
39002952.551020406	6.991684935417234e-09	chr7	1.920256743696281e-06
42249345.346938774	6.5060885216137775e-09	chr7	1.7868883501067362e-06
45495738.14285714	5.8566485118822795e-09	chr7	1.608520536077275e-06
48742130.93877551	5.017141749713472e-09	chr7	1.377951147392846e-06
51988523.73469388	4.03030183608649e-09	chr7	1.1069169093522295e-06
55234916.530612245	3.0647725047674537e-09	chr7	8.417355937139987e-07
58481309.32653061	2.388948722140462e-09	chr7	6.56121512397795e-07
61727702.12244898	2.232951147359859e-09	chr7	6.132769909784611e-07
64974094.91836735	2.6246458266597763e-09	chr7	7.20855401096098e-07
68220487.71428572	3.366225836393107e-09	chr7	9.245293406163435e-07
71466880.51020408	4.181087687649396e-09	chr7	1.1483300380890405e-06
74713273.30612245	4.8478568340419684e-09	chr7	1.3314572758973533e-06
77959666.10204081	5.213244837405205e-09	chr7	1.4318105933029672e-06
81206058.89795919	5.214495440115102e-09	chr7	1.4321540696337153e-06
84452451.69387755	4.9651778590614854e-09	chr7	1.3636793356085784e-06
87698844.48979592	4.718046028982427e-09	chr7	1.2958049151112545e-06
90945237.28571428	4.657401785837739e-09	chr7	1.2791490563389233e-06
94191630.08163266	4.7731411315761825e-09	chr7	1.310936709990107e-06
97438022.87755102	4.952339887690617e-09	chr7	1.3601534042589819e-06
100684415.6734694	5.099118273835485e-09	chr7	1.4004658880775508e-06
103930808.46938775	5.1268102073847435e-09	chr7	1.4080714399059214e-06
107177201.26530612	4.9396421744212684e-09	chr7	1.3566659946059133e-06
110423594.06122449	4.5190206789613235e-09	chr7	1.24114287383297e-06
113669986.85714285	4.0003749182960356e-09	chr7	1.0986975221464277e-06
116916379.65306123	3.6184402782126908e-09	chr7	9.937996935048562e-07
120162772.44897959	3.5848500732632207e-09	chr7	9.84574189470826e-07
123409165.24489796	3.995789231907934e-09	chr7	1.0974380696263891e-06
126655558.04081632	4.782341483279737e-09	chr7	1.3134635740531075e-06
129901950.8367347	5.722554529318256e-09	chr7	1.571691806423957e-06
133148343.63265306	6.553796518111494e-09	chr7	1.799991286358756e-06
136394736.42857143	7.142611993477917e-09	chr7	1.9617086546053605e-06
139641129.2244898	7.60068152861545e-09	chr7	2.087516828465411e-06
142887522.02040815	8.222201592292712e-09	chr7	2.2582164673426002e-06
146133914.81632653	9.166355501794492e-09	chr7	2.517527052495535e-06
149380307.6122449	1.0091129031123558e-08	chr7	2.7715148426332743e-06
152626700.40816328	1.0220813137783643e-08	chr7	2.8071324058765464e-06
155873093.20408162	8.982803358166656e-09	chr7	2.4671147062761283e-06
159119486.0	6.603642464402017e-09	chr7	1.8136814076091335e-06
113565.0	6.706756873212857e-09	chr8	1.8420016395303756e-06
3096563.0816326533	8.870429824780115e-09	chr8	2.436251468402609e-06
6079561.1632653065	1.0093275997326064e-08	chr8	2.7721045039762745e-06
9062559.24489796	1.0381743058673839e-08	chr8	2.8513315894362197e-06
12045557.326530613	1.024178936257988e-08	chr8	2.8128934974437913e-06
15028555.408163266	1.0113290344890783e-08	chr8	2.7776014172721164e-06
18011553.48979592	1.0025124872362249e-08	chr8	2.753386890337918e-06
20994551.571428575	9.738839643051238e-09	chr8	2.6747590420748587e-06
23977549.653061226	9.078603959834263e-09	chr8	2.493426211028081e-06
26960547.734693877	8.088647663635242e-09	chr8	2.2215360627590753e-06
29943545.816326533	6.9698169576948105e-09	chr8	1.9142507334025723e-06
32926543.897959188	5.930252144239133e-09	chr8	1.628735673443924e-06
35909541.97959184	5.0510346859357826e-09	chr8	1.3872597961585924e-06
38892540.06122449	4.265776650294259e-09	chr8	1.171589746319262e-06
41875538.14285715	3.521317869126963e-09	chr8	9.671251561460346e-07
44858536.2244898	2.9513791391429636e-09	chr8	8.105922603055045e-07
47841534.30612245	2.7991672519116457e-09	chr8	7.687874728148574e-07
50824532.3877551	3.1460779323539447e-09	chr8	8.640660186493654e-07
53807530.469387755	3.784493556331995e-09	chr8	1.0394060001486552e-06
56790528.55102041	4.3884496093333365e-09	chr8	1.2052817074187519e-06
59773526.632653065	4.784087541457459e-09	chr8	1.3139431265532027e-06
62756524.71428572	5.039970782714341e-09	chr8	1.3842211102096656e-06
65739522.795918375	5.301190976157285e-09	chr8	1.4559648805142305e-06
68722520.87755102	5.559732146239257e-09	chr8	1.5269728607019713e-06
71705518.95918368	5.6335347473479985e-09	chr8	1.5472426445652984e-06
74688517.04081634	5.3772372217809455e-09	chr8	1.47685087828737e-06
77671515.12244898	4.850480331147569e-09	chr8	1.3321778158037752e-06
80654513.20408164	4.262558223786686e-09	chr8	1.1707058098629793e-06
83637511.2857143	3.831563341658431e-09	chr8	1.0523336525718304e-06
86620509.36734694	3.7209293383709412e-09	chr8	1.0219481742704915e-06
89603507.4489796	4.0064243019387766e-09	chr8	1.1003589771236586e-06
92586505.53061225	4.612373178567991e-09	chr8	1.2667820106885997e-06
95569503.6122449	5.296043534912833e-09	chr8	1.4545511427880968e-06
98552501.69387756	5.749235521993078e-09	chr8	1.5790197047182299e-06
101535499.7755102	5.761514348576861e-09	chr8	1.5823920677137e-06
104518497.85714287	5.345398716912295e-09	chr8	1.4681064762944354e-06
107501495.93877551	4.757285402486389e-09	chr8	1.3065819555936862e-06
110484494.02040817	4.389767025461369e-09	chr8	1.2056435339637801e-06
113467492.10204083	4.576889993542366e-09	chr8	1.2570366022552015e-06
116450490.18367347	5.4219896929366805e-09	chr8	1.4891420835301225e-06
119433488.26530613	6.748146711845051e-09	chr8	1.8533693023309918e-06
122416486.34693879	8.190131230909416e-09	chr8	2.2494083862737447e-06
125399484.42857143	9.381206678021184e-09	chr8	2.576535635383826e-06
128382482.51020409	1.0141665258527179e-08	chr8	2.785394548651089e-06
131365480.59183675	1.0519139273177358e-08	chr8	2.8890672725935413e-06
134348478.6734694	1.060173097571473e-08	chr8	2.911750971192051e-06
137331476.75510204	1.0282386855884405e-08	chr8	2.8240435436794666e-06
140314474.8367347	9.28349477984242e-09	chr8	2.549699195648582e-06
143297472.91836736	7.485229243889332e-09	chr8	2.0558080157302388e-06
146280471.0	5.198888698057267e-09	chr8	1.4278676991864611e-06
212908.0	7.295547096818303e-09	chr9	2.0037120724152246e-06
3086684.1428571427	9.473928437878421e-09	chr9	2.602001540426445e-06
5960460.285714285	1.0880727801440751e-08	chr9	2.9883770693384885e-06
8834236.42857143	1.1440888801634238e-08	chr9	3.1422245250109183e-06
11708012.57142857	1.1374285376793496e-08	chr9	3.1239319851031438e-06
14581788.714285713	1.0936046869629325e-08	chr9	3.0035703760628804e-06
17455564.85714286	1.0292807379896217e-08	chr9	2.8269055264048567e-06
20329341.0	9.543111008673734e-09	chr9	2.6210024392574244e-06
23203117.14285714	8.742199141357026e-09	chr9	2.4010330858715783e-06
26076893.285714284	7.904690268273043e-09	chr9	2.1710124147028455e-06
28950669.428571425	7.030679213746023e-09	chr9	1.9309664691227114e-06
31824445.57142857	6.122431911370047e-09	chr9	1.6815175847062192e-06
34698221.71428572	5.155589563809207e-09	chr9	1.4159756509457193e-06
37571997.85714286	4.083037112971928e-09	chr9	1.1214005813147603e-06
40445774.0	2.924259764200952e-09	chr9	8.031439609186961e-07
43319550.14285714	1.82286444176483e-09	chr9	5.006472358918136e-07
46193326.28571428	9.60707128656902e-10	chr9	2.6385690424570263e-07
49067102.428571425	4.2077744932909757e-10	chr9	1.1556595329067152e-07
51940878.57142857	1.5552369835287313e-10	chr9	4.271437190395493e-08
54814654.71428571	6.663981275491501e-11	chr9	1.830253379883551e-08
57688430.85714285	9.527802561626518e-11	chr9	2.61679799512851e-08
60562207.0	2.6416153152309287e-10	chr9	7.255160480169518e-08
63435983.14285714	6.726265104765688e-10	chr9	1.8473595487529652e-07
66309759.28571428	1.445833986429951e-09	chr9	3.970963349111081e-07
69183535.42857143	2.640831120916077e-09	chr9	7.253006701165785e-07
72057311.57142857	4.157619341227998e-09	chr9	1.1418844887121219e-06
74931087.71428572	5.73645960934144e-09	chr9	1.5755108177113359e-06
77804863.85714285	7.074537965819346e-09	chr9	1.9430122156368703e-06
80678640.0	7.984748332234692e-09	chr9	2.193000252917762e-06
83552416.14285713	8.453858706463173e-09	chr9	2.3218407781947166e-06
86426192.28571428	8.549231290955336e-09	chr9	2.3480347286124624e-06
89299968.42857142	8.310329169114393e-09	chr9	2.282420586272531e-06
92173744.57142857	7.77867435162419e-09	chr9	2.1364023148494844e-06
95047520.71428572	7.101407076549578e-09	chr9	1.9503917802988144e-06
97921296.85714285	6.5238033794479545e-09	chr9	1.791753711680365e-06
100795073.0	6.258226344844736e-09	chr9	1.7188133408858597e-06
103668849.14285713	6.382602273355694e-09	chr9	1.7529730202310792e-06
106542625.28571428	6.838297152445562e-09	chr9	1.8781289980423078e-06
109416401.42857142	7.46918946522692e-09	chr9	2.051402712369404e-06
112290177.57142857	8.065473004571435e-09	chr9	2.215171174214869e-06
115163953.7142857	8.431298315902867e-09	chr9	2.315644597658263e-06
118037729.85714285	8.479311404723333e-09	chr9	2.3288313271011403e-06
120911506.0	8.315298610793803e-09	chr9	2.28378543666059e-06
123785282.14285713	8.243096187610011e-09	chr9	2.263955139484647e-06
126659058.28571428	8.612304175114245e-09	chr9	2.365357610331144e-06
129532834.42857142	9.518031164485182e-09	chr9	2.6141142942138797e-06
132406610.57142857	1.055157361106397e-08	chr9	2.897975319313237e-06
135280386.7142857	1.0911648695528994e-08	chr9	2.9968694507805197e-06
138154162.85714287	9.950350401384168e-09	chr9	2.7328501837388227e-06
141027939.0	7.729357773197122e-09	chr9	2.12285758376172e-06
