Start	End	Chromosome	Length(bp)	invCenters	NHCenters	NAHRCenters	allRepCounts	intraRepCounts	WAvgRate	maxRate
158946.0	44343271.22448979	chr10	44184325.22448979	4.0	2.0	2.0	1800.0	398.0	1.3668945643518191e-06	0.000468466
44343271.22448979	105096718.40816326	chr10	60753447.18367347	4.0	4.0	0.0	1898.0	1168.0	8.943365617176041e-07	0.000264553
105096718.40816326	135473442.0	chr10	30376723.591836736	1.0	1.0	0.0	200.0	40.0	1.676394986633397e-06	0.000640854
241489.0	52473373.46938776	chr11	52231884.46938776	2.0	1.0	1.0	1342.0	444.0	1.1614011717327436e-06	0.000371061
52473373.46938776	88210978.63265306	chr11	35737605.163265295	3.0	2.0	1.0	1540.0	320.0	8.22552473125178e-07	0.000196833
88210978.63265306	134944770.0	chr11	46733791.36734694	0.0	0.0	0.0	808.0	302.0	1.3410662715407248e-06	0.000331321
191619.0	38349486.14285714	chr12	38157867.14285714	0.0	0.0	0.0	1106.0	238.0	1.3776182707965895e-06	0.000358918
38349486.14285714	84684039.10204081	chr12	46334552.95918367	7.0	6.0	1.0	678.0	80.0	8.454850209293289e-07	0.000432374
84684039.10204081	133744154.0	chr12	49060114.89795919	0.0	0.0	0.0	456.0	110.0	1.4451101695586336e-06	0.000321199
19260565.0	60323842.0	chr13	41063277.0	0.0	0.0	0.0	1408.0	352.0	1.3828402452689375e-06	0.000432204
60323842.0	85743965.85714287	chr13	25420123.857142866	2.0	0.0	2.0	452.0	58.0	8.157107855945617e-07	0.000353981
85743965.85714287	115074878.0	chr13	29330912.142857134	1.0	1.0	0.0	1974.0	1786.0	1.622152988671414e-06	0.0002955
19035752.0	44249947.71428572	chr14	25214195.714285716	2.0	1.0	1.0	804.0	96.0	1.5259695137471808e-06	0.000504921
44249947.71428572	64061101.48979592	chr14	19811153.775510207	2.0	1.0	1.0	398.0	10.0	9.049918802117631e-07	0.000257734
64061101.48979592	107285437.0	chr14	43224335.51020408	2.0	1.0	1.0	748.0	194.0	1.3770051647356998e-06	0.000481211
20161372.0	47014354.530612245	chr15	26852982.530612245	0.0	0.0	0.0	3422.0	2054.0	1.3894437259096197e-06	0.000480182
47014354.530612245	75545648.46938775	chr15	28531293.93877551	0.0	0.0	0.0	692.0	218.0	1.0896966442964692e-06	0.000330873
75545648.46938775	102398631.0	chr15	26852982.530612245	0.0	0.0	0.0	2676.0	1988.0	1.8649046086233217e-06	0.000535593
143503.0	38714011.0	chr16	38570508.0	3.0	1.0	2.0	5116.0	2670.0	1.1987337615871315e-06	0.0004556
38714011.0	68101064.71428572	chr16	29387053.714285716	1.0	1.0	0.0	512.0	78.0	1.239739616685951e-06	0.000221624
68101064.71428572	90141355.0	chr16	22040290.285714284	2.0	1.0	1.0	432.0	298.0	1.938581211816818e-06	0.000285591
6888.0	24816304.2244898	chr17	24809416.2244898	3.0	2.0	1.0	1154.0	650.0	1.8751382123301425e-06	0.000368015
24816304.2244898	43009876.12244898	chr17	18193571.89795918	1.0	0.0	1.0	1458.0	836.0	1.0406583262095687e-06	0.000179929
43009876.12244898	81050981.0	chr17	38041104.87755102	2.0	0.0	2.0	1134.0	804.0	1.559441386894891e-06	0.000270806
112535.0	17600749.63265306	chr18	17488214.63265306	1.0	1.0	0.0	854.0	80.0	2.246118613362633e-06	0.00037012
17600749.63265306	78014582.0	chr18	60413832.36734694	0.0	0.0	0.0	458.0	76.0	1.261281591604798e-06	0.00061574
261033.0	25459768.714285716	chr19	25198735.714285716	1.0	1.0	0.0	804.0	358.0	1.670959461282614e-06	0.000223715
25459768.714285716	39859046.26530612	chr19	14399277.551020406	0.0	0.0	0.0	584.0	102.0	1.2064307884790508e-06	0.000197217
39859046.26530612	59058083.0	chr19	19199036.734693877	0.0	0.0	0.0	964.0	644.0	2.2381767919167063e-06	0.000236827
752721.0	132566348.3469388	chr1	131813627.3469388	4.0	4.0	0.0	2826.0	1424.0	9.751282987766413e-07	0.000426479
132566348.3469388	188333652.2244898	chr1	55767303.877551004	4.0	2.0	2.0	3960.0	2354.0	9.780244323111793e-07	0.00080052
188333652.2244898	249170711.0	chr1	60837058.77551019	2.0	2.0	0.0	1492.0	368.0	1.293150773557489e-06	0.000477011
69094.0	28281813.18367347	chr20	28212719.18367347	2.0	0.0	2.0	516.0	84.0	1.7107015409596693e-06	0.000252576
28281813.18367347	62906514.0	chr20	34624700.81632653	0.0	0.0	0.0	436.0	108.0	1.6897616105608014e-06	0.000229317
14665973.0	31039277.48979592	chr21	16373304.48979592	2.0	1.0	1.0	438.0	50.0	1.6482799193593307e-06	0.000438197
31039277.48979592	48094803.0	chr21	17055525.51020408	0.0	0.0	0.0	304.0	54.0	2.021394496066349e-06	0.000355476
17087705.0	31023256.02040816	chr22	13935551.020408161	0.0	0.0	0.0	1878.0	900.0	2.170371213150282e-06	0.000634161
31023256.02040816	41474919.28571428	chr22	10451663.265306123	0.0	0.0	0.0	142.0	60.0	1.4636901631766886e-06	0.000163382
41474919.28571428	51229805.0	chr22	9754885.714285716	0.0	0.0	0.0	220.0	50.0	2.3703488398719817e-06	0.000292075
118913.0	94314339.0	chr2	94195426.0	1.0	1.0	0.0	2746.0	670.0	1.101697982358783e-06	0.000711419
94314339.0	153806187.0	chr2	59491848.0	4.0	3.0	1.0	2728.0	768.0	8.167161766951217e-07	0.00027971
153806187.0	193467419.0	chr2	39661232.0	2.0	2.0	0.0	602.0	56.0	8.330542710887226e-07	0.000259178
193467419.0	243043959.0	chr2	49576540.0	3.0	2.0	1.0	684.0	138.0	1.2709345221067349e-06	0.000410627
108226.0	44488066.77551021	chr3	44379840.77551021	3.0	3.0	0.0	1064.0	160.0	1.4675241508738302e-06	0.000668561
44488066.77551021	88867907.55102041	chr3	44379840.77551021	3.0	3.0	0.0	912.0	100.0	9.429025790915912e-07	0.000546597
88867907.55102041	161489465.18367347	chr3	72621557.63265306	1.0	1.0	0.0	1494.0	234.0	7.894485579386696e-07	0.000536286
161489465.18367347	197800244.0	chr3	36310778.81632653	1.0	1.0	0.0	544.0	238.0	1.4465816285597995e-06	0.000287479
167596.0	50779814.69387755	chr4	50612218.69387755	1.0	1.0	0.0	2324.0	356.0	1.2040062692248087e-06	0.000559385
50779814.69387755	124751518.93877552	chr4	73971704.24489798	2.0	2.0	0.0	1278.0	250.0	7.984624897622077e-07	0.00045357
124751518.93877552	190936728.0	chr4	66185209.061224476	2.0	1.0	1.0	672.0	120.0	1.2003897409845765e-06	0.000287631
157856.0	48054890.71428572	chr5	47897034.71428572	2.0	2.0	0.0	986.0	538.0	1.235361875441945e-06	0.000355061
48054890.71428572	95951925.42857143	chr5	47897034.71428572	1.0	0.0	1.0	1648.0	620.0	8.754918406805624e-07	0.000350549
95951925.42857143	180692833.0	chr5	84740907.57142857	4.0	3.0	1.0	1478.0	778.0	1.1173675523643022e-06	0.000326341
183917.0	31554935.428571425	chr6	31371018.428571425	2.0	2.0	0.0	656.0	148.0	1.574319761101525e-06	0.000262363
31554935.428571425	62925953.85714285	chr6	31371018.428571425	0.0	0.0	0.0	518.0	112.0	8.762388470699524e-07	0.000349149
62925953.85714285	170981684.0	chr6	108055730.14285715	6.0	4.0	2.0	1060.0	128.0	9.898995728096205e-07	0.000486662
46239.0	61727702.12244898	chr7	61681463.12244898	5.0	2.0	3.0	3342.0	1182.0	1.2048550179956752e-06	0.000708545
61727702.12244898	120162772.4489796	chr7	58435070.32653062	2.0	2.0	0.0	3826.0	2280.0	7.854833355517951e-07	0.000607767
120162772.4489796	159119486.0	chr7	38956713.5510204	2.0	1.0	1.0	746.0	276.0	1.4301913675078077e-06	0.000312671
113565.0	47841534.30612245	chr8	47727969.30612245	2.0	0.0	2.0	2346.0	582.0	1.2976620977103713e-06	0.00056939
47841534.30612245	86620509.36734694	chr8	38778975.06122449	0.0	0.0	0.0	716.0	96.0	7.333689783704416e-07	0.000505568
86620509.36734694	110484494.02040815	chr8	23863984.65306121	1.0	1.0	0.0	270.0	156.0	8.417197104472164e-07	0.000254459
110484494.02040815	146280471.0	chr8	35795976.97959185	0.0	0.0	0.0	312.0	68.0	1.3833999399078256e-06	0.000591489
212908.0	54814654.71428571	chr9	54601746.71428571	1.0	0.0	1.0	2942.0	1368.0	8.94164508907286e-07	0.000456986
54814654.71428571	100795073.0	chr9	45980418.28571429	2.0	2.0	0.0	3076.0	792.0	1.0398333559568283e-06	0.000467189
100795073.0	141027939.0	chr9	40232866.0	3.0	1.0	2.0	460.0	84.0	1.4787569623927574e-06	0.000258564
