pos	val	Chromosome	valScaled
158946.0	7.157095472850473e-09	chr10	1.966078424135105e-06
2920466.326530612	9.988735572786482e-09	chr10	2.743939572769844e-06
5681986.653061224	1.1964884674969271e-08	chr10	3.2867944400010827e-06
8443506.979591835	1.2674420941262993e-08	chr10	3.481706461168501e-06
11205027.306122448	1.2238000968969319e-08	chr10	3.3618204131699686e-06
13966547.632653061	1.1041337650084945e-08	chr10	3.033092936900123e-06
16728067.959183672	9.517800248221804e-09	chr10	2.6145720403257203e-06
19489588.285714284	8.106824886053546e-09	chr10	2.226972318194253e-06
22251108.612244897	7.156512936359122e-09	chr10	1.965918399383268e-06
25012628.93877551	6.725878226276737e-09	chr10	1.84762158255466e-06
27774149.265306123	6.528692028827159e-09	chr10	1.7934538646845424e-06
30535669.591836732	6.148026424940885e-09	chr10	1.68888373096896e-06
33297189.918367345	5.352378853589827e-09	chr10	1.470316641961582e-06
36058710.244897954	4.253433708228591e-09	chr10	1.1684326797036031e-06
38820230.57142857	3.203151789982393e-09	chr10	8.799166711417287e-07
41581750.89795918	2.542588943952209e-09	chr10	6.984578147813871e-07
44343271.22448979	2.413150964300139e-09	chr10	6.629007623398024e-07
47104791.551020406	2.742974401939921e-09	chr10	7.535043803825533e-07
49866311.87755102	3.334008472826887e-09	chr10	9.158634461666516e-07
52627832.20408163	3.94678211858774e-09	chr10	1.0841944469726527e-06
55389352.530612245	4.392482340999126e-09	chr10	1.2066298111841971e-06
58150872.85714285	4.631532863850944e-09	chr10	1.2722978013682082e-06
60912393.183673464	4.788408108128885e-09	chr10	1.3153919635497482e-06
63673913.51020408	5.0484799807497e-09	chr10	1.3868345898810346e-06
66435433.83673469	5.512055475673893e-09	chr10	1.5141803521369088e-06
69196954.1632653	6.106926094480201e-09	chr10	1.677593330659211e-06
71958474.48979591	6.645431774070537e-09	chr10	1.8255226690246113e-06
74719994.81632653	6.987369627062514e-09	chr10	1.9194541580920415e-06
77481515.14285713	7.110684373392871e-09	chr10	1.9533291375522843e-06
80243035.46938775	7.031932103126831e-09	chr10	1.931695621552804e-06
83004555.79591836	6.7705853827456445e-09	chr10	1.8599027902137417e-06
85766076.12244898	6.41420171028101e-09	chr10	1.7620029854948186e-06
88527596.44897959	6.101646154821571e-09	chr10	1.6761429133100298e-06
91289116.77551019	5.897555272719024e-09	chr10	1.6200784551249124e-06
94050637.10204081	5.742472263111186e-09	chr10	1.5774766258917372e-06
96812157.42857142	5.537276735169974e-09	chr10	1.5211087177445577e-06
99573677.75510204	5.251861942015518e-09	chr10	1.4427043051055755e-06
102335198.08163264	4.978431699744061e-09	chr10	1.3675920892807053e-06
105096718.40816326	4.9072873360217704e-09	chr10	1.3480484910370023e-06
107858238.73469387	5.22411317197299e-09	chr10	1.4350816237701297e-06
110619759.06122449	5.9911841877365235e-09	chr10	1.6457986359425884e-06
113381279.3877551	7.108065273664883e-09	chr10	1.9526096619653808e-06
116142799.7142857	8.381708716490898e-09	chr10	2.302483839623105e-06
118904320.04081632	9.642789021754535e-09	chr10	2.6489068807416385e-06
121665840.36734693	1.0796400517067591e-08	chr10	2.9658078749190875e-06
124427360.69387755	1.1729751717637448e-08	chr10	3.2222026183652226e-06
127188881.02040815	1.2152049148494796e-08	chr10	3.338209156286345e-06
129950401.34693877	1.1614962138273968e-08	chr10	3.1906695312130126e-06
132711921.67346938	9.858675895120688e-09	chr10	2.7082117377732766e-06
135473442.0	7.188404673290475e-09	chr10	1.9746791677881017e-06
241489.0	6.2269071581774714e-09	chr11	1.7105525361825703e-06
2990535.551020408	8.355314331418934e-09	chr11	2.2952332124370972e-06
5739582.102040816	9.79172871866291e-09	chr11	2.6898211211202362e-06
8488628.653061224	1.0383227601285074e-08	chr11	2.8523078722659903e-06
11237675.204081632	1.0376098873214482e-08	chr11	2.850349586463561e-06
13986721.75510204	1.0142463291147212e-08	chr11	2.786169098896338e-06
16735768.306122448	9.871810807120993e-09	chr11	2.7118199426916923e-06
19484814.85714286	9.477273024597784e-09	chr11	2.603439074409653e-06
22233861.408163264	8.811973887866183e-09	chr11	2.42067914291432e-06
24982907.95918367	7.96751924899507e-09	chr11	2.188704586763253e-06
27731954.51020408	7.269780996039282e-09	chr11	1.9970335199130374e-06
30481001.06122449	6.9430684191590945e-09	chr11	1.9072844658820605e-06
33230047.612244897	6.861452686982911e-09	chr11	1.8848643471746492e-06
35979094.1632653	6.6947760402717285e-09	chr11	1.8390777064697527e-06
38728140.71428572	6.2283756419576375e-09	chr11	1.7109559336623621e-06
41477187.26530612	5.457547057811543e-09	chr11	1.4992067046985821e-06
44226233.81632653	4.466613923887116e-09	chr11	1.2269940086740783e-06
46975280.367346935	3.3906222402637694e-09	chr11	9.314154402805887e-07
49724326.91836734	2.482416562075985e-09	chr11	6.819282571997632e-07
52473373.469387755	2.049392235912402e-09	chr11	5.629750047211022e-07
55222420.02040816	2.2389895627442404e-09	chr11	6.15058034068943e-07
57971466.57142857	2.915319408971175e-09	chr11	8.008481389109845e-07
60720513.12244898	3.7738207889953615e-09	chr11	1.036681382544317e-06
63469559.67346939	4.5703468904859e-09	chr11	1.255489806763547e-06
66218606.22448979	5.23206892843408e-09	chr11	1.437267097079122e-06
68967652.7755102	5.7789529053712385e-09	chr11	1.5874979821693159e-06
71716699.3265306	6.2010106844102e-09	chr11	1.703438686922329e-06
74465745.87755102	6.424962628447876e-09	chr11	1.7649590462476779e-06
77214792.42857143	6.3625438015334545e-09	chr11	1.747812382587567e-06
79963838.97959183	5.997833090082682e-09	chr11	1.647625111989548e-06
82712885.53061225	5.46284768564719e-09	chr11	1.5006628051602243e-06
85461932.08163264	5.006859915746526e-09	chr11	1.3754014167280083e-06
88210978.63265306	4.842362248444681e-09	chr11	1.3302133490643106e-06
90960025.18367347	4.997805126718306e-09	chr11	1.3729140354417016e-06
93709071.73469387	5.309320101145947e-09	chr11	1.4584882564843695e-06
96458118.28571428	5.5569492174960165e-09	chr11	1.5265128154259607e-06
99207164.83673468	5.639577885123758e-09	chr11	1.5492111909407466e-06
101956211.3877551	5.65551348118782e-09	chr11	1.553588753279566e-06
104705257.93877551	5.8297157080604394e-09	chr11	1.601442696403527e-06
107454304.48979591	6.350102465067285e-09	chr11	1.7443947052230093e-06
110203351.04081632	7.23920792555702e-09	chr11	1.9886349936585322e-06
112952397.59183674	8.348023719251071e-09	chr11	2.293230456523564e-06
115701444.14285713	9.458911863159082e-09	chr11	2.5983952010278274e-06
118450490.69387755	1.040912293237452e-08	chr11	2.8594214076287538e-06
121199537.24489796	1.1146131838394012e-08	chr11	3.0618802561961654e-06
123948583.79591836	1.1668606857984882e-08	chr11	3.2054059178369567e-06
126697630.34693877	1.187192319595965e-08	chr11	3.2612576061206604e-06
129446676.89795917	1.1449044881763324e-08	chr11	3.1450914975742707e-06
132195723.44897959	1.0065437450234497e-08	chr11	2.7650098389013e-06
134944770.0	7.751188771189504e-09	chr11	2.129277870086108e-06
191619.0	7.239628745155177e-09	chr12	1.9887505942307932e-06
2917180.93877551	9.651349761826236e-09	chr12	2.651258545102334e-06
5642742.87755102	1.1077621936276489e-08	chr12	3.0430603534990695e-06
8368304.816326531	1.1327874769194244e-08	chr12	3.1118056562891035e-06
11093866.75510204	1.0733731778867914e-08	chr12	2.948592559780489e-06
13819428.69387755	9.793579828699716e-09	chr12	2.690329627331711e-06
16544990.632653061	8.8932775069532e-09	chr12	2.443013523096539e-06
19270552.57142857	8.213569082861559e-09	chr12	2.256295311445072e-06
21996114.51020408	7.705506165020432e-09	chr12	2.116728703082821e-06
24721676.44897959	7.146749313621358e-09	chr12	1.963236299070518e-06
27447238.3877551	6.318714705092403e-09	chr12	1.7357723809990778e-06
30172800.32653061	5.1914326627493444e-09	chr12	1.4261041769387873e-06
32898362.265306123	3.980856778589967e-09	chr12	1.0935548717558974e-06
35623924.20408163	3.0452338611171096e-09	chr12	8.365360799642183e-07
38349486.14285714	2.6751310336693024e-09	chr12	7.34867576796029e-07
41075048.08163265	2.9207618333170127e-09	chr12	8.023431913553635e-07
43800610.02040816	3.5964886777254884e-09	chr12	9.879676495507334e-07
46526171.95918367	4.42143939064091e-09	chr12	1.2145844110275674e-06
49251733.89795918	5.135939821151544e-09	chr12	1.4108601049582956e-06
51977295.83673469	5.556571673503977e-09	chr12	1.526409102809617e-06
54702857.7755102	5.648824550215363e-09	chr12	1.5517512812330684e-06
57428419.71428571	5.580389208034604e-09	chr12	1.5329518604037264e-06
60153981.65306122	5.61050283368845e-09	chr12	1.5412241756040892e-06
62879543.59183673	5.8481664772970535e-09	chr12	1.6065111853516498e-06
65605105.530612245	6.140659655871468e-09	chr12	1.6868600544960236e-06
68330667.46938775	6.240388348266233e-09	chr12	1.7142558648674708e-06
71056229.40816326	6.0543565706644436e-09	chr12	1.6631523039978672e-06
73781791.34693877	5.684047558826149e-09	chr12	1.5614271612776321e-06
76507353.28571428	5.2579774120666776e-09	chr12	1.4443842454901407e-06
79232915.2244898	4.8276988892251936e-09	chr12	1.326185274505834e-06
81958477.1632653	4.45757462085261e-09	chr12	1.2245108814428183e-06
84684039.10204081	4.322189451948315e-09	chr12	1.1873201159234354e-06
87409601.04081632	4.607712496228272e-09	chr12	1.265754265514096e-06
90135162.97959183	5.29739489452966e-09	chr12	1.4552123617417922e-06
92860724.91836734	6.110219365342745e-09	chr12	1.678498003345532e-06
95586286.85714285	6.706148060784034e-09	chr12	1.8422016391115456e-06
98311848.79591836	6.9464336790251505e-09	chr12	1.9082089141920433e-06
101037410.73469387	6.932847433268548e-09	chr12	1.9044767263585317e-06
103762972.67346938	6.854316299259472e-09	chr12	1.8829039572395785e-06
106488534.61224489	6.882727373308753e-09	chr12	1.8907085757341464e-06
109214096.5510204	7.163692759387026e-09	chr12	1.9678907211439346e-06
111939658.48979591	7.746853194331417e-09	chr12	2.128086872404269e-06
114665220.42857142	8.505657653038742e-09	chr12	2.3365330332891146e-06
117390782.36734693	9.28741316789512e-09	chr12	2.5512839272150293e-06
120116344.30612244	1.0169434969807687e-08	chr12	2.7935783105909733e-06
122841906.24489795	1.1318496275312638e-08	chr12	3.1092293521806204e-06
125567468.18367346	1.2447244538359956e-08	chr12	3.4193003320460684e-06
128293030.12244897	1.2668562020939821e-08	chr12	3.480096995865179e-06
131018592.06122449	1.1226041181458856e-08	chr12	3.083831624021643e-06
133744154.0	8.334485483126992e-09	chr12	2.289511457099096e-06
19260565.0	8.18208676997425e-09	chr13	2.247647013215098e-06
21215959.14285714	1.1890790351652514e-08	chr13	3.2664404778419126e-06
23171353.285714287	1.5017557476293254e-08	chr13	4.125374022094711e-06
25126747.42857143	1.6879449380950096e-08	chr13	4.636842049271902e-06
27082141.57142857	1.7351821746475675e-08	chr13	4.76660434174662e-06
29037535.714285716	1.6752478133834356e-08	chr13	4.601962616632398e-06
30992929.85714286	1.553240030987345e-08	chr13	4.266803096327735e-06
32948324.0	1.4099716010945857e-08	chr13	3.873239855568445e-06
34903718.14285714	1.2781077094993933e-08	chr13	3.51100526868715e-06
36859112.28571428	1.1778869255274449e-08	chr13	3.2356953727040567e-06
38814506.42857143	1.1125709905695861e-08	chr13	3.0562702819532224e-06
40769900.57142857	1.0706749360329755e-08	chr13	2.9411803978049933e-06
42725294.71428572	1.0328608823562573e-08	chr13	2.837303908599418e-06
44680688.85714286	9.790571790529039e-09	chr13	2.689503309034187e-06
46636083.0	8.969674286817582e-09	chr13	2.46399997788599e-06
48591477.14285715	7.894879452769435e-09	chr13	2.1687501881340125e-06
50546871.28571428	6.727936547476359e-09	chr13	1.8481870103760253e-06
52502265.42857143	5.65966208230292e-09	chr13	1.5547283880900392e-06
54457659.571428575	4.833252479031352e-09	chr13	1.3277108644795607e-06
56413053.71428572	4.328681654254349e-09	chr13	1.189103545937389e-06
58368447.85714286	4.146921631971735e-09	chr13	1.1391734507562163e-06
60323842.0	4.202732995767355e-09	chr13	1.1545050218658051e-06
62279236.14285714	4.394534319432104e-09	chr13	1.2071934966260323e-06
64234630.28571429	4.713859934928005e-09	chr13	1.294913327286627e-06
66190024.42857143	5.265225679108344e-09	chr13	1.4463753690537493e-06
68145418.57142857	6.14574602330648e-09	chr13	1.6882572968982152e-06
70100812.71428572	7.274363557734021e-09	chr13	1.9982923651679977e-06
72056206.85714287	8.32897550971965e-09	chr13	2.287997848698198e-06
74011601.0	8.894196747230057e-09	chr13	2.443266041521336e-06
75966995.14285715	8.7340767164171e-09	chr13	2.3992805254628468e-06
77922389.2857143	7.947036564739529e-09	chr13	2.1830779238612487e-06
79877783.42857143	6.8671902714198674e-09	chr13	1.8864404810981026e-06
81833177.57142857	5.84623282059447e-09	chr13	1.6059800032908467e-06
83788571.71428572	5.1310028668279505e-09	chr13	1.4095039068450558e-06
85743965.85714287	4.875248594463401e-09	chr13	1.3392473399620589e-06
87699360.0	5.1660048348015245e-09	chr13	1.4191190662761628e-06
89654754.14285715	5.986830987929023e-09	chr13	1.6446027971767173e-06
91610148.28571428	7.178826190079436e-09	chr13	1.9720479259318764e-06
93565542.42857143	8.498808613816996e-09	chr13	2.3346515789629835e-06
95520936.57142858	9.762369211475103e-09	chr13	2.6817559648226636e-06
97476330.71428572	1.0951967523114587e-08	chr13	3.008542659617227e-06
99431724.85714287	1.220144102891143e-08	chr13	3.3517772735181147e-06
101387119.0	1.3663877081719115e-08	chr13	3.7535134220729917e-06
103342513.14285715	1.532860539471751e-08	chr13	4.210819941267633e-06
105297907.28571428	1.6899171830450467e-08	chr13	4.6422598731057275e-06
107253301.42857143	1.7843772554622067e-08	chr13	4.901744898876457e-06
109208695.57142858	1.761174990514014e-08	chr13	4.8380074893662e-06
111164089.71428572	1.590046734083016e-08	chr13	4.36791235928846e-06
113119483.85714287	1.2862266496004283e-08	chr13	3.533308272775948e-06
115074878.0	9.135814144473444e-09	chr13	2.5096391608150357e-06
19035752.0	8.866301751875676e-09	chr14	2.4356031915963013e-06
20836765.979591835	1.2671304185963942e-08	chr14	3.480850277906727e-06
22637779.959183674	1.5311555721670253e-08	chr14	4.206136338199332e-06
24438793.93877551	1.6137975658692628e-08	chr14	4.433156700526239e-06
26239807.91836735	1.5576884936495042e-08	chr14	4.2790231742822886e-06
28040821.897959184	1.4699896358534252e-08	chr14	4.038111434613274e-06
29841835.87755102	1.4322861715815937e-08	chr14	3.934538738257341e-06
31642849.85714286	1.442484729918393e-08	chr14	3.962554524241091e-06
33443863.836734693	1.4317252360952947e-08	chr14	3.9329978294331844e-06
35244877.81632653	1.3351955061705659e-08	chr14	3.6678273842260147e-06
37045891.79591837	1.1497385785200444e-08	chr14	3.158370907861789e-06
38846905.77551021	9.293122697601016e-09	chr14	2.5528523544086166e-06
40647919.75510204	7.3700336516364775e-09	chr14	2.0245732647550037e-06
42448933.73469388	6.079141538251447e-09	chr14	1.6699608187369179e-06
44249947.71428572	5.481718922465168e-09	chr14	1.5058467979804003e-06
46050961.69387755	5.522481538493846e-09	chr14	1.517044426989165e-06
47851975.67346939	6.114430449184701e-09	chr14	1.6796548023731965e-06
49652989.653061226	7.087273296411377e-09	chr14	1.9468980352268114e-06
51454003.63265306	8.156160846569842e-09	chr14	2.2405250740395565e-06
53255017.6122449	9.003143882877992e-09	chr14	2.473194189550276e-06
55056031.591836736	9.393863453216457e-09	chr14	2.580526181982654e-06
56857045.57142857	9.253790146298992e-09	chr14	2.5420475690352146e-06
58658059.551020406	8.69881533689259e-09	chr14	2.389594104798017e-06
60459073.530612245	7.984413609994921e-09	chr14	2.1933455250848605e-06
62260087.51020408	7.369495003457977e-09	chr14	2.024425296271704e-06
64061101.489795916	7.017117588753079e-09	chr14	1.927626024160292e-06
65862115.469387755	7.000885932026349e-09	chr14	1.9231671329523364e-06
67663129.44897959	7.3202525485351796e-09	chr14	2.010898226730378e-06
69464143.42857143	7.877162698634939e-09	chr14	2.1638833356263618e-06
71265157.40816326	8.502098622020879e-09	chr14	2.335555355385894e-06
73066171.3877551	9.036571815245504e-09	chr14	2.482376956056678e-06
74867185.36734694	9.364406729384552e-09	chr14	2.5724343199429054e-06
76668199.34693877	9.397177691961687e-09	chr14	2.581436614617533e-06
78469213.3265306	9.125335459905279e-09	chr14	2.506760630589899e-06
80270227.30612245	8.708425835401457e-09	chr14	2.392234141365245e-06
82071241.28571428	8.458569286505716e-09	chr14	2.32359769914141e-06
83872255.26530612	8.693378219000458e-09	chr14	2.3881005100544862e-06
85673269.24489796	9.576090244998188e-09	chr14	2.6305845003298778e-06
87474283.2244898	1.1047993984423467e-08	chr14	3.0349214545406154e-06
89275297.20408162	1.2886115761304748e-08	chr14	3.539859746920255e-06
91076311.18367347	1.4829365623911501e-08	chr14	4.073677081349778e-06
92877325.1632653	1.6639433475634563e-08	chr14	4.570908865247716e-06
94678339.14285713	1.8053199103233904e-08	chr14	4.95927508276582e-06
96479353.12244898	1.8766283378533523e-08	chr14	5.155161754052354e-06
98280367.10204081	1.853986480163169e-08	chr14	5.092963802305208e-06
100081381.08163264	1.731281751530344e-08	chr14	4.755889747027491e-06
101882395.06122449	1.5203605649623675e-08	chr14	4.176482086926632e-06
103683409.04081632	1.2448845230887404e-08	chr14	3.4197400477175764e-06
105484423.02040815	9.363954323323091e-09	chr14	2.572310042461941e-06
107285437.0	6.33247024738389e-09	chr14	1.73955107516547e-06
20161372.0	3.308866643455105e-09	chr15	9.089569002838062e-07
21839683.408163264	6.116644288956993e-09	chr15	1.6802629516744466e-06
23517994.81632653	9.440800257140438e-09	chr15	2.593419881367112e-06
25196306.224489797	1.240344036589082e-08	chr15	3.4072671771572794e-06
26874617.63265306	1.4269638570355728e-08	chr15	3.919918159511275e-06
28552929.040816326	1.497668637602391e-08	chr15	4.114146592096741e-06
30231240.448979594	1.5072484905414474e-08	chr15	4.140462773348358e-06
31909551.85714286	1.5123837160734932e-08	chr15	4.154569412221518e-06
33587863.26530612	1.5228065721815382e-08	chr15	4.183201351797602e-06
35266174.67346939	1.5063984438726346e-08	chr15	4.138127666290753e-06
36944486.08163265	1.4268008457738037e-08	chr15	3.919470362041099e-06
38622797.48979592	1.272230954424854e-08	chr15	3.49486162298645e-06
40301108.89795919	1.0658808126757041e-08	chr15	2.9280107781860733e-06
41979420.30612245	8.609741953798551e-09	chr15	2.3651253440653673e-06
43657731.71428572	7.135646374492698e-09	chr15	1.9601862839983217e-06
45336043.12244898	6.4532599262163845e-09	chr15	1.7727324100116563e-06
47014354.530612245	6.342624540702347e-09	chr15	1.7423404940130303e-06
48692665.93877551	6.453024422964988e-09	chr15	1.772667716468984e-06
50370977.346938774	6.648172320078174e-09	chr15	1.8262755063168344e-06
52049288.75510204	7.044182933894623e-09	chr15	1.9350609663552668e-06
53727600.1632653	7.808623136810278e-09	chr15	2.1450552853070227e-06
55405911.571428575	8.959308413385137e-09	chr15	2.4611524372628203e-06
57084222.97959184	1.0255871394490107e-08	chr15	2.8173226898956973e-06
58762534.3877551	1.1243905655806585e-08	chr15	3.0887390557733666e-06
60440845.79591837	1.1536688530239258e-08	chr15	3.169167505353497e-06
62119157.20408163	1.1169884430663079e-08	chr15	3.0684051739305506e-06
63797468.6122449	1.0629548085706047e-08	chr15	2.9199729455739627e-06
65475780.02040816	1.0421608997618815e-08	chr15	2.8628513721405134e-06
67154091.42857143	1.0580392710009915e-08	chr15	2.9064697969918283e-06
68832402.8367347	1.0635522445026179e-08	chr15	2.921614122361655e-06
70510714.24489796	1.0096596178899615e-08	chr15	2.773569247446897e-06
72189025.65306123	8.980276886766547e-09	chr15	2.4669125480869143e-06
73867337.06122449	7.857674552885967e-09	chr15	2.158529875828487e-06
75545648.46938775	7.367850019931568e-09	chr15	2.0239734137124174e-06
77223959.87755102	7.64481495509084e-09	chr15	2.100056621673558e-06
78902271.28571428	8.198587095650604e-09	chr15	2.252179708695624e-06
80580582.69387755	8.416095747847837e-09	chr15	2.311930073877964e-06
82258894.10204083	8.235740385751443e-09	chr15	2.2623858436186506e-06
83937205.51020408	8.273986874297044e-09	chr15	2.2728922838657705e-06
85615516.91836736	9.251557420780559e-09	chr15	2.541434231755384e-06
87293828.3265306	1.1391727453833764e-08	chr15	3.1293462055341263e-06
88972139.73469388	1.4389065734844e-08	chr15	3.952725207041481e-06
90650451.14285715	1.772817221591154e-08	chr15	4.869989093379153e-06
92328762.55102041	2.084584450739854e-08	chr15	5.726424256088419e-06
94007073.95918368	2.313562113611061e-08	chr15	6.355433669596583e-06
95685385.36734694	2.4060665596353902e-08	chr15	6.60954652327432e-06
97363696.7755102	2.331695284777806e-08	chr15	6.4052461063976916e-06
99042008.18367347	2.0864165536450788e-08	chr15	5.731457104967439e-06
100720319.59183674	1.6938688907720327e-08	chr15	4.6531153483889446e-06
102398631.0	1.2167096908677446e-08	chr15	3.3423428270944113e-06
143503.0	7.828725739316767e-09	chr16	2.150577538462217e-06
1980193.857142857	1.1201892256557135e-08	chr16	3.077197832367551e-06
3816884.714285714	1.4337385389321821e-08	chr16	3.938528440676069e-06
5653575.571428571	1.6644012508667872e-08	chr16	4.572166741167401e-06
7490266.428571428	1.774455770489483e-08	chr16	4.8744902428302325e-06
9326957.285714285	1.761293092158953e-08	chr16	4.8383319185943e-06
11163648.142857142	1.6566642160063062e-08	chr16	4.55091284373977e-06
13000339.0	1.5120632989519455e-08	chr16	4.153689215510732e-06
14837029.857142856	1.3782998605473404e-08	chr16	3.786236509055948e-06
16673720.714285713	1.2881109204008343e-08	chr16	3.538484428634088e-06
18510411.57142857	1.250045036031824e-08	chr16	3.4339161519673435e-06
20347102.42857143	1.2538166148069495e-08	chr16	3.4442768069045716e-06
22183793.285714284	1.2744495456547043e-08	chr16	3.5009561684141735e-06
24020484.14285714	1.2705979496193525e-08	chr16	3.490375703346584e-06
25857175.0	1.1943994314773207e-08	chr16	3.281055787134191e-06
27693865.857142854	1.021509604265672e-08	chr16	2.8061215623181424e-06
29530556.714285713	7.750589802900834e-09	chr16	2.129113331463763e-06
31367247.57142857	5.140928958656733e-09	chr16	1.4122306379686775e-06
33203938.428571425	2.9590593704456214e-09	chr16	8.128636548215414e-07
35040629.28571428	1.47514115422508e-09	chr16	4.0522628304699683e-07
36877320.14285714	6.49819356821516e-10	chr16	1.7850758340146923e-07
38714011.0	3.1049183718306616e-10	chr16	8.529316176811744e-08
40550701.85714286	3.3451108045697233e-10	chr16	9.189132943879003e-08
42387392.71428571	7.439977583386983e-10	chr16	2.043787100260691e-07
44224083.57142857	1.688293313304933e-09	chr16	4.63779904780061e-07
46060774.428571425	3.3185259285652023e-09	chr16	9.116103386960183e-07
47897465.28571428	5.611241392378791e-09	chr16	1.5414270601836711e-06
49734156.14285714	8.261739735836896e-09	chr16	2.2695279533527525e-06
51570847.0	1.0739427942480782e-08	chr16	2.9501573152629453e-06
53407537.85714285	1.2480908942632326e-08	chr16	3.4285480581875377e-06
55244228.71428571	1.3121321282575285e-08	chr16	3.604471502116428e-06
57080919.57142857	1.2656752947215576e-08	chr16	3.4768530032223076e-06
58917610.428571425	1.1433225598497646e-08	chr16	3.1407458867560397e-06
60754301.28571428	9.934001645239686e-09	chr16	2.728903977055614e-06
62590992.14285714	8.51611691415813e-09	chr16	2.339406227826931e-06
64427683.0	7.324509363956446e-09	chr16	2.012067588378134e-06
66264373.85714285	6.430500875305697e-09	chr16	1.766480421461408e-06
68101064.71428572	5.994645609822247e-09	chr16	1.6467495003407764e-06
69937755.57142857	6.25407582947496e-09	chr16	1.7180158624233668e-06
71774446.42857142	7.371791371452797e-09	chr16	2.0250561163558592e-06
73611137.28571428	9.332618519149945e-09	chr16	2.5637019906731324e-06
75447828.14285713	1.1954629291003979e-08	chr16	3.2839772512096423e-06
77284519.0	1.4931362860169084e-08	chr16	4.101696068421859e-06
79121209.85714285	1.784854591146255e-08	chr16	4.903056156205686e-06
80957900.71428572	2.019314508778713e-08	chr16	5.547125509660992e-06
82794591.57142857	2.1372906994834028e-08	chr16	5.871210110720198e-06
84631282.42857142	2.082256430255772e-08	chr16	5.720029104784289e-06
86467973.28571428	1.8299295491363765e-08	chr16	5.026878596061836e-06
88304664.14285713	1.421189968054991e-08	chr16	3.904057090462895e-06
90141355.0	9.583627702333507e-09	chr16	2.6326550654489297e-06
6888.0	1.0252464447549097e-08	chr17	2.8163867900047006e-06
1660849.081632653	1.3817622701394531e-08	chr17	3.7957478657514036e-06
3314810.163265306	1.6699724970304453e-08	chr17	4.587471143518137e-06
4968771.244897959	1.877377361388185e-08	chr17	5.157219347131265e-06
6622732.326530612	2.0252654454220626e-08	chr17	5.563472934649616e-06
8276693.408163265	2.127522994077926e-08	chr17	5.844377892365889e-06
9930654.489795918	2.1669129588114575e-08	chr17	5.952583462745398e-06
11584615.57142857	2.1056044190113115e-08	chr17	5.78416682254053e-06
13238576.653061224	1.9161355057706617e-08	chr17	5.2636892855566515e-06
14892537.734693877	1.6108411121171762e-08	chr17	4.425035221700115e-06
16546498.81632653	1.2474269849357675e-08	chr17	3.4267242767258222e-06
18200459.897959184	9.009226942993774e-09	chr17	2.4748652268155636e-06
19854420.979591835	6.252857162430324e-09	chr17	1.7176810904489322e-06
21508382.06122449	4.407065370977538e-09	chr17	1.2106358190274393e-06
23162343.14285714	3.4933229046736894e-09	chr17	9.596276614541964e-07
24816304.224489797	3.5154729231416194e-09	chr17	9.657123467248048e-07
26470265.30612245	4.458513920099624e-09	chr17	1.2247689101348159e-06
28124226.3877551	6.1722660716229316e-09	chr17	1.6955424442041e-06
29778187.469387755	8.253378095116909e-09	chr17	2.267230982259898e-06
31432148.551020406	1.0069320854027651e-08	chr17	2.766076623107112e-06
33086109.63265306	1.1019429773792356e-08	chr17	3.027074768907133e-06
34740070.71428572	1.0874192229321717e-08	chr17	2.9871775223716805e-06
36394031.79591837	9.878596296927319e-09	chr17	2.7136839397776633e-06
38047992.87755102	8.540242307895773e-09	chr17	2.3460335553903644e-06
39701953.95918367	7.337393079516991e-09	chr17	2.0156067887817566e-06
41355915.04081632	6.573029299151212e-09	chr17	1.8056334633639002e-06
43009876.12244898	6.370156320605504e-09	chr17	1.7499035674205272e-06
44663837.20408163	6.6859401449177786e-09	chr17	1.836650456018894e-06
46317798.28571428	7.324574179940927e-09	chr17	2.012085393549116e-06
47971759.367346935	8.043009201061806e-09	chr17	2.209441932878086e-06
49625720.448979594	8.720532932085536e-09	chr17	2.3955600019269463e-06
51279681.530612245	9.364367821360082e-09	chr17	2.5724236317764937e-06
52933642.6122449	9.894458405180296e-09	chr17	2.7180413147652924e-06
54587603.69387755	1.004965059262009e-08	chr17	2.7606731355195558e-06
56241564.7755102	9.657300341614939e-09	chr17	2.652893189572014e-06
57895525.85714286	8.93533322170145e-09	chr17	2.4545663707135325e-06
59549486.93877551	8.39133032239246e-09	chr17	2.3051269274288152e-06
61203448.02040816	8.440317853934433e-09	chr17	2.3185839686519845e-06
62857409.10204081	9.186575816659876e-09	chr17	2.523583564496298e-06
64511370.18367347	1.0518295747846698e-08	chr17	2.8894115506715777e-06
66165331.26530612	1.2294538505221998e-08	chr17	3.3773514663188067e-06
67819292.34693877	1.4381469108559993e-08	chr17	3.95063838801135e-06
69473253.42857143	1.6547386021612737e-08	chr17	4.545623117134479e-06
71127214.51020408	1.8438701012927147e-08	chr17	5.065173766105433e-06
72781175.59183674	1.9706170119794254e-08	chr17	5.413351832713889e-06
74435136.67346938	2.005675979381128e-08	chr17	5.509660006389112e-06
76089097.75510204	1.9171490861428114e-08	chr17	5.266473625249156e-06
77743058.8367347	1.68048028767927e-08	chr17	4.6163364011612e-06
79397019.91836734	1.3144294460292139e-08	chr17	3.610782312027273e-06
81050981.0	8.962076873263669e-09	chr17	2.4619129425901438e-06
112535.0	1.369375095452697e-08	chr18	3.76171987635262e-06
1702372.693877551	1.883238484332229e-08	chr18	5.173320050838796e-06
3292210.387755102	2.3037156955448363e-08	chr18	6.328385224890971e-06
4882048.081632653	2.5569968088438068e-08	chr18	7.024157041806105e-06
6471885.775510204	2.622265410507546e-08	chr18	7.203452106391067e-06
8061723.469387755	2.513136990440538e-08	chr18	6.9036726316480175e-06
9651561.163265307	2.2528598444067872e-08	chr18	6.188682475300957e-06
11241398.857142856	1.8736242241747605e-08	chr18	5.146909351790104e-06
12831236.551020408	1.4333564552084461e-08	chr18	3.937478843715542e-06
14421074.24489796	1.0181278000654053e-08	chr18	2.7968316313705737e-06
16010911.93877551	7.1461904550292005e-09	chr18	1.9630827787179742e-06
17600749.63265306	5.707450234391049e-09	chr18	1.5678559557054447e-06
19190587.326530613	5.7421223072098794e-09	chr18	1.5773804918175772e-06
20780425.020408165	6.636125351141294e-09	chr18	1.8229661630514174e-06
22370262.714285713	7.641952298835486e-09	chr18	2.0992702402817333e-06
23960100.408163264	8.253162147851526e-09	chr18	2.267171660812975e-06
25549938.102040816	8.362219141366245e-09	chr18	2.2971299871708783e-06
27139775.795918368	8.138433566696047e-09	chr18	2.235655330075586e-06
28729613.48979592	7.788368918391185e-09	chr18	2.139491382745913e-06
30319451.183673467	7.418422079083276e-09	chr18	2.0378657300493206e-06
31909288.87755102	7.0544199603092005e-09	chr18	1.9378731122652035e-06
33499126.57142857	6.711777676646823e-09	chr18	1.8437481137011308e-06
35088964.26530612	6.430056542822857e-09	chr18	1.7663583618199001e-06
36678801.95918367	6.277035764772005e-09	chr18	1.7243230345965334e-06
38268639.653061226	6.341003281787312e-09	chr18	1.7418951286850312e-06
39858477.346938774	6.69861403039228e-09	chr18	1.8401320153855253e-06
41448315.04081633	7.34687988911747e-09	chr18	2.018212847585937e-06
43038152.73469388	8.135146143368272e-09	chr18	2.234752263726918e-06
44627990.428571425	8.785109753820507e-09	chr18	2.413299474090475e-06
46217828.12244898	9.050024142748869e-09	chr18	2.4860723560913837e-06
47807665.81632653	8.92189735715505e-09	chr18	2.450875493108995e-06
49397503.510204084	8.703002899598612e-09	chr18	2.390744442489788e-06
50987341.20408163	8.840095056340981e-09	chr18	2.4284041233633718e-06
52577178.89795918	9.60737465507828e-09	chr18	2.6391784339868456e-06
54167016.591836736	1.087053127332104e-08	chr18	2.9861718453296535e-06
55756854.28571428	1.2144994664635994e-08	chr18	3.3362712656209467e-06
57346691.97959184	1.2931316957610488e-08	chr18	3.552276668999739e-06
58936529.67346939	1.3050609288172507e-08	chr18	3.585046677192653e-06
60526367.367346935	1.2712413584463155e-08	chr18	3.4921431692374456e-06
62116205.06122449	1.2320912015227518e-08	chr18	3.384596359053193e-06
63706042.75510204	1.2232874045527537e-08	chr18	3.360412029895033e-06
65295880.448979594	1.264140901882844e-08	chr18	3.472637974003002e-06
66885718.14285714	1.3590924964895026e-08	chr18	3.7334732279150534e-06
68475555.8367347	1.4999613962168473e-08	chr18	4.120444877847898e-06
70065393.53061225	1.65950537238065e-08	chr18	4.558717596754985e-06
71655231.2244898	1.7843385030808574e-08	chr18	4.9016384447692795e-06
73245068.91836734	1.8051725553431224e-08	chr18	4.958870293632445e-06
74834906.6122449	1.6693953575707613e-08	chr18	4.585885721828982e-06
76424744.30612245	1.3777875992042325e-08	chr18	3.7848293097555844e-06
78014582.0	9.952034416102703e-09	chr18	2.73385764043144e-06
261033.0	1.627555546251703e-08	chr19	4.470950339708779e-06
1460972.7959183673	2.1489820526110568e-08	chr19	5.903326654673565e-06
2660912.5918367347	2.518991290285368e-08	chr19	6.91975459207037e-06
3860852.387755102	2.6786796118758884e-08	chr19	7.358423832765058e-06
5060792.183673469	2.6471508443816845e-08	chr19	7.27181323808308e-06
6260731.979591837	2.485759048222868e-08	chr19	6.82846449491774e-06
7460671.775510204	2.255859832371003e-08	chr19	6.196923544085752e-06
8660611.57142857	2.0079661592395328e-08	chr19	5.5159512082098484e-06
9860551.367346939	1.7918536490246044e-08	chr19	4.922282805809699e-06
11060491.163265307	1.6543841831007032e-08	chr19	4.54464951594286e-06
12260430.959183674	1.6175061832893106e-08	chr19	4.443344398483584e-06
13460370.75510204	1.6602684437718134e-08	chr19	4.560813779772149e-06
14660310.551020408	1.7252070421874037e-08	chr19	4.73920231423111e-06
15860250.346938776	1.743736853270072e-08	chr19	4.790104334346854e-06
17060190.14285714	1.6637891260223773e-08	chr19	4.5704852134386785e-06
18260129.93877551	1.4704168540962045e-08	chr19	4.0392850176298924e-06
19460069.734693877	1.1929253061412802e-08	chr19	3.27700631479076e-06
20660009.530612245	8.902654077465487e-09	chr19	2.4455892988489403e-06
21859949.326530613	6.20497684198999e-09	chr19	1.7045282038742721e-06
23059889.12244898	4.187740372266785e-09	chr19	1.1503864972914904e-06
24259828.91836735	2.9988857539213896e-09	chr19	8.2380409756959e-07
25459768.714285713	2.7319588778032074e-09	chr19	7.504783785054109e-07
26659708.51020408	3.4690419725944976e-09	chr19	9.529576069803001e-07
27859648.30612245	5.160491709903307e-09	chr19	1.4176045921500228e-06
29059588.102040816	7.49811607121975e-09	chr19	2.0597579402436766e-06
30259527.897959184	9.956488082911223e-09	chr19	2.735081077823568e-06
31459467.69387755	1.199271109809247e-08	chr19	3.2944384529014145e-06
32659407.48979592	1.3228732136299079e-08	chr19	3.6339776282852574e-06
33859347.28571428	1.3508244062156223e-08	chr19	3.7107605032379253e-06
35059287.08163265	1.2905670668125703e-08	chr19	3.5452315462112515e-06
36259226.87755102	1.1750970969830375e-08	chr19	3.228031618980214e-06
37459166.67346939	1.0557775501048702e-08	chr19	2.9002567729066424e-06
38659106.469387755	9.780123191420316e-09	chr19	2.686633043386897e-06
39859046.26530612	9.591296669242945e-09	chr19	2.634761756694456e-06
41058986.06122449	9.921712554000665e-09	chr19	2.7255281219718134e-06
42258925.85714286	1.0676911205774081e-08	chr19	2.9329837554504997e-06
43458865.653061226	1.1852281594114249e-08	chr19	3.2558619914121263e-06
44658805.448979594	1.3465705117169101e-08	chr19	3.6990749106337874e-06
45858745.24489796	1.5489111971585095e-08	chr19	4.25491164283962e-06
47058685.04081633	1.7888547728433846e-08	chr19	4.914044791130539e-06
48258624.8367347	2.0657879759881357e-08	chr19	5.674789701820784e-06
49458564.63265306	2.3728046366838356e-08	chr19	6.518174891711816e-06
50658504.428571425	2.6825847535239103e-08	chr19	7.36915138944848e-06
51858444.22448979	2.9436051756314917e-08	chr19	8.086183350403957e-06
53058384.02040816	3.090480402947543e-08	chr19	8.489654586132798e-06
54258323.81632653	3.062158753611945e-08	chr19	8.411854053911501e-06
55458263.6122449	2.823930113623982e-08	chr19	7.757431892200638e-06
56658203.408163264	2.38913063995476e-08	chr19	6.5630229769512595e-06
57858143.20408163	1.827454047301387e-08	chr19	5.020078308479893e-06
59058083.0	1.2460165111356627e-08	chr19	3.4228496573125235e-06
752721.0	3.6949652216399454e-09	chr1	1.0150194904837e-06
5822475.897959184	5.202188066483198e-09	chr1	1.4290587228581767e-06
10892230.795918368	6.168651718162785e-09	chr1	1.6945495690381685e-06
15961985.693877552	6.399263254920602e-09	chr1	1.7578993410925025e-06
21031740.591836736	6.0440997046880955e-09	chr1	1.6603347080929586e-06
26101495.48979592	5.439880747699992e-09	chr1	1.4943537093352876e-06
31171250.387755103	4.8693722159372525e-09	chr1	1.33763307883111e-06
36241005.28571428	4.413861401327027e-09	chr1	1.212502711636401e-06
41310760.18367347	4.062384302027569e-09	chr1	1.1159507592233592e-06
46380515.08163266	3.887776185059603e-09	chr1	1.0679853167122434e-06
51450269.97959184	3.964801495502841e-09	chr1	1.089144430985515e-06
56520024.87755102	4.1604833907634605e-09	chr1	1.142898911937345e-06
61589779.77551021	4.198502579333775e-09	chr1	1.1533429121095894e-06
66659534.673469394	3.967839024343664e-09	chr1	1.0899788504702465e-06
71729289.57142857	3.639570077192849e-09	chr1	9.998022562421806e-07
76799044.46938775	3.4400789204541963e-09	chr1	9.450013582302095e-07
81868799.36734694	3.40582713145577e-09	chr1	9.355922755103705e-07
86938554.26530613	3.4135166944494773e-09	chr1	9.377046245701679e-07
92008309.16326532	3.3819072809063925e-09	chr1	9.29021411358556e-07
97078064.06122449	3.3579240278982047e-09	chr1	9.224331303360603e-07
102147818.95918368	3.3968503102352144e-09	chr1	9.331263122455236e-07
107217573.85714287	3.4036678048897783e-09	chr1	9.349991011719588e-07
112287328.75510204	3.1532414709649487e-09	chr1	8.662061370662602e-07
117357083.65306123	2.519435932636894e-09	chr1	6.920976039705248e-07
122426838.55102041	1.6579506331921334e-09	chr1	4.5544466754220294e-07
127496593.4489796	8.98936576722509e-10	chr1	2.469409294404868e-07
132566348.34693879	4.954007352503772e-10	chr1	1.360882638175173e-07
137636103.24489796	5.385326913465677e-10	chr1	1.4793675858653972e-07
142705858.14285713	1.0415052274283942e-09	chr1	2.8610502179808943e-07
147775613.04081634	1.9642413226354685e-09	chr1	5.395837597636695e-07
152845367.9387755	3.119941325416453e-09	chr1	8.570584740328676e-07
157915122.8367347	4.140777728096727e-09	chr1	1.1374856995037098e-06
162984877.73469388	4.652681951357699e-09	chr1	1.2781075275057047e-06
168054632.63265306	4.5472472351695255e-09	chr1	1.2491442530267327e-06
173124387.53061226	4.054184808953802e-09	chr1	1.1136983306393992e-06
178194142.42857143	3.517247526423545e-09	chr1	9.6619983627098e-07
183263897.32653064	3.1568924245696574e-09	chr1	8.672090664161571e-07
188333652.2244898	3.0677452824943143e-09	chr1	8.427200438409372e-07
193403407.12244898	3.2906526786936952e-09	chr1	9.039534623289534e-07
198473162.02040818	3.74720208646203e-09	chr1	1.0293691345901324e-06
203542916.91836736	4.191042828362958e-09	chr1	1.1512936931926727e-06
208612671.81632653	4.380411440337845e-09	chr1	1.203313893792841e-06
213682426.71428573	4.310031847069258e-09	chr1	1.1839803805891023e-06
218752181.6122449	4.237467435446877e-09	chr1	1.1640466903663e-06
223821936.51020408	4.4830982180210315e-09	chr1	1.2315223002354705e-06
228891691.40816328	5.1256643179071645e-09	chr1	1.408037389332587e-06
233961446.30612245	5.806661183663702e-09	chr1	1.595109540283553e-06
239031201.20408165	5.9098413573741286e-09	chr1	1.6234534842899038e-06
244100956.10204083	5.071023529673116e-09	chr1	1.3930273793037684e-06
249170711.0	3.5356278754132357e-09	chr1	9.712489805382023e-07
69094.0	1.3894148182164956e-08	chr20	3.8167696751166735e-06
1351490.3265306123	1.84110689067007e-08	chr20	5.057583132716329e-06
2633886.6530612246	2.2044509584783138e-08	chr20	6.05570162221408e-06
3916282.979591837	2.4347419904750058e-08	chr20	6.68831890529774e-06
5198679.306122449	2.5205187555984803e-08	chr20	6.923950591141665e-06
6481075.632653061	2.4785715113193353e-08	chr20	6.808720087032844e-06
7763471.959183674	2.3492479262847922e-08	chr20	6.4534638085149445e-06
9045868.285714285	2.1805850892738483e-08	chr20	5.9901412692830286e-06
10328264.612244898	2.0076270196462914e-08	chr20	5.515019580233707e-06
11610660.938775511	1.848271002545386e-08	chr20	5.077263191253453e-06
12893057.265306123	1.7142576487939567e-08	chr20	4.709123958856524e-06
14175453.591836736	1.6149849842497242e-08	chr20	4.436418579129232e-06
15457849.918367349	1.5481629934280263e-08	chr20	4.252856301791089e-06
16740246.24489796	1.4940865867059034e-08	chr20	4.104306576676445e-06
18022642.57142857	1.4243689439671147e-08	chr20	3.912789845217083e-06
19305038.897959184	1.3172084560427882e-08	chr20	3.6184163468796375e-06
20587435.224489797	1.1668308688583604e-08	chr20	3.205324009690165e-06
21869831.55102041	9.825861563472666e-09	chr20	2.6991975294676416e-06
23152227.877551023	7.819003303246725e-09	chr20	2.1479067522669155e-06
24434624.204081632	5.8562183847934e-09	chr20	1.6087230716764516e-06
25717020.530612245	4.1830108978988995e-09	chr20	1.1490872946264607e-06
26999416.85714286	3.0528122410352583e-09	chr20	8.386178866557025e-07
28281813.18367347	2.611471852843835e-09	chr20	7.173801837056559e-07
29564209.510204084	2.7908443277037995e-09	chr20	7.666544115043019e-07
30846605.836734697	3.3532985176737324e-09	chr20	9.211624869741757e-07
32129002.163265307	4.076745039829133e-09	chr20	1.1198957026509577e-06
33411398.48979592	4.900603229543326e-09	chr20	1.3462123442953888e-06
34693794.81632653	5.893394809533447e-09	chr20	1.6189355617634084e-06
35976191.14285714	7.114479322319957e-09	chr20	1.9543716229060907e-06
37258587.469387755	8.53827874920062e-09	chr20	2.3454941591506875e-06
38540983.79591837	1.0073236169223698e-08	chr20	2.767152173483635e-06
39823380.12244898	1.1587730508137498e-08	chr20	3.183188909965408e-06
41105776.448979594	1.2927303906778305e-08	chr20	3.551174270312165e-06
42388172.77551021	1.3978166746054597e-08	chr20	3.839849859853185e-06
43670569.10204082	1.4743949005578833e-08	chr20	4.050212846311489e-06
44952965.42857143	1.5342352407013217e-08	chr20	4.214596292215226e-06
46235361.755102046	1.593030117551459e-08	chr20	4.376107814959658e-06
47517758.08163266	1.664134459917557e-08	chr20	4.5714338573725355e-06
48800154.408163264	1.755542866064574e-08	chr20	4.822535852297654e-06
50082550.73469388	1.8683626262213296e-08	chr20	5.132455563585161e-06
51364947.06122449	1.998816352857352e-08	chr20	5.490816379449691e-06
52647343.3877551	2.142800903852261e-08	chr20	5.886346829188301e-06
53929739.71428572	2.295313497430079e-08	chr20	6.3053041014221044e-06
55212136.04081633	2.4418774480698304e-08	chr20	6.7079202495535655e-06
56494532.36734694	2.5496600452854517e-08	chr20	7.0040027032342905e-06
57776928.693877555	2.5675614798606092e-08	chr20	7.053178551751044e-06
59059325.02040817	2.440665933632e-08	chr20	6.70459217826294e-06
60341721.34693878	2.1397744487448656e-08	chr20	5.878033054262655e-06
61624117.673469394	1.6920944877891332e-08	chr20	4.648241003155416e-06
62906514.0	1.1839271350911208e-08	chr20	3.2522880334355586e-06
14665973.0	1.202782641205204e-08	chr21	3.3040847488596745e-06
15348194.020408163	1.8635250906293296e-08	chr21	5.1191666890836325e-06
16030415.040816326	2.5378475292467463e-08	chr21	6.971553320650885e-06
16712636.06122449	3.103384470910884e-08	chr21	8.525102498910456e-06
17394857.08163265	3.4852637385877004e-08	chr21	9.574137811701775e-06
18077078.102040816	3.670656625662641e-08	chr21	1.0083418366430758e-05
18759299.12244898	3.68699981613159e-08	chr21	1.0128313665486664e-05
19441520.14285714	3.577594627333888e-08	chr21	9.827773897644332e-06
20123741.163265307	3.3919540420017176e-08	chr21	9.317812907393591e-06
20805962.18367347	3.1776150434968095e-08	chr21	8.729016401870112e-06
21488183.204081632	2.962793681550315e-08	chr21	8.13889482759676e-06
22170404.224489797	2.749829656694903e-08	chr21	7.5538754213676575e-06
22852625.24489796	2.5375942402046124e-08	chr21	6.970857527053191e-06
23534846.265306123	2.347358515480369e-08	chr21	6.448273532891271e-06
24217067.285714287	2.2148269200842213e-08	chr21	6.084204741000763e-06
24899288.306122452	2.1609261322041065e-08	chr21	5.936137446807228e-06
25581509.326530613	2.1854679703969982e-08	chr21	6.003554709498069e-06
26263730.346938774	2.2823452414559273e-08	chr21	6.269679861999619e-06
26945951.36734694	2.430622211958239e-08	chr21	6.677001733849132e-06
27628172.387755103	2.5637557488961778e-08	chr21	7.042724079590354e-06
28310393.408163264	2.5845682044863626e-08	chr21	7.099896601662126e-06
28992614.42857143	2.4462330402056107e-08	chr21	6.71988520901928e-06
29674835.448979594	2.2149129577929233e-08	chr21	6.084441089507475e-06
30357056.469387755	2.0327511781571804e-08	chr21	5.584036496607377e-06
31039277.48979592	2.0117235958652857e-08	chr21	5.526273014182636e-06
31721498.510204084	2.157881243098023e-08	chr21	5.927773033061368e-06
32403719.530612245	2.383810256750547e-08	chr21	6.5484077036667085e-06
33085940.55102041	2.5852679484674086e-08	chr21	7.101818822133785e-06
33768161.571428575	2.7137336291321085e-08	chr21	7.4547184082225865e-06
34450382.591836736	2.7897195570743794e-08	chr21	7.663454331938976e-06
35132603.612244904	2.8568069146225905e-08	chr21	7.84774558068383e-06
35814824.63265306	2.9305828284292596e-08	chr21	8.050410520541583e-06
36497045.653061226	2.995038658263076e-08	chr21	8.22747287331682e-06
37179266.673469394	3.0393500212894664e-08	chr21	8.349197691884185e-06
37861487.69387755	3.0836933333976973e-08	chr21	8.471010275664013e-06
38543708.71428572	3.167534533344053e-08	chr21	8.701324898255567e-06
39225929.73469388	3.322126489165353e-08	chr21	9.125994249164832e-06
39908150.75510204	3.554906705721377e-08	chr21	9.76544940673872e-06
40590371.77551021	3.846501573301229e-08	chr21	1.0566470407383483e-05
41272592.79591837	4.147705878620665e-08	chr21	1.1393888859731294e-05
41954813.81632653	4.378158268006285e-08	chr21	1.202694939704029e-05
42637034.8367347	4.4464603347675794e-08	chr21	1.221457749323185e-05
43319255.85714286	4.301271132103303e-08	chr21	1.1815737824460567e-05
44001476.87755102	3.9800847321060144e-08	chr21	1.0933427879657222e-05
44683697.89795919	3.594481291680388e-08	chr21	9.874162137892358e-06
45365918.91836735	3.239636121662202e-08	chr21	8.899390409154397e-06
46048139.93877551	2.9108056551201022e-08	chr21	7.996081954042764e-06
46730360.95918368	2.52213055159555e-08	chr21	6.928378249464747e-06
47412581.97959184	2.012175880928722e-08	chr21	5.527515456606596e-06
48094803.0	1.4215148786117793e-08	chr21	3.904949630792835e-06
17087705.0	2.0409986284259507e-08	chr22	5.606692522489758e-06
17784482.55102041	2.6515533408512854e-08	chr22	7.283907045346163e-06
18481260.102040816	3.025268466080937e-08	chr22	8.310515181669284e-06
19178037.653061226	3.1302947497735544e-08	chr22	8.599025948527767e-06
19874815.204081632	3.064795802523354e-08	chr22	8.419098116796756e-06
20571592.755102042	2.968018584800973e-08	chr22	8.153247814207431e-06
21268370.30612245	2.9270667487096137e-08	chr22	8.040751730183738e-06
21965147.85714286	2.9487616665107236e-08	chr22	8.100348405907777e-06
22661925.408163264	2.9953942568191295e-08	chr22	8.228449714622573e-06
23358702.959183674	3.0447312758564844e-08	chr22	8.363980180868895e-06
24055480.51020408	3.127682831638033e-08	chr22	8.591850920737046e-06
24752258.06122449	3.305803652398781e-08	chr22	9.081154862420344e-06
25449035.612244897	3.593942427576261e-08	chr22	9.872681859904334e-06
26145813.163265307	3.894453933548647e-08	chr22	1.0698197168925836e-05
26842590.714285716	4.019920685979545e-08	chr22	1.1042858597345269e-05
27539368.265306123	3.811144249442884e-08	chr22	1.0469342638392911e-05
28236145.81632653	3.261954954956256e-08	chr22	8.960701001918968e-06
28932923.36734694	2.5387751341688507e-08	chr22	6.9741014828633205e-06
29629700.91836735	1.8751266996873525e-08	chr22	5.151036703030987e-06
30326478.469387755	1.4396321874029932e-08	chr22	3.954718493109845e-06
31023256.02040816	1.2801896352290033e-08	chr22	3.5167243893460333e-06
31720033.57142857	1.3476618210347921e-08	chr22	3.7020727743790517e-06
32416811.12244898	1.5443304493735957e-08	chr22	4.24232817316189e-06
33113588.673469387	1.7726041279733027e-08	chr22	4.869403717976565e-06
33810366.22448979	1.9837032795710468e-08	chr22	5.449300254055959e-06
34507143.77551021	2.1985326926195223e-08	chr22	6.039443944979782e-06
35203921.32653061	2.4653154920630927e-08	chr22	6.7723053521051315e-06
35900698.87755102	2.7778560903213657e-08	chr22	7.630864986013632e-06
36597476.42857143	3.0370935228975555e-08	chr22	8.342999014195364e-06
37294253.97959183	3.1081991551262436e-08	chr22	8.538328599904569e-06
37991031.530612245	2.9241710431275224e-08	chr22	8.03279712864294e-06
38687809.08163265	2.5339906926883336e-08	chr22	6.960958459688536e-06
39384586.63265306	2.060162730477675e-08	chr22	5.659336961431149e-06
40081364.18367347	1.6296299632924775e-08	chr22	4.4766488337445175e-06
40778141.73469388	1.3443959771555007e-08	chr22	3.6931013903699586e-06
41474919.28571428	1.2828580424908182e-08	chr22	3.524054594684443e-06
42171696.8367347	1.488931711071382e-08	chr22	4.09014595830468e-06
42868474.3877551	1.9425113700235656e-08	chr22	5.336144680098004e-06
43565251.93877551	2.542786938414942e-08	chr22	6.985122045324746e-06
44262029.48979592	3.135252480988789e-08	chr22	8.612645004486863e-06
44958807.04081632	3.5843432611431134e-08	chr22	9.846312623828772e-06
45655584.591836736	3.8506660287724664e-08	chr22	1.0577910307942768e-05
46352362.14285714	4.0059141266815984e-08	chr22	1.1004382103442786e-05
47049139.69387755	4.155311812758071e-08	chr22	1.1414782619021878e-05
47745917.24489796	4.321903378211589e-08	chr22	1.18724153049676e-05
48442694.79591837	4.39498316672437e-08	chr22	1.2073167965010169e-05
49139472.346938774	4.199958742622361e-08	chr22	1.1537429251085169e-05
49836249.89795919	3.6409885506424806e-08	chr22	1.0001919157143936e-05
50533027.448979594	2.794516768574716e-08	chr22	7.676632434791737e-06
51229805.0	1.8707474333962094e-08	chr22	5.139006709856774e-06
118913.0	4.048379915480345e-09	chr2	1.1121037066951106e-06
5076567.0	5.640568561949025e-09	chr2	1.5494833332279126e-06
10034221.0	6.4139607803091064e-09	chr2	1.7619368012135995e-06
14991875.0	6.232396818488299e-09	chr2	1.7120605645068941e-06
19949529.0	5.5496152020014915e-09	chr2	1.524498136471243e-06
24907183.0	4.923121001792148e-09	chr2	1.3523980527781017e-06
29864837.0	4.593654478917701e-09	chr2	1.2618924804330843e-06
34822491.0	4.475458325206088e-09	chr2	1.229423595742406e-06
39780145.0	4.372415892696285e-09	chr2	1.2011174897114861e-06
44737799.0	4.1528599183447195e-09	chr2	1.1408047181828629e-06
49695453.0	3.8381643761083005e-09	chr2	1.0543567843653608e-06
54653107.0	3.6004388317402925e-09	chr2	9.890527702690439e-07
59610761.0	3.6014705787387953e-09	chr2	9.893361946722278e-07
64568415.0	3.793778022380505e-09	chr2	1.042163702308361e-06
69526069.0	3.931853907269541e-09	chr2	1.0800936166435093e-06
74483723.0	3.780643497760936e-09	chr2	1.0385556038047483e-06
79441377.0	3.2873998608431715e-09	chr2	9.030599022223688e-07
84399031.0	2.612091472408069e-09	chr2	7.175503953035078e-07
89356685.0	2.054072948729544e-09	chr2	5.642608124226013e-07
94314339.0	1.883430898348072e-09	chr2	5.173848618672613e-07
99271993.0	2.1413276607703326e-09	chr2	5.882299780426868e-07
104229647.0	2.6146095800803988e-09	chr2	7.182421280298626e-07
109187301.0	3.0530515252717607e-09	chr2	8.386836188478197e-07
114144955.0	3.3685495655935562e-09	chr2	9.253520016137889e-07
119102609.0	3.5969110000169593e-09	chr2	9.880836629179494e-07
124060263.0	3.757640335764641e-09	chr2	1.0322365571105467e-06
129017917.0	3.81120074200104e-09	chr2	1.0469497825368042e-06
133975571.0	3.7121308092108173e-09	chr2	1.0197349356651588e-06
138933225.0	3.4803830456825354e-09	chr2	9.560730382595828e-07
143890879.0	3.21976486459347e-09	chr2	8.844803391373962e-07
148848533.0	3.050499212253061e-09	chr2	8.379824897966928e-07
153806187.0	3.0393525023340285e-09	chr2	8.349204507397827e-07
158763841.0	3.1986726325579725e-09	chr2	8.786862313908739e-07
163721495.0	3.480035252443611e-09	chr2	9.559774982761212e-07
168679149.0	3.7293588679954955e-09	chr2	1.0244675419011346e-06
173636803.0	3.745226371873478e-09	chr2	1.0288263990852705e-06
178594457.0	3.473412564061124e-09	chr2	9.541582232939764e-07
183552111.0	3.0903045066032316e-09	chr2	8.48917139290344e-07
188509765.0	2.834288138766403e-09	chr2	7.785885738913196e-07
193467419.0	2.8110520251819846e-09	chr2	7.722055346050094e-07
198425073.0	2.9965315087244913e-09	chr2	8.231573784215357e-07
203382727.0	3.348739494722019e-09	chr2	9.199101078918368e-07
208340381.0	3.8509027237479844e-09	chr2	1.0578560517076113e-06
213298035.0	4.466549222006596e-09	chr2	1.226976234847842e-06
218255689.0	5.104652598741182e-09	chr2	1.4022653987446548e-06
223213343.0	5.658350402692808e-09	chr2	1.5543680652480985e-06
228170997.0	6.009197278355751e-09	chr2	1.6507468930886328e-06
233128651.0	5.931781120219646e-09	chr2	1.6294804116272353e-06
238086305.0	5.165148434537449e-09	chr2	1.4188838102162136e-06
243043959.0	3.756805466771721e-09	chr2	1.0320072157638808e-06
108226.0	5.503709023712692e-09	chr3	1.5118875534476577e-06
4142756.9795918367	7.256894163499339e-09	chr3	1.993493463264592e-06
8177287.959183673	7.956693708547095e-09	chr3	2.185730774050386e-06
12211818.93877551	7.614186345836906e-09	chr3	2.091642838729925e-06
16246349.918367347	6.823011720688643e-09	chr3	1.8743044832297347e-06
20280880.897959184	6.165309593681689e-09	chr3	1.6936314760969772e-06
24315411.87755102	5.795716510550832e-09	chr3	1.5921030014231937e-06
28349942.85714286	5.511358737144568e-09	chr3	1.5139889556975338e-06
32384473.836734693	5.080546385032594e-09	chr3	1.3956433400003178e-06
36419004.81632653	4.470768231032978e-09	chr3	1.2281352109505734e-06
40453535.79591837	3.844735389401822e-09	chr3	1.056161864025134e-06
44488066.77551021	3.451697863801127e-09	chr3	9.481931214129563e-07
48522597.75510204	3.5252979876443478e-09	chr3	9.6841132529898e-07
52557128.73469388	4.14222598043379e-09	chr3	1.1378835393373968e-06
56591659.71428572	5.084445748431807e-09	chr3	1.3967145083640956e-06
60626190.69387755	5.908803175453985e-09	chr3	1.6231682921918993e-06
64660721.67346939	6.230582821612398e-09	chr3	1.7115622534067158e-06
68695252.65306123	5.929864734874966e-09	chr3	1.628953974067083e-06
72729783.63265306	5.114949672141246e-09	chr3	1.405094039765359e-06
76764314.6122449	4.008374092405769e-09	chr3	1.101113971280087e-06
80798845.59183674	2.8914187106971228e-09	chr3	7.942825359542221e-07
84833376.57142857	2.0343108002781023e-09	chr3	5.588320831521422e-07
88867907.55102041	1.602551438066945e-09	chr3	4.4022632056565994e-07
92902438.53061225	1.6235424161179012e-09	chr3	4.459926134988799e-07
96936969.51020408	2.0034460496634236e-09	chr3	5.503534313750321e-07
100971500.48979592	2.565433929819044e-09	chr3	7.047334099558312e-07
105006031.46938775	3.13130338295478e-09	chr3	8.601796698118851e-07
109040562.44897959	3.6007967017750775e-09	chr3	9.891510783825383e-07
113075093.42857143	3.951030795257065e-09	chr3	1.0853615728776197e-06
117109624.40816326	4.186505355859072e-09	chr3	1.1500472340915137e-06
121144155.3877551	4.31278712019682e-09	chr3	1.1847372634711663e-06
125178686.36734694	4.340037219809249e-09	chr3	1.1922229583465193e-06
129213217.34693877	4.302149062461933e-09	chr3	1.1818149528960729e-06
133247748.3265306	4.272913035852823e-09	chr3	1.1737837171326746e-06
137282279.30612245	4.328050851081636e-09	chr3	1.1889302621643204e-06
141316810.2857143	4.452869062908872e-09	chr3	1.2232182487006963e-06
145351341.26530612	4.5030651916102685e-09	chr3	1.2370072956666466e-06
149385872.24489796	4.313806486294372e-09	chr3	1.1850172867988267e-06
153420403.2244898	3.887806138061195e-09	chr3	1.0679935449034685e-06
157454934.20408162	3.4687451223527922e-09	chr3	9.528760612111218e-07
161489465.18367347	3.392841447776925e-09	chr3	9.320250641184773e-07
165523996.16326532	3.825906255351271e-09	chr3	1.0509894369781058e-06
169558527.14285713	4.632974405671632e-09	chr3	1.2726937978002657e-06
173593058.12244898	5.542754708840139e-09	chr3	1.5226135357090165e-06
177627589.10204083	6.4221431339981155e-09	chr3	1.7641845215503796e-06
181662120.08163264	7.2599818660211205e-09	chr3	1.9943416656298185e-06
185696651.0612245	7.860514486068077e-09	chr3	2.1593100151149494e-06
189731182.04081634	7.76499520845641e-09	chr3	2.1330705452750318e-06
193765713.02040815	6.6529841540330986e-09	chr3	1.827597333440028e-06
197800244.0	4.7614849055950285e-09	chr3	1.3079960684116675e-06
167596.0	4.7656642530703265e-09	chr4	1.3091441493516684e-06
4060843.5918367347	6.620823249966504e-09	chr4	1.8187626239093436e-06
7954091.183673469	7.590542231920544e-09	chr4	2.0851477203673028e-06
11847338.775510203	7.550337746243995e-09	chr4	2.0741034116610744e-06
15740586.367346939	7.01141059430594e-09	chr4	1.926058293410892e-06
19633833.959183674	6.5111920537813846e-09	chr4	1.7886465621285104e-06
23527081.551020406	6.17416575778367e-09	chr4	1.696064294441731e-06
27420329.14285714	5.860412796991132e-09	chr4	1.6098752909468488e-06
31313576.734693877	5.49237297159616e-09	chr4	1.5087735014462934e-06
35206824.32653061	5.0836653085234934e-09	chr4	1.3965001188717533e-06
39100071.91836735	4.5952254572751534e-09	chr4	1.262324033521217e-06
42993319.510204084	4.00414112737748e-09	chr4	1.0999511614162521e-06
46886567.10204081	3.4814069060247577e-09	chr4	9.563542961715118e-07
50779814.69387755	3.2737492595672785e-09	chr4	8.993100357092265e-07
54673062.28571428	3.3878715360086646e-09	chr4	9.306598124832996e-07
58566309.87755102	3.5700691643414813e-09	chr4	9.807101195320989e-07
62459557.469387755	3.6261190960285223e-09	chr4	9.961072260513792e-07
66352805.06122449	3.617778291121177e-09	chr4	9.938159786269935e-07
70246052.65306123	3.7166996963536465e-09	chr4	1.0209900244742854e-06
74139300.24489796	3.978531887441214e-09	chr4	1.0929162162645232e-06
78032547.8367347	4.293891329772265e-09	chr4	1.179546525691906e-06
81925795.42857143	4.492687088910615e-09	chr4	1.2341563956222574e-06
85819043.02040817	4.4732303089780574e-09	chr4	1.2288115521206363e-06
89712290.6122449	4.270768506244399e-09	chr4	1.1731946075687412e-06
93605538.20408162	4.025715872087266e-09	chr4	1.1058778170324922e-06
97498785.79591836	3.88181164659999e-09	chr4	1.0663468377482761e-06
101392033.3877551	3.8994264386921624e-09	chr4	1.0711856809367483e-06
105285280.97959183	4.025552438280264e-09	chr4	1.1058329212108644e-06
109178528.57142857	4.120532597558237e-09	chr4	1.1319242934142544e-06
113071776.1632653	4.057601826136057e-09	chr4	1.1146369968598535e-06
116965023.75510204	3.842059670708196e-09	chr4	1.0554268350161528e-06
120858271.34693877	3.61198591339621e-09	chr4	9.92224792801305e-07
124751518.93877551	3.515563156400376e-09	chr4	9.657371341073197e-07
128644766.53061225	3.62153395431495e-09	chr4	9.948476720564866e-07
132538014.12244898	3.909209726360144e-09	chr4	1.0738731832725896e-06
136431261.7142857	4.264138986887191e-09	chr4	1.1713734560946502e-06
140324509.30612245	4.522152785577944e-09	chr4	1.2422507225303588e-06
144217756.89795917	4.610806452856854e-09	chr4	1.2666041859036926e-06
148111004.48979592	4.617419720836616e-09	chr4	1.2684208730692272e-06
152004252.08163264	4.658695516395742e-09	chr4	1.2797594742372077e-06
155897499.6734694	4.750190308766647e-09	chr4	1.3048934043186955e-06
159790747.26530612	4.863414249488912e-09	chr4	1.3359964052209513e-06
163683994.85714287	5.042168922210877e-09	chr4	1.385100920674902e-06
167577242.4489796	5.414448577678391e-09	chr4	1.4873674058902545e-06
171470490.04081634	6.116403303061653e-09	chr4	1.6801967520308698e-06
175363737.63265306	7.144775182822948e-09	chr4	1.9626939986381854e-06
179256985.2244898	8.166792393337334e-09	chr4	2.2434455960298026e-06
183150232.81632653	8.530827039375592e-09	chr4	2.343447149163818e-06
187043480.40816325	7.696163728168328e-09	chr4	2.1141623039627526e-06
190936728.0	5.7704464013600766e-09	chr4	1.585161216638577e-06
157856.0	6.033571342206732e-09	chr5	1.6574425311764143e-06
3842243.285714286	7.943635282718643e-09	chr5	2.182143580143042e-06
7526630.571428572	8.743060324880159e-09	chr5	2.401748353206252e-06
11211017.857142858	8.339746214211668e-09	chr5	2.2909565977878e-06
14895405.142857144	7.251211759856669e-09	chr5	1.9919324876926635e-06
18579792.42857143	6.1555517042681536e-09	chr5	1.6909509507478572e-06
22264179.714285716	5.503152911939292e-09	chr5	1.5117347876555516e-06
25948567.0	5.365054914004278e-09	chr5	1.473798798791601e-06
29632954.285714287	5.453397271786234e-09	chr5	1.4980667443892518e-06
33317341.571428575	5.3221634667341405e-09	chr5	1.4620163726136028e-06
37001728.85714286	4.711793329359791e-09	chr5	1.294345623721085e-06
40686116.14285714	3.7803951367828756e-09	chr5	1.0384873782009101e-06
44370503.42857143	2.9811649726640697e-09	chr5	8.189361387976278e-07
48054890.71428572	2.6809361755774834e-09	chr5	7.364622689861797e-07
51739278.0	2.8799242361065096e-09	chr5	7.911249647613968e-07
55423665.28571429	3.2972116436568045e-09	chr5	9.057552322714593e-07
59108052.571428575	3.7038251657124125e-09	chr5	1.017453347199179e-06
62792439.85714286	4.114726019257679e-09	chr5	1.1303292066422412e-06
66476827.14285715	4.64646758268041e-09	chr5	1.2764004193327892e-06
70161214.42857143	5.25667706685519e-09	chr5	1.4440270362459812e-06
73845601.71428572	5.682980589833259e-09	chr5	1.5611340612730144e-06
77529989.0	5.6528653924336254e-09	chr5	1.5528613143087478e-06
81214376.28571428	5.145314842337943e-09	chr5	1.4134354551056155e-06
84898763.57142858	4.420341282603624e-09	chr5	1.2142827570217393e-06
88583150.85714287	3.790445099343635e-09	chr5	1.0412481370351365e-06
92267538.14285715	3.4011012915150586e-09	chr5	9.342940712348241e-07
95951925.42857143	3.235094511822125e-09	chr5	8.886914452739834e-07
99636312.71428572	3.2494793046830615e-09	chr5	8.926429967080565e-07
103320700.0	3.4277999946385897e-09	chr5	9.416282956227317e-07
107005087.2857143	3.722632743544929e-09	chr5	1.0226198526799317e-06
110689474.57142858	4.031845291919782e-09	chr5	1.107561589469354e-06
114373861.85714287	4.25720533542721e-09	chr5	1.169468758499424e-06
118058249.14285715	4.3574864250522684e-09	chr5	1.1970163142653752e-06
121742636.42857143	4.344108223138144e-09	chr5	1.193341276781684e-06
125427023.71428572	4.2631286424477834e-09	chr5	1.1710959110471096e-06
129111411.0	4.197132105047832e-09	chr5	1.1529664381705946e-06
132795798.2857143	4.250166003284413e-09	chr5	1.1675350300618513e-06
136480185.57142857	4.492789609527604e-09	chr5	1.234184558383793e-06
140164572.85714287	4.8997391287311925e-09	chr5	1.3459749728687453e-06
143848960.14285716	5.326306750428945e-09	chr5	1.4631545467106686e-06
147533347.42857143	5.586860257321521e-09	chr5	1.534729479611516e-06
151217734.71428573	5.636456172003622e-09	chr5	1.5483536457486892e-06
154902122.0	5.683104836752763e-09	chr5	1.56116819232361e-06
158586509.2857143	6.058956695110649e-09	chr5	1.6644159738002792e-06
162270896.57142857	6.930256785508132e-09	chr5	1.9037650666237119e-06
165955283.85714287	8.080632133693538e-09	chr5	2.2197770801987455e-06
169639671.14285716	8.932052106329295e-09	chr5	2.453665037181688e-06
173324058.42857143	8.84709440183245e-09	chr5	2.4303268673320733e-06
177008445.71428573	7.571149881047866e-09	chr5	2.079820575747162e-06
180692833.0	5.463011388469712e-09	chr5	1.5007077748813286e-06
183917.0	6.55389796257439e-09	chr6	1.8003780202569528e-06
3669585.714285714	8.53483966584266e-09	chr6	2.3445494312768544e-06
7155254.428571428	9.549605154413553e-09	chr6	2.6233089560316013e-06
10640923.142857142	9.565617034250955e-09	chr6	2.6277074737819344e-06
14126591.857142856	8.935447456092987e-09	chr6	2.454597751288704e-06
17612260.57142857	7.990875749897636e-09	chr6	2.195120696854563e-06
21097929.285714284	6.9034411685405535e-09	chr6	1.8963987256059317e-06
24583598.0	5.853834282350243e-09	chr6	1.608068150641487e-06
28069266.714285713	5.1518333773712164e-09	chr6	1.4152261188091396e-06
31554935.428571425	5.0634958067306235e-09	chr6	1.390959488255473e-06
35040604.14285714	5.52537811449504e-09	chr6	1.5178401262503272e-06
38526272.85714286	6.106292246983069e-09	chr6	1.6774192105998893e-06
42011941.57142857	6.301317118324484e-09	chr6	1.7309932048505724e-06
45497610.28571428	5.8839198041837555e-09	chr6	1.616332745626994e-06
48983279.0	4.993166719840802e-09	chr6	1.371639849325446e-06
52468947.71428571	3.937260901159105e-09	chr6	1.0815789362212664e-06
55954616.428571425	2.9953684380611857e-09	chr6	8.228378789617976e-07
59440285.14285714	2.37401347573306e-09	chr6	6.521495613619114e-07
62925953.85714285	2.1790291505844666e-09	chr6	5.985867052880475e-07
66411622.57142857	2.3380707534718592e-09	chr6	6.422759735342108e-07
69897291.28571428	2.626798823487209e-09	chr6	7.215905545751797e-07
73382960.0	2.84647401545085e-09	chr6	7.819360755865737e-07
76868628.71428572	2.975960771917229e-09	chr6	8.175065271846425e-07
80354297.42857142	3.1448158627277336e-09	chr6	8.63891593879259e-07
83839966.14285713	3.4650322607618864e-09	chr6	9.51856125527244e-07
87325634.85714285	3.890850692058125e-09	chr6	1.0688298942224326e-06
90811303.57142857	4.260534273186447e-09	chr6	1.1703832290033529e-06
94296972.28571428	4.485272068300901e-09	chr6	1.2321194642873914e-06
97782641.0	4.642371689448463e-09	chr6	1.2752752635567571e-06
101268309.7142857	4.828173979771517e-09	chr6	1.3263157834918018e-06
104753978.42857142	4.972555103546079e-09	chr6	1.365977768354565e-06
108239647.14285713	4.898051916672361e-09	chr6	1.3455114899882398e-06
111725315.85714285	4.56787438540629e-09	chr6	1.2548106012242292e-06
115210984.57142857	4.194417303634087e-09	chr6	1.1522206730057144e-06
118696653.28571428	4.0621885826962575e-09	chr6	1.115896994458597e-06
122182322.0	4.285475315137946e-09	chr6	1.17723461790019e-06
125667990.7142857	4.7634272498184495e-09	chr6	1.308529636963938e-06
129153659.42857142	5.307562380701845e-09	chr6	1.45800540471106e-06
132639328.14285713	5.755006664015854e-09	chr6	1.5809198683734967e-06
136124996.85714284	6.027703898445584e-09	chr6	1.655830724455744e-06
139610665.57142857	6.194456632354852e-09	chr6	1.701638266572264e-06
143096334.28571427	6.4500879261654844e-09	chr6	1.771861050828998e-06
146582003.0	6.926382156221704e-09	chr6	1.9027006928046864e-06
150067671.7142857	7.532716049079106e-09	chr6	2.069262671625685e-06
153553340.42857143	8.058691420212074e-09	chr6	2.2137498917184926e-06
157039009.14285713	8.369763731656692e-09	chr6	2.29920251173692e-06
160524677.85714284	8.373283217010504e-09	chr6	2.3001693263119715e-06
164010346.57142857	7.866716769515151e-09	chr6	2.1610138034340963e-06
167496015.28571427	6.649477261842325e-09	chr6	1.8266339782496156e-06
170981684.0	4.843041969465094e-09	chr6	1.3304000707362144e-06
46239.0	4.700623137544804e-09	chr7	1.291277134107637e-06
3292631.7959183673	6.6359879518603335e-09	chr7	1.8229284190024784e-06
6539024.591836735	8.11382333301999e-09	chr7	2.2288948153350793e-06
9785417.387755102	8.843405233470317e-09	chr7	2.429313440258576e-06
13031810.18367347	8.873926863483972e-09	chr7	2.4376978356417188e-06
16278202.979591837	8.490736182820938e-09	chr7	2.332434054763135e-06
19524595.775510203	8.026462805143032e-09	chr7	2.2048965817455627e-06
22770988.57142857	7.713523184715275e-09	chr7	2.118931005610108e-06
26017381.36734694	7.608161331972054e-09	chr7	2.08998774696683e-06
29263774.163265307	7.603955927269449e-09	chr7	2.0888325080180257e-06
32510166.959183674	7.541269837639839e-09	chr7	2.071612426382718e-06
35756559.75510204	7.3256634154321e-09	chr7	2.0123846102364046e-06
39002952.551020406	6.9495512335121706e-09	chr7	1.9090653169934655e-06
42249345.346938774	6.4322853625241656e-09	chr7	1.766970626158507e-06
45495738.14285714	5.769734704019204e-09	chr7	1.584965710962886e-06
48742130.93877551	4.945977625426621e-09	chr7	1.3586768448868252e-06
51988523.73469388	3.997991530232596e-09	chr7	1.0982618462031827e-06
55234916.530612245	3.0780022699193585e-09	chr7	8.45537673108215e-07
58481309.32653061	2.437957896126592e-09	chr7	6.697153107299966e-07
61727702.12244898	2.3011135606497597e-09	chr7	6.321237071993884e-07
64974094.91836735	2.701473318000393e-09	chr7	7.421038917316412e-07
68220487.71428572	3.4526982972957768e-09	chr7	9.48467943890325e-07
71466880.51020408	4.2830889342393825e-09	chr7	1.1765790709657901e-06
74713273.30612245	4.966989733671689e-09	chr7	1.3644489423561027e-06
77959666.10204081	5.343907180912879e-09	chr7	1.467989444716601e-06
81206058.89795919	5.343923240212612e-09	chr7	1.4679938562607577e-06
84452451.69387755	5.072035287586005e-09	chr7	1.3933053126372725e-06
87698844.48979592	4.775747335773851e-09	chr7	1.3119140064015526e-06
90945237.28571428	4.648267946290384e-09	chr7	1.2768949853285337e-06
94191630.08163266	4.70501173763885e-09	chr7	1.2924826974524032e-06
97438022.87755102	4.860383083692979e-09	chr7	1.3351637336862527e-06
100684415.6734694	5.0252646542735835e-09	chr7	1.3804572608839455e-06
103930808.46938775	5.0906798908385045e-09	chr7	1.3984270484476096e-06
107177201.26530612	4.926608975207128e-09	chr7	1.353356210916576e-06
110423594.06122449	4.495341842863994e-09	chr7	1.2348856655459189e-06
113669986.85714285	3.937966514754227e-09	chr7	1.081772770671346e-06
116916379.65306123	3.5082263632299834e-09	chr7	9.63721692115611e-07
120162772.44897959	3.4351400132379162e-09	chr7	9.436446236507186e-07
123409165.24489796	3.820949778188923e-09	chr7	1.0496278758747814e-06
126655558.04081632	4.589256791252536e-09	chr7	1.26068442070168e-06
129901950.8367347	5.508652389589176e-09	chr7	1.5132455128362431e-06
133148343.63265306	6.322090338603754e-09	chr7	1.7366996789846408e-06
136394736.42857143	6.915798794632423e-09	chr7	1.8997934074464797e-06
139641129.2244898	7.413599300952869e-09	chr7	2.036540896523968e-06
142887522.02040815	8.100139578958376e-09	chr7	2.2251358416391486e-06
146133914.81632653	9.11530648472703e-09	chr7	2.5040056370608992e-06
149380307.6122449	1.0105106170271667e-08	chr7	2.7759069709675116e-06
152626700.40816328	1.028694484000437e-08	chr7	2.8258586708702253e-06
155873093.20408162	9.078465477827233e-09	chr7	2.4938852873933744e-06
159119486.0	6.6999320822677775e-09	chr7	1.8404940887104008e-06
113565.0	6.674073043776233e-09	chr8	1.8333905230474912e-06
3096563.0816326533	8.846123049448011e-09	chr8	2.4300600335344075e-06
6079561.1632653065	1.0092049858034252e-08	chr8	2.772320357670801e-06
9062559.24489796	1.0402219003612453e-08	chr8	2.8575248749595507e-06
12045557.326530613	1.0262527526425928e-08	chr8	2.819151151935481e-06
15028555.408163266	1.0107202306373282e-08	chr8	2.7764827866708328e-06
18011553.48979592	9.98100287014023e-09	chr8	2.7418153731010374e-06
20994551.571428575	9.671483463034779e-09	chr8	2.6567893411765597e-06
23977549.653061226	9.019172668963714e-09	chr8	2.4775973515044175e-06
26960547.734693877	8.065546255174226e-09	chr8	2.2156329381541895e-06
29943545.816326533	6.995817037475723e-09	chr8	1.9217746904108045e-06
32926543.897959188	5.99897292766669e-09	chr8	1.6479382292435288e-06
35909541.97959184	5.139544443973951e-09	chr8	1.411850307085005e-06
38892540.06122449	4.345328306169e-09	chr8	1.1936764377323405e-06
41875538.14285715	3.573274210716328e-09	chr8	9.815905566521348e-07
44858536.2244898	2.973938192590902e-09	chr8	8.16950917777212e-07
47841534.30612245	2.7982804150318442e-09	chr8	7.68697129938213e-07
50824532.3877551	3.1245402500643366e-09	chr8	8.583218142466073e-07
53807530.469387755	3.743855480924575e-09	chr8	1.0284498106875466e-06
56790528.55102041	4.337693352604559e-09	chr8	1.1915790900681568e-06
59773526.632653065	4.740653153609826e-09	chr8	1.3022735154192692e-06
62756524.71428572	5.0223225897929565e-09	chr8	1.3796490657830535e-06
65739522.795918375	5.320992855605025e-09	chr8	1.4616948017623074e-06
68722520.87755102	5.6162900045665096e-09	chr8	1.5428139310912554e-06
71705518.95918368	5.711053505522858e-09	chr8	1.568845786518158e-06
74688517.04081634	5.44980413825753e-09	chr8	1.4970796984105277e-06
77671515.12244898	4.895416421446313e-09	chr8	1.344787510502358e-06
80654513.20408164	4.270264664172466e-09	chr8	1.1730562004410795e-06
83637511.2857143	3.801459132888949e-09	chr8	1.0442737294417611e-06
86620509.36734694	3.653872973348734e-09	chr8	1.0037313103733436e-06
89603507.4489796	3.911292293337821e-09	chr8	1.074445271491499e-06
92586505.53061225	4.519511776651029e-09	chr8	1.24152522841213e-06
95569503.6122449	5.251421737776546e-09	chr8	1.4425833795066732e-06
98552501.69387756	5.785370281045241e-09	chr8	1.5892608570534204e-06
101535499.7755102	5.873752555779422e-09	chr8	1.6135397679733622e-06
104518497.85714287	5.497790140005412e-09	chr8	1.5102616159991505e-06
107501495.93877551	4.908719082809675e-09	chr8	1.3484417967403007e-06
110484494.02040817	4.512368623723931e-09	chr8	1.2395629800526468e-06
113467492.10204083	4.655182118597349e-09	chr8	1.2787943319342962e-06
116450490.18367347	5.447576536481785e-09	chr8	1.496467768640208e-06
119433488.26530613	6.723599875389586e-09	chr8	1.8469957118311482e-06
122416486.34693879	8.132327354939354e-09	chr8	2.233977932975942e-06
125399484.42857143	9.310560092787531e-09	chr8	2.557642466064857e-06
128382482.51020409	1.00673491017743e-08	chr8	2.7655349760691817e-06
131365480.59183675	1.0439189975392829e-08	chr8	2.8676809264209903e-06
134348478.6734694	1.0515899791519308e-08	chr8	2.8887533733343717e-06
137331476.75510204	1.020073305527096e-08	chr8	2.802176000922128e-06
140314474.8367347	9.222339022699792e-09	chr8	2.533407838608569e-06
143297472.91836736	7.455387177882242e-09	chr8	2.0480201681828287e-06
146280471.0	5.1972722931696554e-09	chr8	1.4277083432403056e-06
212908.0	7.279222248253424e-09	chr9	1.9996270639485273e-06
3086684.1428571427	9.471126839900508e-09	chr9	2.601750696607526e-06
5960460.285714285	1.0909023169443238e-08	chr9	2.9967456998712034e-06
8834236.42857143	1.1513776606333096e-08	chr9	3.162873522072401e-06
11708012.57142857	1.1502658659144947e-08	chr9	3.1598193842353115e-06
14581788.714285713	1.1120704079323465e-08	chr9	3.0548951644543616e-06
17455564.85714286	1.0505885307869174e-08	chr9	2.8860023606773414e-06
20329341.0	9.727046118813594e-09	chr9	2.6720525913495894e-06
23203117.14285714	8.843673816155044e-09	chr9	2.4293872208338864e-06
26076893.285714284	7.913165439843016e-09	chr9	2.1737734108625283e-06
28950669.428571425	6.9792502713910515e-09	chr9	1.9172237435245543e-06
31824445.57142857	6.053972509891935e-09	chr9	1.6630468011998045e-06
34698221.71428572	5.0941626305875076e-09	chr9	1.399383768880272e-06
37571997.85714286	4.033297348814737e-09	chr9	1.1079604744280104e-06
40445774.0	2.8850460746256326e-09	chr9	7.925319511908151e-07
43319550.14285714	1.794358748576437e-09	chr9	4.929164399324627e-07
46193326.28571428	9.428499395817027e-10	chr9	2.590040793001171e-07
49067102.428571425	4.1131918020039825e-10	chr9	1.1299077519541111e-07
51940878.57142857	1.5096918566482588e-10	chr9	4.147174782994014e-08
54814654.71428571	6.337783191464778e-11	chr9	1.7410105589414926e-08
57688430.85714285	8.866360089611335e-11	chr9	2.4356192171703387e-08
60562207.0	2.4586939934485674e-10	chr9	6.754115870616667e-08
63435983.14285714	6.285456559380987e-10	chr9	1.726636255463517e-07
66309759.28571428	1.3581359179998813e-09	chr9	3.7308454743290206e-07
69183535.42857143	2.4962672253004147e-09	chr9	6.857330814093621e-07
72057311.57142857	3.958347112984624e-09	chr9	1.0873713901956696e-06
74931087.71428572	5.504653944418286e-09	chr9	1.5121471263734115e-06
77804863.85714285	6.843859454467839e-09	chr9	1.8800314264751997e-06
80678640.0	7.781698228572294e-09	chr9	2.1376589216062272e-06
83552416.14285713	8.284468218202508e-09	chr9	2.275771544619891e-06
86426192.28571428	8.405215214875977e-09	chr9	2.3089411545320905e-06
89299968.42857142	8.18615816951533e-09	chr9	2.248765440491095e-06
92173744.57142857	7.676701061720702e-09	chr9	2.1088158434154582e-06
95047520.71428572	7.023299327092898e-09	chr9	1.929324168668727e-06
97921296.85714285	6.468993281136106e-09	chr9	1.7770544160215334e-06
100795073.0	6.233305576831885e-09	chr9	1.712310203509036e-06
103668849.14285713	6.401062968176614e-09	chr9	1.758393728433806e-06
106542625.28571428	6.9039055125660355e-09	chr9	1.8965262824861408e-06
109416401.42857142	7.564451938770778e-09	chr9	2.0779806282646896e-06
112290177.57142857	8.162087008737416e-09	chr9	2.242153010905816e-06
115163953.7142857	8.511502560797418e-09	chr9	2.3381386492933983e-06
118037729.85714285	8.545417404084322e-09	chr9	2.3474551718823793e-06
120911506.0	8.379647216847808e-09	chr9	2.3019175386725283e-06
123785282.14285713	8.311750984486122e-09	chr9	2.2832662131407192e-06
126659058.28571428	8.680888653872332e-09	chr9	2.384669584112756e-06
129532834.42857142	9.582982910621449e-09	chr9	2.6324779389766133e-06
132406610.57142857	1.0621075080217367e-08	chr9	2.917645382201074e-06
135280386.7142857	1.099999624781864e-08	chr9	3.0217363133469508e-06
138154162.85714287	1.0060711015832505e-08	chr9	2.763711471325222e-06
141027939.0	7.846029837343389e-09	chr9	2.1553310329361013e-06
