pos	val	Chromosome	valScaled
158946.0	3.3242488114133033e-09	chr10	1.1307016414269065e-06
2920466.326530612	5.6790712594140726e-09	chr10	1.9316650344442274e-06
5681986.653061224	8.109624731707562e-09	chr10	2.7583873878560668e-06
8443506.979591835	9.958538239102305e-09	chr10	3.387272184472361e-06
11205027.306122448	1.0799281606646964e-08	chr10	3.673240521871682e-06
13966547.632653061	1.0567692293134155e-08	chr10	3.5944683144403933e-06
16728067.959183672	9.612591794169548e-09	chr10	3.269602829582837e-06
19489588.285714284	8.64010239448073e-09	chr10	2.938822727707454e-06
22251108.612244897	8.302410174309147e-09	chr10	2.8239609440966267e-06
25012628.93877551	8.673163023024293e-09	chr10	2.9500678868641533e-06
27774149.265306123	9.173810961256881e-09	chr10	3.1203570191315767e-06
30535669.591836732	9.047613152624357e-09	chr10	3.0774324134656705e-06
33297189.918367345	7.951903793950949e-09	chr10	2.704740584224369e-06
36058710.244897954	6.192723907455041e-09	chr10	2.106377556042837e-06
38820230.57142857	4.466692168470267e-09	chr10	1.5192894554998193e-06
41581750.89795918	3.375093246174538e-09	chr10	1.1479957397641213e-06
44343271.22448979	3.1192817188422675e-09	chr10	1.0609846493615503e-06
47104791.551020406	3.556282286822415e-09	chr10	1.2096249249700327e-06
49866311.87755102	4.381202932568094e-09	chr10	1.490211361517491e-06
52627832.20408163	5.202302392326803e-09	chr10	1.7694980694607515e-06
55389352.530612245	5.65986080167361e-09	chr10	1.9251308375979726e-06
58150872.85714285	5.666180769562988e-09	chr10	1.9272804956024368e-06
60912393.183673464	5.47770883151334e-09	chr10	1.8631741239662398e-06
63673913.51020408	5.481010418191213e-09	chr10	1.8642971173664833e-06
66435433.83673469	5.896023083658565e-09	chr10	2.0054584830397665e-06
69196954.1632653	6.57838167070119e-09	chr10	2.2375542190032903e-06
71958474.48979591	7.128043063420617e-09	chr10	2.4245146645761426e-06
74719994.81632653	7.320779706302606e-09	chr10	2.490071622202646e-06
77481515.14285713	7.2957140979719205e-09	chr10	2.4815458691406123e-06
80243035.46938775	7.206485367270897e-09	chr10	2.4511958327896347e-06
83004555.79591836	6.9987559109968686e-09	chr10	2.380539257272382e-06
85766076.12244898	6.6701592861693076e-09	chr10	2.2687712266170883e-06
88527596.44897959	6.41359358555475e-09	chr10	2.1815036136084853e-06
91289116.77551019	6.374887426320192e-09	chr10	2.168338197822042e-06
94050637.10204081	6.477734721888254e-09	chr10	2.203320418622081e-06
96812157.42857142	6.517862904235351e-09	chr10	2.2169695177784254e-06
99573677.75510204	6.332452670571559e-09	chr10	2.153904546582161e-06
102335198.08163264	5.950343264055069e-09	chr10	2.0239348127675705e-06
105096718.40816326	5.656685163491372e-09	chr10	1.9240506840026984e-06
107858238.73469387	5.840298633571486e-09	chr10	1.986504508546418e-06
110619759.06122449	6.705556726934605e-09	chr10	2.2808112232136785e-06
113381279.3877551	8.113963294902358e-09	chr10	2.7598630958442734e-06
116142799.7142857	9.668161026857685e-09	chr10	3.2885040088199585e-06
118904320.04081632	1.0930190068673082e-08	chr10	3.717767397351461e-06
121665840.36734693	1.1603180784693026e-08	chr10	3.946676769193968e-06
124427360.69387755	1.1552535448748951e-08	chr10	3.92945039182836e-06
127188881.02040815	1.0698515370301893e-08	chr10	3.638966147328898e-06
129950401.34693877	9.00351238486579e-09	chr10	3.062432089085138e-06
132711921.67346938	6.6580449597869084e-09	chr10	2.2646506900681e-06
135473442.0	4.182424508841267e-09	chr10	1.42259936772915e-06
241489.0	3.96691255805907e-09	chr11	1.3492956740766448e-06
2990535.551020408	5.8392888563699405e-09	chr11	1.986161045465272e-06
5739582.102040816	7.43259323047892e-09	chr11	2.5281035934816354e-06
8488628.653061224	8.513935253312998e-09	chr11	2.8959085531959967e-06
11237675.204081632	9.11674152808137e-09	chr11	3.1009455654686305e-06
13986721.75510204	9.448098696599498e-09	chr11	3.2136525605213654e-06
16735768.306122448	9.657127679522495e-09	chr11	3.2847511537690666e-06
19484814.85714286	9.597380753965649e-09	chr11	3.264428984572407e-06
22233861.408163264	8.998737513137677e-09	chr11	3.0608079762082546e-06
24982907.95918367	7.983535635636519e-09	chr11	2.7154997594077767e-06
27731954.51020408	7.172718040640103e-09	chr11	2.43971029912051e-06
30481001.06122449	7.088762776903482e-09	chr11	2.4111539665777997e-06
33230047.612244897	7.579905715406049e-09	chr11	2.578210092110108e-06
35979094.1632653	8.022836587059359e-09	chr11	2.7288674863152435e-06
38728140.71428572	7.980152249267011e-09	chr11	2.7143489428658713e-06
41477187.26530612	7.393977090534402e-09	chr11	2.514968796630411e-06
44226233.81632653	6.299762130620191e-09	chr11	2.1427852684296845e-06
46975280.367346935	4.81236361708606e-09	chr11	1.6368652738327808e-06
49724326.91836734	3.379711969161457e-09	chr11	1.1495667406003628e-06
52473373.469387755	2.6453269094425296e-09	chr11	8.997748508920362e-07
55222420.02040816	2.9365748100441173e-09	chr11	9.988391802953302e-07
57971466.57142857	3.998913221133759e-09	chr11	1.3601802992410039e-06
60720513.12244898	5.244986430300098e-09	chr11	1.7840165109304241e-06
63469559.67346939	6.231575442604671e-09	chr11	2.1195924196279023e-06
66218606.22448979	6.886518770026885e-09	chr11	2.3423631980411628e-06
68967652.7755102	7.319072490226314e-09	chr11	2.4894909340143534e-06
71716699.3265306	7.553132017655428e-09	chr11	2.5691033538028677e-06
74465745.87755102	7.49341345313996e-09	chr11	2.5487908312595893e-06
77214792.42857143	7.043241521706865e-09	chr11	2.3956704811678296e-06
79963838.97959183	6.240956019657095e-09	chr11	2.1227831055459634e-06
82712885.53061225	5.347048005025942e-09	chr11	1.8187314786166318e-06
85461932.08163264	4.7554583460407214e-09	chr11	1.6175096578644767e-06
88210978.63265306	4.7513618419208535e-09	chr11	1.6161162832420525e-06
90960025.18367347	5.319714255794338e-09	chr11	1.8094342458052929e-06
93709071.73469387	6.13001160342505e-09	chr11	2.085046750460259e-06
96458118.28571428	6.727266572052979e-09	chr11	2.288195555405116e-06
99207164.83673468	6.8596667690752485e-09	chr11	2.333229825879798e-06
101956211.3877551	6.68380512774564e-09	chr11	2.27341268889754e-06
104705257.93877551	6.641348675760549e-09	chr11	2.258971657954283e-06
107454304.48979591	7.122461594942248e-09	chr11	2.4226161979065007e-06
110203351.04081632	8.20578326040027e-09	chr11	2.791094508290838e-06
112952397.59183674	9.635389897593297e-09	chr11	3.2773573192209617e-06
115701444.14285713	1.0974937322639861e-08	chr11	3.7329876159271196e-06
118450490.69387755	1.1809601100876962e-08	chr11	4.016888057089054e-06
121199537.24489796	1.1910531366795949e-08	chr11	4.051218224239128e-06
123948583.79591836	1.1280148778693363e-08	chr11	3.8368014740105255e-06
126697630.34693877	1.0037607559087871e-08	chr11	3.4141666243792763e-06
129446676.89795917	8.283594835323712e-09	chr11	2.817561141951314e-06
132195723.44897959	6.151910158840214e-09	chr11	2.0924952700980765e-06
134944770.0	3.958894610763131e-09	chr11	1.346568469621531e-06
191619.0	2.790514708154146e-09	chr12	9.491586640875922e-07
2917180.93877551	4.745465409057258e-09	chr12	1.6141106853774943e-06
5642742.87755102	6.8044972244090996e-09	chr12	2.3144645955226067e-06
8368304.816326531	8.427608293417916e-09	chr12	2.866545517878774e-06
11093866.75510204	9.278022130143091e-09	chr12	3.155803144376503e-06
13819428.69387755	9.432781833627918e-09	chr12	3.208442721220524e-06
16544990.632653061	9.303782335175303e-09	chr12	3.1645651558160236e-06
19270552.57142857	9.279867397638274e-09	chr12	3.156430789027683e-06
21996114.51020408	9.384395035271598e-09	chr12	3.1919845571574e-06
24721676.44897959	9.289010798639592e-09	chr12	3.1595408024794198e-06
27447238.3877551	8.6264968165706e-09	chr12	2.934194960609297e-06
30172800.32653061	7.2944506077014076e-09	chr12	2.4811161087334215e-06
32898362.265306123	5.60346283702915e-09	chr12	1.9059477755546965e-06
35623924.20408163	4.185045679655182e-09	chr12	1.4234909261863804e-06
38349486.14285714	3.5977272291094743e-09	chr12	1.2237219035451404e-06
41075048.08163265	3.937262895232836e-09	chr12	1.3392107122319495e-06
43800610.02040816	4.870313818225589e-09	chr12	1.6565763096988436e-06
46526171.95918367	5.961763375982103e-09	chr12	2.027819220955322e-06
49251733.89795918	6.8507633083190376e-09	chr12	2.330201425100391e-06
51977295.83673469	7.245111658462928e-09	chr12	2.4643340824606924e-06
54702857.7755102	7.025995592402511e-09	chr12	2.389804494089662e-06
57428419.71428571	6.43219479111233e-09	chr12	2.1878305809474716e-06
60153981.65306122	5.959506889414993e-09	chr12	2.0270517052818473e-06
62879543.59183673	5.933113526593073e-09	chr12	2.0180743331419942e-06
65605105.530612245	6.219509710870717e-09	chr12	2.1154884119405842e-06
68330667.46938775	6.4219012017763665e-09	chr12	2.1843293453244374e-06
71056229.40816326	6.306029649628955e-09	chr12	2.144917086603629e-06
73781791.34693877	5.9402745065648614e-09	chr12	2.020510050883857e-06
76507353.28571428	5.462593357414374e-09	chr12	1.8580327845707147e-06
79232915.2244898	4.917070337138342e-09	chr12	1.6724799546066933e-06
81958477.1632653	4.407777178362214e-09	chr12	1.4992502587371967e-06
84684039.10204081	4.243040590526692e-09	chr12	1.443217169508385e-06
87409601.04081632	4.746406129892899e-09	chr12	1.6144306597997853e-06
90135162.97959183	5.893634753493847e-09	chr12	2.004646122416144e-06
92860724.91836734	7.2113198772120975e-09	chr12	2.4528402308585285e-06
95586286.85714285	8.148168558287454e-09	chr12	2.7714975882210716e-06
98311848.79591836	8.541197264140743e-09	chr12	2.9051813850868275e-06
101037410.73469387	8.604031509500066e-09	chr12	2.926553667486893e-06
103762972.67346938	8.555071767592502e-09	chr12	2.9099006238432722e-06
106488534.61224489	8.516913844032416e-09	chr12	2.896921683562178e-06
109214096.5510204	8.698294600279298e-09	chr12	2.958616078430416e-06
111939658.48979591	9.267722345056639e-09	chr12	3.1522998013464592e-06
114665220.42857142	9.977388300208271e-09	chr12	3.393683796912542e-06
117390782.36734693	1.0328727258376664e-08	chr12	3.5131873477100305e-06
120116344.30612244	1.0270107028157633e-08	chr12	3.493248409835732e-06
122841906.24489795	1.0275499243019197e-08	chr12	3.4950825042554887e-06
125567468.18367346	1.0457969818644266e-08	chr12	3.557147587549799e-06
128293030.12244897	1.0080355650951278e-08	chr12	3.4287068529782517e-06
131018592.06122449	8.402766885234179e-09	chr12	2.858096023691615e-06
133744154.0	5.711566570166202e-09	chr12	1.9427179078272186e-06
19260565.0	8.246608134040934e-09	chr13	2.804980578273945e-06
21215959.14285714	1.189699905258578e-08	chr13	4.046615376871864e-06
23171353.285714287	1.467866121147409e-08	chr13	4.992762957086515e-06
25126747.42857143	1.593292805209949e-08	chr13	5.419386130001039e-06
27082141.57142857	1.5751494378957338e-08	chr13	5.357673736112952e-06
29037535.714285716	1.4682200581849794e-08	chr13	4.993966829636514e-06
30992929.85714286	1.3262860163875666e-08	chr13	4.511195944726549e-06
32948324.0	1.1858296964677545e-08	chr13	4.033451345896131e-06
34903718.14285714	1.0719828152843877e-08	chr13	3.646215423652878e-06
36859112.28571428	1.0000404018965126e-08	chr13	3.4015123056834997e-06
38814506.42857143	9.71454522129906e-09	chr13	3.304281012217255e-06
40769900.57142857	9.748102598573349e-09	chr13	3.315695134239574e-06
42725294.71428572	9.897755663388399e-09	chr13	3.36659775183245e-06
44680688.85714286	9.899144335745035e-09	chr13	3.3670700913600033e-06
46636083.0	9.512137942263338e-09	chr13	3.2354347086984927e-06
48591477.14285715	8.670741536673568e-09	chr13	2.9492442485786985e-06
50546871.28571428	7.536608178226192e-09	chr13	2.563482976561199e-06
52502265.42857143	6.3891171563279295e-09	chr13	2.1731782624470393e-06
54457659.571428575	5.495585661020937e-09	chr13	1.8692547038549501e-06
56413053.71428572	5.032744167933619e-09	chr13	1.71182496088339e-06
58368447.85714286	5.004069524321799e-09	chr13	1.7020716396253965e-06
60323842.0	5.227141133965828e-09	chr13	1.7779466566560897e-06
62279236.14285714	5.507266377258358e-09	chr13	1.8732277533382945e-06
64234630.28571429	5.857876751504436e-09	chr13	1.9924834854303814e-06
66190024.42857143	6.509117038271687e-09	chr13	2.213994720895935e-06
68145418.57142857	7.671198884509948e-09	chr13	2.609262321354331e-06
70100812.71428572	9.24730907011746e-09	chr13	3.1453564812792663e-06
72056206.85714287	1.074208779252888e-08	chr13	3.6537867615873278e-06
74011601.0	1.151803047465303e-08	chr13	3.917713956603143e-06
75966995.14285715	1.124468145984035e-08	chr13	3.824737709256688e-06
77922389.2857143	1.0112610772572947e-08	chr13	3.4396780290336747e-06
79877783.42857143	8.617359392568484e-09	chr13	2.931086980159057e-06
81833177.57142857	7.2129489924690475e-09	chr13	2.4533943540302905e-06
83788571.71428572	6.183450596674411e-09	chr13	2.103223355405051e-06
85743965.85714287	5.70697267090297e-09	chr13	1.9411553504700035e-06
87699360.0	5.8893131819461276e-09	chr13	2.003176193924097e-06
89654754.14285715	6.696668389524676e-09	chr13	2.277787966451291e-06
91610148.28571428	7.916366026321366e-09	chr13	2.6926528572006105e-06
93565542.42857143	9.267723262172204e-09	chr13	3.152300113291844e-06
95520936.57142858	1.0591036345626474e-08	chr13	3.602408501823479e-06
97476330.71428572	1.1925471813784438e-08	chr13	4.056300030352899e-06
99431724.85714287	1.3406264572492247e-08	chr13	4.559973160094398e-06
101387119.0	1.5063795184860513e-08	chr13	5.123761459479648e-06
103342513.14285715	1.663664176737971e-08	chr13	5.658745545647091e-06
105297907.28571428	1.7549367751494253e-08	chr13	5.969197869452703e-06
107253301.42857143	1.7181067796845066e-08	chr13	5.843925247912005e-06
109208695.57142858	1.527531076128511e-08	chr13	5.195705836395578e-06
111164089.71428572	1.2141974809966814e-08	chr13	4.129940815698681e-06
113119483.85714287	8.51030504821762e-09	chr13	2.894673784352591e-06
115074878.0	5.183044126712064e-09	chr13	1.762947611364216e-06
19035752.0	1.0174361097309208e-08	chr14	3.460681629395421e-06
20836765.979591835	1.4155213594964727e-08	chr14	4.814718799514414e-06
22637779.959183674	1.6330593405702565e-08	chr14	5.554647024586858e-06
24438793.93877551	1.6105943248605438e-08	chr14	5.478235084390197e-06
26239807.91836735	1.4367329842088936e-08	chr14	4.886867487053447e-06
28040821.897959184	1.2701378063742545e-08	chr14	4.320214833423261e-06
29841835.87755102	1.2135573804496233e-08	chr14	4.127763593774883e-06
31642849.85714286	1.2469423221517616e-08	chr14	4.241318295973905e-06
33443863.836734693	1.2620181556162579e-08	chr14	4.2925968572706975e-06
35244877.81632653	1.1645352777032135e-08	chr14	3.961021044747698e-06
37045891.79591837	9.543312134227781e-09	chr14	3.2460382200552038e-06
38846905.77551021	7.122574356228761e-09	chr14	2.4226545522472807e-06
40647919.75510204	5.2367980230193124e-09	chr14	1.7812313266441975e-06
42448933.73469388	4.26712247771427e-09	chr14	1.4514083221315473e-06
44249947.71428572	4.19502003609361e-09	chr14	1.426883578733442e-06
46050961.69387755	4.8835839742954045e-09	chr14	1.661089987254692e-06
47851975.67346939	6.161752887046766e-09	chr14	2.0958431509489496e-06
49652989.653061226	7.741564858064406e-09	chr14	2.633196426865766e-06
51454003.63265306	9.232070353488518e-09	chr14	3.1401732224791353e-06
53255017.6122449	1.0303999624243247e-08	chr14	3.5047765523425888e-06
55056031.591836736	1.080478663275211e-08	chr14	3.6751129876244907e-06
56857045.57142857	1.0741126215496639e-08	chr14	3.6534596931907087e-06
58658059.551020406	1.0249290976094515e-08	chr14	3.48616809016923e-06
60459073.530612245	9.570846203984277e-09	chr14	3.255403589386748e-06
62260087.51020408	8.962118507079616e-09	chr14	3.048352479461106e-06
64061101.489795916	8.618860734219515e-09	chr14	2.9315976427374224e-06
65862115.469387755	8.680845043192818e-09	chr14	2.9526808299098734e-06
67663129.44897959	9.19597844806965e-09	chr14	3.1278970124195192e-06
69464143.42857143	1.0031009378227864e-08	chr14	3.4119223357137507e-06
71265157.40816326	1.090040524204536e-08	chr14	3.7076364612308096e-06
73066171.3877551	1.1507428868577592e-08	chr14	3.91410795293997e-06
74867185.36734694	1.1619103971039333e-08	chr14	3.952092841804628e-06
76668199.34693877	1.1106552232046953e-08	chr14	3.777754780644728e-06
78469213.3265306	1.0085171644061869e-08	chr14	3.4303449527788896e-06
80270227.30612245	8.999374641586752e-09	chr14	3.0610246874786912e-06
82071241.28571428	8.43204554350851e-09	chr14	2.8680547929798524e-06
83872255.26530612	8.783546623195409e-09	chr14	2.987613487383457e-06
85673269.24489796	1.0104401349686431e-08	chr14	3.4368856965520985e-06
87474283.2244898	1.213090649435485e-08	chr14	4.126176066625954e-06
89275297.20408162	1.4440021843865541e-08	chr14	4.911592761962237e-06
91076311.18367347	1.6632554659374645e-08	chr14	5.657355366995556e-06
92877325.1632653	1.8388205953319765e-08	chr14	6.254518188569387e-06
94678339.14285713	1.9365205352921086e-08	chr14	6.586832310487552e-06
96479353.12244898	1.920374782829612e-08	chr14	6.53191455358338e-06
98280367.10204081	1.7746695504515887e-08	chr14	6.036316435750929e-06
100081381.08163264	1.5186294749456498e-08	chr14	5.165428153707591e-06
101882395.06122449	1.196184905062735e-08	chr14	4.068673292326442e-06
103683409.04081632	8.593737856206959e-09	chr14	2.923052410109637e-06
105484423.02040815	5.568299494079575e-09	chr14	1.8939874044011794e-06
107285437.0	3.2187153884079265e-09	chr14	1.0948057679869011e-06
20161372.0	2.794520106738592e-09	chr15	9.505210503020215e-07
21839683.408163264	5.468871764181979e-09	chr15	1.8601683060796052e-06
23517994.81632653	8.715428872645084e-09	chr15	2.9644440867979406e-06
25196306.224489797	1.1547026802223831e-08	chr15	3.927576694634993e-06
26874617.63265306	1.3132347252241508e-08	chr15	4.466803610763614e-06
28552929.040816326	1.348647003821161e-08	chr15	4.587254045757628e-06
30231240.448979594	1.3366046586187695e-08	chr15	4.5462935152455196e-06
31909551.85714286	1.3469373354632816e-08	chr15	4.581438822745701e-06
33587863.26530612	1.3852080189452568e-08	chr15	4.711611764322844e-06
35266174.67346939	1.4063438890477074e-08	chr15	4.7835027820342e-06
36944486.08163265	1.3596849727197109e-08	chr15	4.624798315936078e-06
38622797.48979592	1.2191137629621153e-08	chr15	4.1466629336970325e-06
40301108.89795919	1.0021011438333736e-08	chr15	3.4085216615493006e-06
41979420.30612245	7.744131489823679e-09	chr15	2.6340694345459324e-06
43657731.71428572	6.1282805983536745e-09	chr15	2.084457970742928e-06
45336043.12244898	5.4750807707762734e-09	chr15	1.8622802219878533e-06
47014354.530612245	5.507026379365951e-09	chr15	1.8731461210579572e-06
48692665.93877551	5.828490149246856e-09	chr15	1.9824880003467966e-06
50370977.346938774	6.343557239975038e-09	chr15	2.157681626928477e-06
52049288.75510204	7.213993390948065e-09	chr15	2.4537495931057996e-06
53727600.1632653	8.600471932271122e-09	chr15	2.9253429218285858e-06
55405911.571428575	1.0498423585045294e-08	chr15	3.5709074300485007e-06
57084222.97959184	1.2611391075146728e-08	chr15	4.289606885136413e-06
58762534.3877551	1.4297657715053516e-08	chr15	4.863169384754311e-06
60440845.79591837	1.4914268729041218e-08	chr15	5.072901906352593e-06
62119157.20408163	1.4447811365291464e-08	chr15	4.914242270215645e-06
63797468.6122449	1.3683409766508985e-08	chr15	4.65424063030072e-06
65475780.02040816	1.3506728759081593e-08	chr15	4.594144796191907e-06
67154091.42857143	1.3993380714520772e-08	chr15	4.759673370024728e-06
68832402.8367347	1.430782589549608e-08	chr15	4.866627964111324e-06
70510714.24489796	1.3562035553400589e-08	chr15	4.612956710301297e-06
72189025.65306123	1.1743308359568181e-08	chr15	3.994339410563206e-06
73867337.06122449	9.788217572103527e-09	chr15	3.3293397405821075e-06
75545648.46938775	8.770444270981365e-09	chr15	2.9831568862096493e-06
77223959.87755102	8.974539767506765e-09	chr15	3.052577415785171e-06
78902271.28571428	9.672242711435564e-09	chr15	3.2898923427605915e-06
80580582.69387755	9.864356744421617e-09	chr15	3.3552375274208576e-06
82258894.10204083	9.370399760396312e-09	chr15	3.1872242395122903e-06
83937205.51020408	9.106263948425145e-09	chr15	3.0973817478401785e-06
85615516.91836736	1.0199602992385225e-08	chr15	3.4692673441882447e-06
87293828.3265306	1.298507363178458e-08	chr15	4.416710331398423e-06
88972139.73469388	1.6890371039782114e-08	chr15	5.745048383087674e-06
90650451.14285715	2.0929320234681444e-08	chr15	7.118846417889696e-06
92328762.55102041	2.4010997178209103e-08	chr15	8.167040273425064e-06
94007073.95918368	2.5052839170759994e-08	chr15	8.521409792048412e-06
95685385.36734694	2.3369379221911535e-08	chr15	7.948801953277723e-06
97363696.7755102	1.920039892268087e-08	chr15	6.530775465238626e-06
99042008.18367347	1.3738494831688751e-08	chr15	4.672977126017594e-06
100720319.59183674	8.491196779562476e-09	chr15	2.8881743458451557e-06
102398631.0	4.506037856810762e-09	chr15	1.5326723991100947e-06
143503.0	3.3159932965760745e-09	chr16	1.1278936313449805e-06
1980193.857142857	5.730617753406584e-09	chr16	1.9491979294450547e-06
3816884.714285714	8.574227154701256e-09	chr16	2.916416089103175e-06
5653575.571428571	1.1313851415502458e-08	chr16	3.8482650042461755e-06
7490266.428571428	1.341073007181578e-08	chr16	4.561492043818617e-06
9326957.285714285	1.4500335014197915e-08	chr16	4.932107532234647e-06
11163648.142857142	1.4524001716435151e-08	chr16	4.9401574648915916e-06
13000339.0	1.3845802438156121e-08	chr16	4.709476465764267e-06
14837029.857142856	1.3139442219862648e-08	chr16	4.469216875230327e-06
16673720.714285713	1.296264701165166e-08	chr16	4.409082197153811e-06
18510411.57142857	1.345461082445567e-08	chr16	4.576417532809279e-06
20347102.42857143	1.446837179153757e-08	chr16	4.921235641958787e-06
22183793.285714284	1.5733196269845413e-08	chr16	5.351449863237724e-06
24020484.14285714	1.6690284614010018e-08	chr16	5.676991488768874e-06
25857175.0	1.6476768760697484e-08	chr16	5.604366742696239e-06
27693865.857142854	1.4508996677900014e-08	chr16	4.9350536887713735e-06
29530556.714285713	1.1091799559610579e-08	chr16	3.7727368436954926e-06
31367247.57142857	7.259956378779854e-09	chr16	2.4693833283448276e-06
33203938.428571425	4.037002213226092e-09	chr16	1.3731357933457872e-06
35040629.28571428	1.8940179561618973e-09	chr16	6.442265105342112e-07
36877320.14285714	7.51856473445294e-10	chr16	2.5573457249146423e-07
38714011.0	2.980851208031721e-10	chr16	1.0138992431008485e-07
40550701.85714286	3.027977464558115e-10	chr16	1.0299286496319574e-07
42387392.71428571	7.932449378748745e-10	chr16	2.698123408299809e-07
44224083.57142857	2.0542672578824366e-09	chr16	6.987333055342807e-07
46060774.428571425	4.421068828726183e-09	chr16	1.5037712473082724e-06
47897465.28571428	7.922952886336165e-09	chr16	2.6948932952222807e-06
49734156.14285714	1.2051477373826587e-08	chr16	4.099159245066133e-06
51570847.0	1.5890768842692326e-08	chr16	5.4050462024016745e-06
53407537.85714285	1.8482204511438267e-08	chr16	6.286490622038098e-06
55244228.71428571	1.9168221243712996e-08	chr16	6.519830630332958e-06
57080919.57142857	1.7864051065371068e-08	chr16	6.076233461466316e-06
58917610.428571425	1.5170442549004237e-08	chr16	5.160036226060641e-06
60754301.28571428	1.209741261698063e-08	chr16	4.114783543300156e-06
62590992.14285714	9.480832318789917e-09	chr16	3.224786492558426e-06
64427683.0	7.59962102607545e-09	chr16	2.584916008363607e-06
66264373.85714285	6.334511571835604e-09	chr16	2.1546048560869127e-06
68101064.71428572	5.605370582038613e-09	chr16	1.9065966711506634e-06
69937755.57142857	5.57053779287442e-09	chr16	1.8947487337314768e-06
71774446.42857142	6.458297470006916e-09	chr16	2.1967090805863717e-06
73611137.28571428	8.340180059478518e-09	chr16	2.8368078979741123e-06
75447828.14285713	1.1068591647033867e-08	chr16	3.7648429626013685e-06
77284519.0	1.4278498402942166e-08	chr16	4.856652584453883e-06
79121209.85714285	1.7375511453807473e-08	chr16	5.910062825020433e-06
80957900.71428572	1.960785590850372e-08	chr16	6.669366861014709e-06
82794591.57142857	2.023300036688156e-08	chr16	6.882001926954987e-06
84631282.42857142	1.8750157111995798e-08	chr16	6.37763134659361e-06
86467973.28571428	1.5250615194884178e-08	chr16	5.187305948466121e-06
88304664.14285713	1.0635536905335756e-08	chr16	3.6175448104339975e-06
90141355.0	6.239616031191548e-09	chr16	2.122327325234849e-06
6888.0	2.8996409768847885e-09	chr17	9.862765990486859e-07
1660849.081632653	5.464986203479094e-09	chr17	1.8588466812212214e-06
3314810.163265306	8.955948248870412e-09	chr17	3.0462537433312407e-06
4968771.244897959	1.2945087403895881e-08	chr17	4.403109516275021e-06
6622732.326530612	1.6771316598842927e-08	chr17	5.704553504567473e-06
8276693.408163265	1.9851033263229892e-08	chr17	6.752080595679425e-06
9930654.489795918	2.1856723414865795e-08	chr17	7.434291006302788e-06
11584615.57142857	2.2551497413389928e-08	chr17	7.670609689144697e-06
13238576.653061224	2.1603968559856782e-08	chr17	7.348319604747016e-06
14892537.734693877	1.8908077224236688e-08	chr17	6.431345896934136e-06
16546498.81632653	1.5080445112291654e-08	chr17	5.1294247239775975e-06
18200459.897959184	1.1212219839950708e-08	chr17	3.8136962953990442e-06
19854420.979591835	8.068496995921658e-09	chr17	2.744398303103556e-06
21508382.06122449	5.856171371516992e-09	chr17	1.9919034217647377e-06
23162343.14285714	4.650277549611112e-09	chr17	1.581733725942285e-06
24816304.224489797	4.6320596113199e-09	chr17	1.5755371221686555e-06
26470265.30612245	5.932485574746369e-09	chr17	2.0178607431780397e-06
28124226.3877551	8.436453732486252e-09	chr17	2.869554183306997e-06
29778187.469387755	1.1603108248917269e-08	chr17	3.946652097057385e-06
31432148.551020406	1.4405241009288465e-08	chr17	4.899762496245822e-06
33086109.63265306	1.5765254316569075e-08	chr17	5.362354006732318e-06
34740070.71428572	1.528037819737185e-08	chr17	5.1974294613785895e-06
36394031.79591837	1.345118904267083e-08	chr17	4.575253656547238e-06
38047992.87755102	1.1210891593312025e-08	chr17	3.8132445089234284e-06
39701953.95918367	9.326031817714556e-09	chr17	3.1721330389244296e-06
41355915.04081632	8.1697515112563e-09	chr17	2.7788387596354755e-06
43009876.12244898	7.848806043283869e-09	chr17	2.6696731742560012e-06
44663837.20408163	8.308260985249235e-09	chr17	2.8259510242347085e-06
46317798.28571428	9.230480873620133e-09	chr17	3.13963258078889e-06
47971759.367346935	1.0112006252629461e-08	chr17	3.4394724091384285e-06
49625720.448979594	1.0748531529580429e-08	chr17	3.6559785181237507e-06
51279681.530612245	1.1415337722935381e-08	chr17	3.882784301960228e-06
52933642.6122449	1.2217660227909213e-08	chr17	4.155684263663747e-06
54587603.69387755	1.2600157281077774e-08	chr17	4.285785850636947e-06
56241564.7755102	1.2000991475682731e-08	chr17	4.081987098473441e-06
57895525.85714286	1.0721696674901147e-08	chr17	3.6468509780523996e-06
59549486.93877551	9.685332997777504e-09	chr17	3.2943448398789666e-06
61203448.02040816	9.532104298702747e-09	chr17	3.2422260150296683e-06
62857409.10204081	1.0247841094519655e-08	chr17	3.485674931091925e-06
64511370.18367347	1.1497548682859626e-08	chr17	3.910747331385244e-06
66165331.26530612	1.3105367720242051e-08	chr17	4.457626860511955e-06
67819292.34693877	1.5133267864221932e-08	chr17	5.147391722147888e-06
69473253.42857143	1.739354910344981e-08	chr17	5.916198105865853e-06
71127214.51020408	1.908576093298754e-08	chr17	6.491782787352695e-06
72781175.59183674	1.930217003910861e-08	chr17	6.565391637168841e-06
74435136.67346938	1.7766620595975767e-08	chr17	6.043093706315611e-06
76089097.75510204	1.4819082550334346e-08	chr17	5.040525518599819e-06
77743058.8367347	1.1037477932217285e-08	chr17	3.754260021789835e-06
79397019.91836734	7.15424641396283e-09	chr17	2.4334274064164166e-06
81050981.0	3.936129113396636e-09	chr17	1.3388250705258263e-06
112535.0	5.824649256502134e-09	chr18	1.9811815687355133e-06
1702372.693877551	1.0081821879627476e-08	chr18	3.4292055723175484e-06
3292210.387755102	1.4999889717158828e-08	chr18	5.102024814202566e-06
4882048.081632653	1.9623615686976494e-08	chr18	6.674727352481686e-06
6471885.775510204	2.3086000028812324e-08	chr18	7.852414066280995e-06
8061723.469387755	2.4781129147086497e-08	chr18	8.428991027031498e-06
9651561.163265307	2.429437759984595e-08	chr18	8.263428578293497e-06
11241398.857142856	2.1528455396830163e-08	chr18	7.322634747136362e-06
12831236.551020408	1.706568836748003e-08	chr18	5.804680378598364e-06
14421074.24489796	1.2239650550633745e-08	chr18	4.163163996803687e-06
16010911.93877551	8.615670816654187e-09	chr18	2.930512632188648e-06
17600749.63265306	7.208968803831206e-09	chr18	2.4520405426637815e-06
19190587.326530613	7.978653541324966e-09	chr18	2.7138391761106657e-06
20780425.020408165	9.921741666990239e-09	chr18	3.374756290853584e-06
22370262.714285713	1.1720547449959895e-08	chr18	3.986597571936056e-06
23960100.408163264	1.2516188103722647e-08	chr18	4.257224785550985e-06
25549938.102040816	1.2259446947252566e-08	chr18	4.169897493428365e-06
27139775.795918368	1.1432602989283878e-08	chr18	3.888656866292023e-06
28729613.48979592	1.0512201060669828e-08	chr18	3.5755936660034913e-06
30319451.183673467	9.71220686077571e-09	chr18	3.3034856481419422e-06
31909288.87755102	9.070194147813599e-09	chr18	3.0851130564542056e-06
33499126.57142857	8.556649063416325e-09	chr18	2.910437121283202e-06
35088964.26530612	8.112936281632932e-09	chr18	2.7595137701302895e-06
36678801.95918367	7.743463290099871e-09	chr18	2.6338421547701477e-06
38268639.653061226	7.614608743818095e-09	chr18	2.59001389303297e-06
39858477.346938774	8.007589834288016e-09	chr18	2.7236814941218197e-06
41448315.04081633	9.098078029218577e-09	chr18	3.094597409841267e-06
43038152.73469388	1.0679929364692202e-08	chr18	3.6326443500620108e-06
44627990.428571425	1.2092191135979508e-08	chr18	4.1130075218668695e-06
46217828.12244898	1.2573911848318686e-08	chr18	4.27685879505712e-06
47807665.81632653	1.1871029816467416e-08	chr18	4.0377822661237095e-06
49397503.510204084	1.0559861731590715e-08	chr18	3.5918048469044907e-06
50987341.20408163	9.72582907714126e-09	chr18	3.3081190746025357e-06
52577178.89795918	1.0177761742078708e-08	chr18	3.461838316166153e-06
54167016.591836736	1.1801525843329583e-08	chr18	4.014141359268958e-06
55756854.28571428	1.3639237337147977e-08	chr18	4.6392159311227205e-06
57346691.97959184	1.4684195950830626e-08	chr18	4.994645529430022e-06
58936529.67346939	1.4641847036613089e-08	chr18	4.980241076112926e-06
60526367.367346935	1.3970410099778169e-08	chr18	4.751860202819893e-06
62116205.06122449	1.3364075201061639e-08	chr18	4.545622973260135e-06
63706042.75510204	1.3279167436508586e-08	chr18	4.516742659482054e-06
65295880.448979594	1.3782723558132352e-08	chr18	4.688020973943869e-06
66885718.14285714	1.4663345014587617e-08	chr18	4.987553344346189e-06
68475555.8367347	1.5595561965045235e-08	chr18	5.3046352764896135e-06
70065393.53061225	1.6155880096756495e-08	chr18	5.495220478497349e-06
71655231.2244898	1.5814229440142875e-08	chr18	5.37901228225726e-06
73245068.91836734	1.4171952034948342e-08	chr18	4.820412170449652e-06
74834906.6122449	1.131307525662592e-08	chr18	3.848001003515335e-06
76424744.30612245	7.868164278091494e-09	chr18	2.6762576356227194e-06
78014582.0	4.679923873076514e-09	chr18	1.591817551945174e-06
261033.0	5.78801682054122e-09	chr19	1.968721503974939e-06
1460972.7959183673	1.0016945933992124e-08	chr19	3.4071388311135925e-06
2660912.5918367347	1.4815248783239295e-08	chr19	5.0392215106891175e-06
3860852.387755102	1.9209247773377165e-08	chr19	6.533785291089414e-06
5060792.183673469	2.2425569002723022e-08	chr19	7.627776715826188e-06
6260731.979591837	2.4028857888042875e-08	chr19	8.173115370408406e-06
7460671.775510204	2.3862520534193057e-08	chr19	8.116537800648026e-06
8660611.57142857	2.2232797367906037e-08	chr19	7.562207856130801e-06
9860551.367346939	2.0068176535500742e-08	chr19	6.8259391629258025e-06
11060491.163265307	1.854841849124539e-08	chr19	6.309012478824591e-06
12260430.959183674	1.8420294795183433e-08	chr19	6.265432806645557e-06
13460370.75510204	1.9637895554104668e-08	chr19	6.679584470620903e-06
14660310.551020408	2.1520868826702415e-08	chr19	7.320054270227776e-06
15860250.346938776	2.305944659272257e-08	chr19	7.843382247221866e-06
17060190.14285714	2.3159652094166143e-08	chr19	7.877465894803615e-06
18260129.93877551	2.11201079380444e-08	chr19	7.183740468123214e-06
19460069.734693877	1.7229773931414518e-08	chr19	5.8604920301926095e-06
20660009.530612245	1.2677071505266136e-08	chr19	4.3119472616722074e-06
21859949.326530613	8.65416152254374e-09	chr19	2.9436047642154606e-06
23059889.12244898	5.696159003706274e-09	chr19	1.937477216869664e-06
24259828.91836735	3.901613770775764e-09	chr19	1.3270851085765761e-06
25459768.714285713	3.471479333543464e-09	chr19	1.1807802614354781e-06
26659708.51020408	4.797521477195977e-09	chr19	1.6318169056485503e-06
27859648.30612245	8.019841128827793e-09	chr19	2.727848618675845e-06
29059588.102040816	1.2554003143240493e-08	chr19	4.2700870981151495e-06
30259527.897959184	1.718183976665763e-08	chr19	5.844187823785147e-06
31459467.69387755	2.0748663203868232e-08	chr19	7.057398189172735e-06
32659407.48979592	2.2704766052034136e-08	chr19	7.722742098938835e-06
33859347.28571428	2.292495732386618e-08	chr19	7.797637405100504e-06
35059287.08163265	2.1397013063975532e-08	chr19	7.27792628217386e-06
36259226.87755102	1.8497595439906155e-08	chr19	6.291725653790828e-06
37459166.67346939	1.5293793850014495e-08	chr19	5.201992627773287e-06
38659106.469387755	1.2987025311630198e-08	chr19	4.417374170879212e-06
39859046.26530612	1.2030437294844502e-08	chr19	4.092002725446086e-06
41058986.06122449	1.2109026171317636e-08	chr19	4.11873374850338e-06
42258925.85714286	1.2856611654080432e-08	chr19	4.3730155969512524e-06
43458865.653061226	1.4184000294796337e-08	chr19	4.824510235293563e-06
44658805.448979594	1.598203591234493e-08	chr19	5.4360895542440865e-06
45858745.24489796	1.7983398668605722e-08	chr19	6.116828055473381e-06
47058685.04081633	2.0043875642936e-08	chr19	6.817673518363712e-06
48258624.8367347	2.2233465107363478e-08	chr19	7.56243497935274e-06
49458564.63265306	2.4465347480648087e-08	chr19	8.32158184413624e-06
50658504.428571425	2.6189568821314568e-08	chr19	8.908054160342327e-06
51858444.22448979	2.6593617678222107e-08	chr19	9.04548632370912e-06
53058384.02040816	2.5075736041638936e-08	chr19	8.52919787620068e-06
54258323.81632653	2.157131253238347e-08	chr19	7.337212065582143e-06
55458263.6122449	1.6649403434809102e-08	chr19	5.6630862671539214e-06
56658203.408163264	1.1367552104487064e-08	chr19	3.86653062172107e-06
57858143.20408163	6.808202540782749e-09	chr19	2.3157249125275515e-06
59058083.0	3.5668045959971878e-09	chr19	1.2132039567845791e-06
752721.0	2.873418484719125e-09	chr1	9.77357346424688e-07
5822475.897959184	4.474928427276438e-09	chr1	1.522090915883705e-06
10892230.795918368	5.757176132777268e-09	chr1	1.9582314298993437e-06
15961985.693877552	6.34035048131121e-09	chr1	2.1565908880907577e-06
21031740.591836736	6.249935795863872e-09	chr1	2.12583746407105e-06
26101495.48979592	5.8155302134279626e-09	chr1	1.978079840327938e-06
31171250.387755103	5.331011571762534e-09	chr1	1.8132768864840233e-06
36241005.28571428	4.86117600388507e-09	chr1	1.6534681964798797e-06
41310760.18367347	4.404451804308868e-09	chr1	1.498119174358805e-06
46380515.08163266	4.096599644982492e-09	chr1	1.3934071140966368e-06
51450269.97959184	4.074454981828103e-09	chr1	1.385874883990531e-06
56520024.87755102	4.208900386413897e-09	chr1	1.4316048062290627e-06
61589779.77551021	4.188301658383922e-09	chr1	1.4245984066133563e-06
66659534.673469394	3.890456823651868e-09	chr1	1.3232902126039912e-06
71729289.57142857	3.516976665518506e-09	chr1	1.196255609660948e-06
76799044.46938775	3.3168968980020828e-09	chr1	1.1282009800645094e-06
81868799.36734694	3.299100286787127e-09	chr1	1.1221476854243793e-06
86938554.26530613	3.2960878891565746e-09	chr1	1.1211230560603553e-06
92008309.16326532	3.239938812331898e-09	chr1	1.1020246500949861e-06
97078064.06122449	3.265175692813509e-09	chr1	1.1106086592362633e-06
102147818.95918368	3.5043882057630703e-09	chr1	1.191973802577303e-06
107217573.85714287	3.8150927629905145e-09	chr1	1.2976560702973689e-06
112287328.75510204	3.798313544521735e-09	chr1	1.2919488290706079e-06
117357083.65306123	3.181505661973855e-09	chr1	1.082149345094728e-06
122426838.55102041	2.14242604053221e-09	chr1	7.287194124424207e-07
127496593.4489796	1.1573142895931095e-09	chr1	3.9364597571545855e-07
132566348.34693879	5.964995436310495e-10	chr1	2.0289185658376772e-07
137636103.24489796	5.701684654579858e-10	chr1	1.9393566978794077e-07
142705858.14285713	1.0538077662042364e-09	chr1	3.5843952682018645e-07
147775613.04081634	1.9648007954969213e-09	chr1	6.683024077252348e-07
152845367.9387755	3.0867169872014783e-09	chr1	1.0499081633318501e-06
157915122.8367347	4.042332853605041e-09	chr1	1.3749489439756798e-06
162984877.73469388	4.472804966285477e-09	chr1	1.5213686471955907e-06
168054632.63265306	4.299439744208147e-09	chr1	1.4624006359877182e-06
173124387.53061226	3.776922050943759e-09	chr1	1.2846727801725388e-06
178194142.42857143	3.2551835217051322e-09	chr1	1.1072099472521093e-06
183263897.32653064	2.9497292741031212e-09	chr1	1.0033135066611967e-06
188333652.2244898	2.9669363755196454e-09	chr1	1.0091662869191194e-06
193403407.12244898	3.367852902324255e-09	chr1	1.14553302739196e-06
198473162.02040818	4.041643387116722e-09	chr1	1.3747144305760285e-06
203542916.91836736	4.6496091762828084e-09	chr1	1.5815063871171032e-06
208612671.81632653	4.890837451941237e-09	chr1	1.6635571669230841e-06
213682426.71428573	4.790525509566057e-09	chr1	1.6294373147902005e-06
218752181.6122449	4.669763969214916e-09	chr1	1.5883617877636223e-06
223821936.51020408	4.872405712401757e-09	chr1	1.6572878413298586e-06
228891691.40816328	5.4310853889283925e-09	chr1	1.8473157433062913e-06
233961446.30612245	5.900545680311777e-09	chr1	2.006996787706295e-06
239031201.20408165	5.656014945941979e-09	chr1	1.923822717888787e-06
244100956.10204083	4.492957950112334e-09	chr1	1.5282234324975939e-06
249170711.0	2.8580403796212615e-09	chr1	9.7212667638083e-07
69094.0	3.976864082949745e-09	chr20	1.3526805607583981e-06
1351490.3265306123	7.0042974014063095e-09	chr20	2.3824241259020685e-06
2633886.6530612246	1.099078088932439e-08	chr20	3.7383766069059984e-06
3916282.979591837	1.5360450755765e-08	chr20	5.224665140277696e-06
5198679.306122449	1.9146773434639852e-08	chr20	6.512535426423806e-06
6481075.632653061	2.1571874237041392e-08	chr20	7.337403122393694e-06
7763471.959183674	2.2570411650733692e-08	chr20	7.677043130329215e-06
9045868.285714285	2.258490661423237e-08	chr20	7.681973410807652e-06
10328264.612244898	2.1979244095377527e-08	chr20	7.475964882845278e-06
11610660.938775511	2.0978272085306523e-08	chr20	7.135496777412313e-06
12893057.265306123	2.0051711471490928e-08	chr20	6.820338777407674e-06
14175453.591836736	1.9839921086855995e-08	chr20	6.748300927917297e-06
15457849.918367349	2.052106308029122e-08	chr20	6.979982854786834e-06
16740246.24489796	2.14981632734836e-08	chr20	7.3123312603839056e-06
18022642.57142857	2.183513044412432e-08	chr20	7.4269464274683634e-06
19305038.897959184	2.0914704422921255e-08	chr20	7.113875032387115e-06
20587435.224489797	1.8732436066473758e-08	chr20	6.371603754678475e-06
21869831.55102041	1.5722515226599388e-08	chr20	5.347816840014864e-06
23152227.877551023	1.2367101932479783e-08	chr20	4.206514989713925e-06
24434624.204081632	9.022072261456404e-09	chr20	3.0687449988931034e-06
25717020.530612245	6.086712533229209e-09	chr20	2.0703191134751436e-06
26999416.85714286	4.087996490554571e-09	chr20	1.3904808587574752e-06
28281813.18367347	3.385330993740947e-09	chr20	1.151477981507913e-06
29564209.510204084	3.8340026154936676e-09	chr20	1.3040880200332148e-06
30846605.836734697	4.877252526690988e-09	chr20	1.6589364245687876e-06
32129002.163265307	6.042757383521784e-09	chr20	2.055368319252788e-06
33411398.48979592	7.309808134510673e-09	chr20	2.4863397793298806e-06
34693794.81632653	8.916845924618512e-09	chr20	3.032953576970819e-06
35976191.14285714	1.0901833451825829e-08	chr20	3.7081222489184018e-06
37258587.469387755	1.3010423341509183e-08	chr20	4.425332717995026e-06
38540983.79591837	1.4987500141608782e-08	chr20	5.097810655093019e-06
39823380.12244898	1.6721601652323883e-08	chr20	5.6876435875241e-06
41105776.448979594	1.8108836930824964e-08	chr20	6.1594943109299735e-06
42388172.77551021	1.900536271330196e-08	chr20	6.464436338839523e-06
43670569.10204082	1.937880156100625e-08	chr20	6.591456890556978e-06
44952965.42857143	1.9380635144650188e-08	chr20	6.592080561092341e-06
46235361.755102046	1.9260799802877373e-08	chr20	6.5513200689239256e-06
47517758.08163266	1.9289283434908225e-08	chr20	6.56100841998252e-06
48800154.408163264	1.9682558199529665e-08	chr20	6.694775910659665e-06
50082550.73469388	2.0495462502905964e-08	chr20	6.971275138694224e-06
51364947.06122449	2.1605661156760857e-08	chr20	7.3488953204067884e-06
52647343.3877551	2.278692899082362e-08	chr20	7.750688794575684e-06
53929739.71428572	2.3695170779897932e-08	chr20	8.059615875542956e-06
55212136.04081633	2.380144448805114e-08	chr20	8.095763547713821e-06
56494532.36734694	2.2537066040738198e-08	chr20	7.665701038297224e-06
57776928.693877555	1.9682989622442603e-08	chr20	6.6949226537656966e-06
59059325.02040817	1.5620508521046868e-08	chr20	5.313120535391459e-06
60341721.34693878	1.1153039602761543e-08	chr20	3.793566878160455e-06
61624117.673469394	7.095053910911832e-09	chr20	2.413293817098391e-06
62906514.0	3.970428030560224e-09	chr20	1.3504914180636169e-06
14665973.0	1.7286661615233222e-08	chr21	5.879841664085818e-06
15348194.020408163	2.677491879127699e-08	chr21	9.107153628942066e-06
16030415.040816326	3.6232194447721465e-08	chr21	1.2323927617535961e-05
16712636.06122449	4.387723439262378e-08	chr21	1.4924292302873763e-05
17394857.08163265	4.879075709044159e-08	chr21	1.659556557235233e-05
18077078.102040816	5.0935102227571235e-08	chr21	1.7324937741491343e-05
18759299.12244898	5.065135142322347e-08	chr21	1.7228423455577882e-05
19441520.14285714	4.841822211837225e-08	chr21	1.6468852462623147e-05
20123741.163265307	4.498020860700116e-08	chr21	1.5299455181887574e-05
20805962.18367347	4.1244921327470376e-08	chr21	1.4028943948292253e-05
21488183.204081632	3.7765480420006126e-08	chr21	1.2845455657099896e-05
22170404.224489797	3.449144406649696e-08	chr21	1.1731833154989323e-05
22852625.24489796	3.12465543582623e-08	chr21	1.0628124519596796e-05
23534846.265306123	2.8304240287242564e-08	chr21	9.627333201488127e-06
24217067.285714287	2.624801964198125e-08	chr21	8.927935475676985e-06
24899288.306122452	2.5370276409359466e-08	chr21	8.629382097100349e-06
25581509.326530613	2.5502513393545593e-08	chr21	8.674360852770874e-06
26263730.346938774	2.6372232427810064e-08	chr21	8.970184900672082e-06
26945951.36734694	2.7678720393577703e-08	chr21	9.414570435932277e-06
27628172.387755103	2.8670648903852608e-08	chr21	9.751962508058534e-06
28310393.408163264	2.815124843705553e-08	chr21	9.575294937824622e-06
28992614.42857143	2.5431100602921265e-08	chr21	8.650070685530512e-06
29674835.448979594	2.124317018445144e-08	chr21	7.22559855152912e-06
30357056.469387755	1.7430704126904717e-08	chr21	5.928835922224086e-06
31039277.48979592	1.5653838019843385e-08	chr21	5.324457147400696e-06
31721498.510204084	1.6374928394121852e-08	chr21	5.5697270161946515e-06
32403719.530612245	1.887474785688473e-08	chr21	6.420009329634122e-06
33085940.55102041	2.1998346585257286e-08	chr21	7.482462355774568e-06
33768161.571428575	2.4887869067872716e-08	chr21	8.465297275596401e-06
34450382.591836736	2.7219815187711096e-08	chr21	9.258479571809468e-06
35132603.612244904	2.8950292067085693e-08	chr21	9.847079631240127e-06
35814824.63265306	2.995265481791159e-08	chr21	1.0188020779740433e-05
36497045.653061226	3.000100782006467e-08	chr21	1.0204467448447872e-05
37179266.673469394	2.914212174362385e-08	chr21	9.912328095612405e-06
37861487.69387755	2.7981122603901378e-08	chr21	9.517428764228929e-06
38543708.71428572	2.7494665466186134e-08	chr21	9.351966455207417e-06
39225929.73469388	2.8529952597651485e-08	chr21	9.704106419844524e-06
39908150.75510204	3.136303799532775e-08	chr21	1.0667744971344297e-05
40590371.77551021	3.548508551050816e-08	chr21	1.2069807860094387e-05
41272592.79591837	3.9634068382169e-08	chr21	1.3481032473346047e-05
41954813.81632653	4.212741768339944e-08	chr21	1.4329114042292533e-05
42637034.8367347	4.153099490334975e-08	chr21	1.4126248295880526e-05
43319255.85714286	3.743153844166018e-08	chr21	1.2731869471324417e-05
44001476.87755102	3.076687641905583e-08	chr21	1.0464968070129213e-05
44683697.89795919	2.3317980375452655e-08	chr21	7.931319278738148e-06
45365918.91836735	1.668067223536792e-08	chr21	5.673721958440302e-06
46048139.93877551	1.1557430795855104e-08	chr21	3.931115482897739e-06
46730360.95918368	7.83688332494488e-09	chr21	2.66561781078565e-06
47412581.97959184	5.124654995694846e-09	chr21	1.743087278991986e-06
48094803.0	3.1339983209899537e-09	chr21	1.0659903174533864e-06
17087705.0	2.6593396328078048e-08	chr22	9.04541103422707e-06
17784482.55102041	3.451334790550338e-08	chr22	1.1739283471774602e-05
18481260.102040816	3.895267218191623e-08	chr22	1.3249264081208064e-05
19178037.653061226	3.9551884419740664e-08	chr22	1.3453078626781482e-05
19874815.204081632	3.7783521484649474e-08	chr22	1.2851592099515183e-05
20571592.755102042	3.5607645262881294e-08	chr22	1.2111495026441679e-05
21268370.30612245	3.424248626810274e-08	chr22	1.1647153274733702e-05
21965147.85714286	3.3866793376638764e-08	chr22	1.1519366038233153e-05
22661925.408163264	3.4006895286628774e-08	chr22	1.1567019950012819e-05
23358702.959183674	3.41778713291188e-08	chr22	1.1625175311676605e-05
24055480.51020408	3.447971963164675e-08	chr22	1.172784523516683e-05
24752258.06122449	3.565503986794732e-08	chr22	1.2127615708371067e-05
25449035.612244897	3.827411629932493e-08	chr22	1.3018461787585623e-05
26145813.163265307	4.162952057691554e-08	chr22	1.4159760571027034e-05
26842590.714285716	4.3558088465655225e-08	chr22	1.4815738808851563e-05
27539368.265306123	4.1761990951439536e-08	chr22	1.4204818711500894e-05
28236145.81632653	3.5693809872039455e-08	chr22	1.2140802840187011e-05
28932923.36734694	2.7230570077822773e-08	chr22	9.262137713119735e-06
29629700.91836735	1.9408290179616077e-08	chr22	6.601487075226388e-06
30326478.469387755	1.4471048527391983e-08	chr22	4.9221461001693335e-06
31023256.02040816	1.293540610511006e-08	chr22	4.399816543621865e-06
31720033.57142857	1.3931654155325189e-08	chr22	4.738677853214298e-06
32416811.12244898	1.603094244192242e-08	chr22	5.4527244983794064e-06
33113588.673469387	1.809654982089959e-08	chr22	6.155315004220646e-06
33810366.22448979	2.0000717136627054e-08	chr22	6.802993692426041e-06
34507143.77551021	2.267842275084029e-08	chr22	7.713781754635419e-06
35203921.32653061	2.711318246568755e-08	chr22	9.222209785562456e-06
35900698.87755102	3.29313209141644e-08	chr22	1.1201176784408998e-05
36597476.42857143	3.801992601453967e-08	chr22	1.2932002142551028e-05
37294253.97959183	3.981236531580245e-08	chr22	1.3541677944535977e-05
37991031.530612245	3.718274939078334e-08	chr22	1.2647246988425524e-05
38687809.08163265	3.115137723712717e-08	chr22	1.0595751212663726e-05
39384586.63265306	2.3908518067691446e-08	chr22	8.132183286163325e-06
40081364.18367347	1.7458790631111345e-08	chr22	5.9383891952219875e-06
40778141.73469388	1.3137147720287315e-08	chr22	4.46843642990771e-06
41474919.28571428	1.1785776037822629e-08	chr22	4.008784259981526e-06
42171696.8367347	1.377282262930961e-08	chr22	4.684653296881584e-06
42868474.3877551	1.8685118196710732e-08	chr22	6.35550917330232e-06
43565251.93877551	2.5122105786356505e-08	chr22	8.544969964705214e-06
44262029.48979592	3.100810690746481e-08	chr22	1.0547019602574608e-05
44958807.04081632	3.449857972113291e-08	chr22	1.1734260258635064e-05
45655584.591836736	3.499089241381492e-08	chr22	1.1901714261415975e-05
46352362.14285714	3.335996584181296e-08	chr22	1.1346974993501382e-05
47049139.69387755	3.105450902522113e-08	chr22	1.0562802702363234e-05
47745917.24489796	2.8827333853535488e-08	chr22	9.805256933308852e-06
48442694.79591837	2.6293435253689636e-08	chr22	8.943383027776204e-06
49139472.346938774	2.2646539393514778e-08	chr22	7.702937029553955e-06
49836249.89795919	1.7700874380608683e-08	chr22	6.0207309537509e-06
50533027.448979594	1.2217654853730504e-08	chr22	4.1556824357040985e-06
51229805.0	7.336175936915675e-09	chr22	2.495308457413721e-06
118913.0	2.946536153992305e-09	chr2	1.0022274068066439e-06
5076567.0	4.605965094498141e-09	chr2	1.5666613987567063e-06
10034221.0	5.750072014759687e-09	chr2	1.9558150530397685e-06
14991875.0	5.9922334112946044e-09	chr2	2.038183222237023e-06
19949529.0	5.611500546892507e-09	chr2	1.9086817019998555e-06
24907183.0	5.191782620542093e-09	chr2	1.7659199007076879e-06
29864837.0	5.044701101831564e-09	chr2	1.7158919623480279e-06
34822491.0	5.072590935501545e-09	chr2	1.7253783403235575e-06
39780145.0	5.019832281257274e-09	chr2	1.707433144179196e-06
44737799.0	4.707552052654589e-09	chr2	1.6012149315550614e-06
49695453.0	4.17141455381366e-09	chr2	1.418854469279007e-06
54653107.0	3.7081303017868505e-09	chr2	1.2612741273938152e-06
59610761.0	3.6461735926396476e-09	chr2	1.2402003279568927e-06
64568415.0	3.98398748829586e-09	chr2	1.355103497961458e-06
69526069.0	4.356485465788876e-09	chr2	1.4818040244483698e-06
74483723.0	4.368698853731305e-09	chr2	1.4859582555475809e-06
79441377.0	3.893681479336808e-09	chr2	1.3243870388895207e-06
84399031.0	3.115929550217017e-09	chr2	1.059844451144769e-06
89356685.0	2.4086466858985013e-09	chr2	8.192710341092174e-07
94314339.0	2.120164385419472e-09	chr2	7.211473889854427e-07
99271993.0	2.3304203352679985e-09	chr2	7.926633196815053e-07
104229647.0	2.796708499136318e-09	chr2	9.512654045957493e-07
109187301.0	3.204254658715167e-09	chr2	1.0898871317092266e-06
114144955.0	3.435471691520275e-09	chr2	1.1685327125156298e-06
119102609.0	3.556370786784797e-09	chr2	1.209655027124958e-06
124060263.0	3.6339415383795803e-09	chr2	1.2360397477432832e-06
129017917.0	3.63971186836178e-09	chr2	1.2380024532904876e-06
133975571.0	3.5024044390890154e-09	chr2	1.1912990491632804e-06
138933225.0	3.230379616011639e-09	chr2	1.0987732090677894e-06
143890879.0	2.9495338607209736e-09	chr2	1.0032470392441992e-06
148848533.0	2.7963653769857018e-09	chr2	9.51148695889235e-07
153806187.0	2.8328779987855e-09	chr2	9.635680073619762e-07
158763841.0	3.0837488828662265e-09	chr2	1.0488985997780412e-06
163721495.0	3.5344788781522873e-09	chr2	1.202208768307098e-06
168679149.0	4.012343283316666e-09	chr2	1.3647483668605342e-06
173636803.0	4.211648082456831e-09	chr2	1.432539400659907e-06
178594457.0	3.989630798995201e-09	chr2	1.3570229994888163e-06
183552111.0	3.5423169549987344e-09	chr2	1.2048747920792898e-06
188509765.0	3.1872398163178765e-09	chr2	1.0840997459512222e-06
193467419.0	3.0924144906409926e-09	chr2	1.0518460978417386e-06
198425073.0	3.2784154032064996e-09	chr2	1.1151119810760647e-06
203382727.0	3.725222324985555e-09	chr2	1.2670877652357628e-06
208340381.0	4.3717140989236826e-09	chr2	1.486983853474132e-06
213298035.0	5.067783358116303e-09	chr2	1.7237431030266026e-06
218255689.0	5.6034074014118416e-09	chr2	1.9059289198230592e-06
223213343.0	5.832549388247485e-09	chr2	1.983868699705159e-06
228170997.0	5.700566363575604e-09	chr2	1.938976325185955e-06
233128651.0	5.109042864237512e-09	chr2	1.7377770078100058e-06
238086305.0	3.982675548475665e-09	chr2	1.3546572580461261e-06
243043959.0	2.5513792735879784e-09	chr2	8.678197379942877e-07
108226.0	3.777849028718218e-09	chr3	1.2849880800645167e-06
4142756.9795918367	5.7225639325906954e-09	chr3	1.9464585230609664e-06
8177287.959183673	7.074062782804567e-09	chr3	2.4061539475059593e-06
12211818.93877551	7.463963250075865e-09	chr3	2.5387737131574185e-06
16246349.918367347	7.201476680561915e-09	chr3	2.4494921906724157e-06
20280880.897959184	6.855166793693717e-09	chr3	2.3316992155558025e-06
24315411.87755102	6.654165482286949e-09	chr3	2.263331134335081e-06
28349942.85714286	6.3970108974628455e-09	chr3	2.1758632197305027e-06
32384473.836734693	5.837322167819553e-09	chr3	1.9854921009613396e-06
36419004.81632653	4.998984019671598e-09	chr3	1.7003418688465896e-06
40453535.79591837	4.125540387674011e-09	chr3	1.4032509456272563e-06
44488066.77551021	3.4996861330383273e-09	chr3	1.1903744513705818e-06
48522597.75510204	3.3731780740378135e-09	chr3	1.147344317923742e-06
52557128.73469388	3.870781822927625e-09	chr3	1.316598007273994e-06
56591659.71428572	4.816646053734533e-09	chr3	1.6383218910784907e-06
60626190.69387755	5.768153020548072e-09	chr3	1.9619650809358104e-06
64660721.67346939	6.3192244129345965e-09	chr3	2.14940512025403e-06
68695252.65306123	6.298943134176286e-09	chr3	2.142506697036272e-06
72729783.63265306	5.698210363915842e-09	chr3	1.9381749613790863e-06
76764314.6122449	4.6284462140139336e-09	chr3	1.5743080702845255e-06
80798845.59183674	3.3961026133295795e-09	chr3	1.1551418131404539e-06
84833376.57142857	2.4028325252697755e-09	chr3	8.172934201159901e-07
88867907.55102041	1.9112607969805725e-09	chr3	6.500914471026175e-07
92902438.53061225	1.962585402295472e-09	chr3	6.675488694459445e-07
96936969.51020408	2.4226899579806204e-09	chr3	8.240476774037083e-07
100971500.48979592	3.039336139315825e-09	chr3	1.0337921607352423e-06
105006031.46938775	3.558120856573706e-09	chr3	1.2102502914674274e-06
109040562.44897959	3.868118078658568e-09	chr3	1.3156919679886604e-06
113075093.42857143	4.029881798741705e-09	chr3	1.3707138734469235e-06
117109624.40816326	4.161240409853222e-09	chr3	1.4153938615060015e-06
121144155.3877551	4.306213704872536e-09	chr3	1.464704713954412e-06
125178686.36734694	4.414467949452374e-09	chr3	1.501526040811054e-06
129213217.34693877	4.458583077685684e-09	chr3	1.516531249727397e-06
133247748.3265306	4.536200739809103e-09	chr3	1.5429319263751107e-06
137282279.30612245	4.771815453035768e-09	chr3	1.6230733231547507e-06
141316810.2857143	5.113304118874408e-09	chr3	1.7392264202594993e-06
145351341.26530612	5.297911331548848e-09	chr3	1.8020182539133377e-06
149385872.24489796	5.067549284114605e-09	chr3	1.7236634856835729e-06
153420403.2244898	4.4444554309480365e-09	chr3	1.5117259074494928e-06
157454934.20408162	3.802250975130851e-09	chr3	1.2932880968286186e-06
161489465.18367347	3.6259634277018085e-09	chr3	1.233326093215418e-06
165523996.16326532	4.13124535427432e-09	chr3	1.4051914186379127e-06
169558527.14285713	5.077766551550883e-09	chr3	1.72713876136734e-06
173593058.12244898	6.012112184709863e-09	chr3	2.0449447382983402e-06
177627589.10204083	6.703639136970748e-09	chr3	2.2801589789796506e-06
181662120.08163264	7.166013502057956e-09	chr3	2.437429834206507e-06
185696651.0612245	7.2513655606017735e-09	chr3	2.4664612690267027e-06
189731182.04081634	6.590023307747403e-09	chr3	2.24151397618869e-06
193765713.02040815	5.089393672079883e-09	chr3	1.731093580941035e-06
197800244.0	3.2162602796042402e-09	chr3	1.0939706934447435e-06
167596.0	3.716793440805211e-09	chr4	1.2642207857409097e-06
4060843.5918367347	5.574784832835892e-09	chr4	1.8961933112369735e-06
7954091.183673469	6.6557481500224945e-09	chr4	2.2638694589635716e-06
11847338.775510203	6.657220436805142e-09	chr4	2.2643702388919796e-06
15740586.367346939	6.092166378799458e-09	chr4	2.072174170809359e-06
19633833.959183674	5.670181617208303e-09	chr4	1.92864133387186e-06
23527081.551020406	5.633364176088871e-09	chr4	1.9161183419213327e-06
27420329.14285714	5.782269595712152e-09	chr4	1.966766657356489e-06
31313576.734693877	5.90887335578598e-09	chr4	2.00982934232604e-06
35206824.32653061	5.9289151888129695e-09	chr4	2.0166463210741464e-06
39100071.91836735	5.705673938490965e-09	chr4	1.9407136028893214e-06
42993319.510204084	5.157552673478084e-09	chr4	1.7542770124863408e-06
46886567.10204081	4.558719021793371e-09	chr4	1.5505912382516188e-06
50779814.69387755	4.339602291201242e-09	chr4	1.476061423848441e-06
54673062.28571428	4.526698810720398e-09	chr4	1.5396999640802205e-06
58566309.87755102	4.700223537844186e-09	chr4	1.5987222289339777e-06
62459557.469387755	4.5535942613603524e-09	chr4	1.5488481151094403e-06
66352805.06122449	4.2236394980794756e-09	chr4	1.436618130651779e-06
70246052.65306123	4.03129923855467e-09	chr4	1.371195997864819e-06
74139300.24489796	4.106233790476879e-09	chr4	1.3966840481476764e-06
78032547.8367347	4.311210134872817e-09	chr4	1.4664041871055177e-06
81925795.42857143	4.420682374671903e-09	chr4	1.50363979979688e-06
85819043.02040817	4.329466147760125e-09	chr4	1.472613741476634e-06
89712290.6122449	4.1178033165296215e-09	chr4	1.4006192776808732e-06
93605538.20408162	3.939102463809657e-09	chr4	1.3398364184673515e-06
97498785.79591836	3.876810776287947e-09	chr4	1.3186486803274663e-06
101392033.3877551	3.926954591903464e-09	chr4	1.3357044718281538e-06
105285280.97959183	4.047122170852845e-09	chr4	1.376577970315349e-06
109178528.57142857	4.153063557560912e-09	chr4	1.4126126075045328e-06
113071776.1632653	4.142177973060649e-09	chr4	1.4089100121331875e-06
116965023.75510204	4.010399928126734e-09	chr4	1.3640873589072223e-06
120858271.34693877	3.890396757733936e-09	chr4	1.3232697819335295e-06
124751518.93877551	3.920954916339575e-09	chr4	1.333663757250825e-06
128644766.53061225	4.135854791512668e-09	chr4	1.4067592610429576e-06
132538014.12244898	4.471050550308992e-09	chr4	1.5207719045517952e-06
136431261.7142857	4.786250674977725e-09	chr4	1.627983283290133e-06
140324509.30612245	4.926550127360458e-09	chr4	1.6757043866431063e-06
144217756.89795917	4.887787414818507e-09	chr4	1.6625197349567275e-06
148111004.48979592	4.859127824993261e-09	chr4	1.6527715340558897e-06
152004252.08163264	4.991546713347377e-09	chr4	1.69781216215324e-06
155897499.6734694	5.223726855515005e-09	chr4	1.7767853325592353e-06
159790747.26530612	5.431009968722762e-09	chr4	1.847290090066976e-06
163683994.85714287	5.623904759629826e-09	chr4	1.912900839765519e-06
167577242.4489796	5.930081142721626e-09	chr4	2.0170429057081903e-06
171470490.04081634	6.4671372980675796e-09	chr4	2.1997158375005376e-06
175363737.63265306	7.1831648117013144e-09	chr4	2.443263637590833e-06
179256985.2244898	7.693595244408747e-09	chr4	2.616880162958911e-06
183150232.81632653	7.3994404110138896e-09	chr4	2.5168270767364576e-06
187043480.40816325	6.017341423899835e-09	chr4	2.0467233985824967e-06
190936728.0	3.973430672388242e-09	chr4	1.3515127291134698e-06
157856.0	3.772152771762187e-09	chr5	1.2830505695303896e-06
3842243.285714286	5.3633209991165665e-09	chr5	1.8242665339548563e-06
7526630.571428572	6.257931270859578e-09	chr5	2.1285570248544045e-06
11211017.857142858	6.280685820099302e-09	chr5	2.136296700081767e-06
14895405.142857144	5.800331494336258e-09	chr5	1.9729101861896635e-06
18579792.42857143	5.397115276767287e-09	chr5	1.8357612346762085e-06
22264179.714285716	5.515499202491966e-09	chr5	1.8760280458354327e-06
25948567.0	6.231180168777668e-09	chr5	2.119457972181168e-06
29632954.285714287	7.12447126931103e-09	chr5	2.4232997634987375e-06
33317341.571428575	7.472195795982576e-09	chr5	2.541573910645008e-06
37001728.85714286	6.819539883442576e-09	chr5	2.319581167784641e-06
40686116.14285714	5.440444229184457e-09	chr5	1.8504990357250334e-06
44370503.42857143	4.149852549221729e-09	chr5	1.411520423192912e-06
48054890.71428572	3.603925048547109e-09	chr5	1.2258300142820205e-06
51739278.0	3.775491592798691e-09	chr5	1.2841862277318587e-06
55423665.28571429	4.13548797753067e-09	chr5	1.4066344938564224e-06
59108052.571428575	4.310791267862684e-09	chr5	1.4662617147327308e-06
62792439.85714286	4.424526830268745e-09	chr5	1.5049474432677349e-06
66476827.14285715	4.7803193039301846e-09	chr5	1.6259658016394397e-06
70161214.42857143	5.384736525432084e-09	chr5	1.8315507572879113e-06
73845601.71428572	5.860624346504998e-09	chr5	1.9934180454929266e-06
77529989.0	5.79292894427359e-09	chr5	1.9703923014038235e-06
81214376.28571428	5.1346345283810626e-09	chr5	1.7464816921749695e-06
84898763.57142858	4.248243628336317e-09	chr5	1.4449869177208384e-06
88583150.85714287	3.5592905301948537e-09	chr5	1.2106481413151358e-06
92267538.14285715	3.229000454877468e-09	chr5	1.0983041046635567e-06
95951925.42857143	3.1780252342739017e-09	chr5	1.0809655211584168e-06
99636312.71428572	3.3237967312120042e-09	chr5	1.1305478720026953e-06
103320700.0	3.658738497059203e-09	chr5	1.2444741229877538e-06
107005087.2857143	4.1288410351294e-09	chr5	1.404373619562723e-06
110689474.57142858	4.5902707079308914e-09	chr5	1.5613231495282339e-06
114373861.85714287	4.9175728503079305e-09	chr5	1.6726508781740693e-06
118058249.14285715	5.074490225769648e-09	chr5	1.7260243601450331e-06
121742636.42857143	5.06931430065275e-09	chr5	1.7242638339757866e-06
125427023.71428572	4.930754528293886e-09	chr5	1.6771344610166975e-06
129111411.0	4.766544280104755e-09	chr5	1.6212803996332386e-06
132795798.2857143	4.7514384185062924e-09	chr5	1.6161423298094916e-06
136480185.57142857	5.0019666401924876e-09	chr5	1.7013563698993221e-06
140164572.85714287	5.485372064717212e-09	chr5	1.8657806768609886e-06
143848960.14285716	6.005162258550055e-09	chr5	2.042580807869995e-06
147533347.42857143	6.283578181773567e-09	chr5	2.1372805007171056e-06
151217734.71428573	6.210600215363585e-09	chr5	2.1124579585161555e-06
154902122.0	6.0561692300520366e-09	chr5	2.059930191045975e-06
158586509.2857143	6.294511635348384e-09	chr5	2.1409993781552404e-06
162270896.57142857	7.140415201723573e-09	chr5	2.428722892624261e-06
165955283.85714287	8.240600706714396e-09	chr5	2.8029372270315388e-06
169639671.14285716	8.776484856903645e-09	chr5	2.9852115159335287e-06
173324058.42857143	8.02288267625197e-09	chr5	2.728883162977459e-06
177008445.71428573	6.021931688043002e-09	chr5	2.048284719499103e-06
180692833.0	3.617303668937821e-09	chr5	1.2303805846195563e-06
183917.0	3.356022625192006e-09	chr6	1.1415091066414907e-06
3669585.714285714	5.283787904931589e-09	chr6	1.7972143470565833e-06
7155254.428571428	7.00715915768456e-09	chr6	2.383397516494876e-06
10640923.142857142	8.124563695955811e-09	chr6	2.7634686896342965e-06
14126591.857142856	8.53227834880189e-09	chr6	2.902147727624497e-06
17612260.57142857	8.299432420870388e-09	chr6	2.8229480985209857e-06
21097929.285714284	7.536497914787128e-09	chr6	2.5634454718319767e-06
24583598.0	6.5089125764564215e-09	chr6	2.2139251757676232e-06
28069266.714285713	5.7458053349942305e-09	chr6	1.954363795300672e-06
31554935.428571425	5.750317401621864e-09	chr6	1.955898518310748e-06
35040604.14285714	6.517364622247093e-09	chr6	2.21680003339444e-06
38526272.85714286	7.450619496578244e-09	chr6	2.5342350023573263e-06
42011941.57142857	7.816448144295318e-09	chr6	2.658667039765146e-06
45497610.28571428	7.3058709120064435e-09	chr6	2.485000582356143e-06
48983279.0	6.170501831517329e-09	chr6	2.0988189949470445e-06
52468947.71428571	4.85816476298201e-09	chr6	1.6524439605622396e-06
55954616.428571425	3.6935167082325643e-09	chr6	1.2563034963862188e-06
59440285.14285714	2.910179655545255e-09	chr6	9.898611987389821e-07
62925953.85714285	2.6598471640566896e-09	chr6	9.047137338269712e-07
66411622.57142857	2.8499328726757577e-09	chr6	9.693690093314543e-07
69897291.28571428	3.174210044222715e-09	chr6	1.079667831996757e-06
73382960.0	3.396108096764482e-09	chr6	1.1551436782622293e-06
76868628.71428572	3.523820451684762e-09	chr6	1.198583437898471e-06
80354297.42857142	3.711059164896464e-09	chr6	1.262270343535695e-06
83839966.14285713	4.040409617296458e-09	chr6	1.374294779208139e-06
87325634.85714285	4.397681688606649e-09	chr6	1.4958164042078864e-06
90811303.57142857	4.5784408481304895e-09	chr6	1.5572993707279708e-06
94296972.28571428	4.5644462779396145e-09	chr6	1.5525392927724464e-06
97782641.0	4.608713421557863e-09	chr6	1.5675962078200161e-06
101268309.7142857	4.9161871712331035e-09	chr6	1.6721795567738724e-06
104753978.42857142	5.307301177353536e-09	chr6	1.8052120924815144e-06
108239647.14285713	5.376833559404895e-09	chr6	1.8288626622727597e-06
111725315.85714285	5.000373598687357e-09	chr6	1.7008145167629e-06
115210984.57142857	4.528506117007306e-09	chr6	1.5403146967013624e-06
118696653.28571428	4.418046821736002e-09	chr6	1.5027433494407998e-06
122182322.0	4.7903940516765786e-09	chr6	1.6293926010338468e-06
125667990.7142857	5.424696399027854e-09	chr6	1.8451426083283088e-06
129153659.42857142	6.048245684595934e-09	chr6	2.0572350961955607e-06
132639328.14285713	6.47978541465409e-09	chr6	2.204017936108868e-06
136124996.85714284	6.617978818336464e-09	chr6	2.251022693346519e-06
139610665.57142857	6.544257071177343e-09	chr6	2.22594716342966e-06
143096334.28571427	6.575766750116087e-09	chr6	2.23666478648319e-06
146582003.0	6.964718266977901e-09	chr6	2.3689617785257806e-06
150067671.7142857	7.575949129900723e-09	chr6	2.5768643090538097e-06
153553340.42857143	8.047249645847204e-09	chr6	2.73717128281474e-06
157039009.14285713	8.160794645173925e-09	chr6	2.7757921937025614e-06
160524677.85714284	7.84381126894272e-09	chr6	2.6679742642566344e-06
164010346.57142857	6.96467062088376e-09	chr6	2.3689455723029892e-06
167496015.28571427	5.454891090552672e-09	chr6	1.8554129548656294e-06
170981684.0	3.597499603762841e-09	chr6	1.2236444796314477e-06
46239.0	3.1076960186163514e-09	chr7	1.0570439183857139e-06
3292631.7959183673	5.115252256098449e-09	chr7	1.739889054761882e-06
6539024.591836735	7.047971250877353e-09	chr7	2.3972792393685437e-06
9785417.387755102	8.354729568327273e-09	chr7	2.8417567313709266e-06
13031810.18367347	8.837515337907193e-09	chr7	3.005970270456012e-06
16278202.979591837	8.699712959582734e-09	chr7	2.959098515601491e-06
19524595.775510203	8.31000870621199e-09	chr7	2.8265454896533492e-06
22770988.57142857	7.995846677952778e-09	chr7	2.7196872064204303e-06
26017381.36734694	7.93194333532993e-09	chr7	2.6979512839623275e-06
29263774.163265307	8.069859067099927e-09	chr7	2.744861594573112e-06
32510166.959183674	8.20796679418756e-09	chr7	2.791837209989015e-06
35756559.75510204	8.190171548037759e-09	chr7	2.7857843796587183e-06
39002952.551020406	7.999848106916367e-09	chr7	2.7210482424179914e-06
42249345.346938774	7.660696602868322e-09	chr7	2.6056901016546073e-06
45495738.14285714	7.123408776844263e-09	chr7	2.4229383699796807e-06
48742130.93877551	6.299021675791419e-09	chr7	2.1425334119839757e-06
51988523.73469388	5.190447567150285e-09	chr7	1.76546579900016e-06
55234916.530612245	3.988678311541443e-09	chr7	1.3566990227985925e-06
58481309.32653061	3.056234152232779e-09	chr7	1.0395398084072377e-06
61727702.12244898	2.749890169020938e-09	chr7	9.353407353806851e-07
64974094.91836735	3.156637703367332e-09	chr7	1.0736908201134475e-06
68220487.71428572	4.007660974098794e-09	chr7	1.3631557379634013e-06
71466880.51020408	4.886426962285603e-09	chr7	1.6620569940491406e-06
74713273.30612245	5.471901170932692e-09	chr7	1.86119872088304e-06
77959666.10204081	5.600647470825246e-09	chr7	1.9049901639652624e-06
81206058.89795919	5.2877517226519186e-09	chr7	1.7985625900603276e-06
84452451.69387755	4.786447195231892e-09	chr7	1.6280501271957992e-06
87698844.48979592	4.4722543243267915e-09	chr7	1.521181353222773e-06
90945237.28571428	4.54150301452992e-09	chr7	1.5447354287812905e-06
94191630.08163266	4.882734870921885e-09	chr7	1.6608011753658574e-06
97438022.87755102	5.265208000055687e-09	chr7	1.7908946248779637e-06
100684415.6734694	5.535311636144316e-09	chr7	1.8827669972564153e-06
103930808.46938775	5.588115754253548e-09	chr7	1.9007276573656162e-06
107177201.26530612	5.307071132745906e-09	chr7	1.8051338456864623e-06
110423594.06122449	4.678557141200911e-09	chr7	1.5913526751977332e-06
113669986.85714285	3.917430131011953e-09	chr7	1.3324648456224487e-06
116916379.65306123	3.39198370949272e-09	chr7	1.1537408195345521e-06
120162772.44897959	3.424690319813558e-09	chr7	1.1648655638221371e-06
123409165.24489796	4.1258126438647185e-09	chr7	1.4033435501641562e-06
126655558.04081632	5.315588292410281e-09	chr7	1.8080308509827384e-06
129901950.8367347	6.5941756134231205e-09	chr7	2.2429263310121677e-06
133148343.63265306	7.563248192216696e-09	chr7	2.5725442440100373e-06
136394736.42857143	8.034568589023284e-09	chr7	2.73285797999679e-06
139641129.2244898	8.121829703704495e-09	chr7	2.7625387563767143e-06
142887522.02040815	8.18848757783676e-09	chr7	2.7852115982640625e-06
146133914.81632653	8.490979041206215e-09	chr7	2.8881002848675355e-06
149380307.6122449	8.718758530765321e-09	chr7	2.9655766283480843e-06
152626700.40816328	8.153178567881135e-09	chr7	2.7732016803009696e-06
155873093.20408162	6.475964736566596e-09	chr7	2.2027183802603223e-06
159119486.0	4.201577623953937e-09	chr7	1.4291140601980109e-06
113565.0	3.6319575582977986e-09	chr8	1.2353649217412925e-06
3096563.0816326533	5.4740358808919514e-09	chr8	1.8619248157669782e-06
6079561.1632653065	7.02727258575327e-09	chr8	2.3902388474006525e-06
9062559.24489796	8.080933611073199e-09	chr8	2.74862846214501e-06
12045557.326530613	8.797373339168935e-09	chr8	2.99231647182708e-06
15028555.408163266	9.402596558803896e-09	chr8	3.198175577656161e-06
18011553.48979592	9.872401431602921e-09	chr8	3.357973827113419e-06
20994551.571428575	9.984446133568852e-09	chr8	3.3960844306251353e-06
23977549.653061226	9.586792226910397e-09	chr8	3.260827429574309e-06
26960547.734693877	8.735725697522414e-09	chr8	2.9713477978335756e-06
29943545.816326533	7.675076033803176e-09	chr8	2.6105810851769604e-06
32926543.897959188	6.7320560112166104e-09	chr8	2.289824623212929e-06
35909541.97959184	6.05619434143207e-09	chr8	2.059938732367709e-06
38892540.06122449	5.439144743854892e-09	chr8	1.8500570320488633e-06
41875538.14285715	4.636672029757017e-09	chr8	1.577105978591162e-06
44858536.2244898	3.852455718494042e-09	chr8	1.310364612140372e-06
47841534.30612245	3.6063925019337754e-09	chr8	1.2266692876796282e-06
50824532.3877551	4.109606963401505e-09	chr8	1.3978313907140923e-06
53807530.469387755	5.001991406866935e-09	chr8	1.7013647939737637e-06
56790528.55102041	5.733333222671341e-09	chr8	1.9501215623405117e-06
59773526.632653065	6.076624673976555e-09	chr8	2.0668878543659287e-06
62756524.71428572	6.251231484672473e-09	chr8	2.126278176408115e-06
65739522.795918375	6.572817892167837e-09	chr8	2.235661769347116e-06
68722520.87755102	6.999245105404516e-09	chr8	2.380705650629523e-06
71705518.95918368	7.123315820435655e-09	chr8	2.422906752020329e-06
74688517.04081634	6.659319542113782e-09	chr8	2.265084223299482e-06
77671515.12244898	5.774660548457283e-09	chr8	1.964178535134339e-06
80654513.20408164	4.8746766292257396e-09	chr8	1.6580602652746625e-06
83637511.2857143	4.267885238660935e-09	chr8	1.4516677657241717e-06
86620509.36734694	4.1240809539929385e-09	chr8	1.4027545375205353e-06
89603507.4489796	4.530392004109423e-09	chr8	1.5409561576036237e-06
92586505.53061225	5.413720566752108e-09	chr8	1.84140931630528e-06
95569503.6122449	6.4585411006105696e-09	chr8	2.1967919484879883e-06
98552501.69387756	7.186342351519027e-09	chr8	2.4443444380036216e-06
101535499.7755102	7.18724878580288e-09	chr8	2.4446527502843028e-06
104518497.85714287	6.400667206919462e-09	chr8	2.1771068676457753e-06
107501495.93877551	5.24174554644728e-09	chr8	1.7829141648366318e-06
110484494.02040817	4.3781492676045524e-09	chr8	1.4891726955864723e-06
113467492.10204083	4.304222958066969e-09	chr8	1.4640275863359883e-06
116450490.18367347	5.107832395754423e-09	chr8	1.7373652821004184e-06
119433488.26530613	6.54970479923027e-09	chr8	2.227800139966898e-06
122416486.34693879	8.218302134322763e-09	chr8	2.7953526466240396e-06
125399484.42857143	9.635096718004662e-09	chr8	3.2772575978520425e-06
128382482.51020409	1.0438317529726508e-08	chr8	3.550463107356616e-06
131365480.59183675	1.0567019243465665e-08	chr8	3.594239385016606e-06
134348478.6734694	1.0146664614688468e-08	chr8	3.451261017360154e-06
137331476.75510204	9.190491545900187e-09	chr8	3.126030711296673e-06
140314474.8367347	7.594611418129373e-09	chr8	2.5832120528991168e-06
143297472.91836736	5.47136314769865e-09	chr8	1.861015719011529e-06
146280471.0	3.3015241281037596e-09	chr8	1.1229721247220231e-06
212908.0	3.9989872237952375e-09	chr9	1.3602054703204119e-06
3086684.1428571427	6.02204110614178e-09	chr9	2.048321936696403e-06
5960460.285714285	7.960514561288457e-09	chr9	2.707669428999477e-06
8834236.42857143	9.490169114983014e-09	chr9	3.2279622869649565e-06
11708012.57142857	1.0434339440948807e-08	chr9	3.5491100102312605e-06
14581788.714285713	1.0782535184097417e-08	chr9	3.6675444357665174e-06
17455564.85714286	1.069138692360304e-08	chr9	3.63654149537278e-06
20329341.0	1.0394981587883232e-08	chr9	3.53572292894195e-06
23203117.14285714	1.002275373999012e-08	chr9	3.4091142836586837e-06
26076893.285714284	9.545966117065769e-09	chr9	3.2469409391118907e-06
28950669.428571425	8.929239116410918e-09	chr9	3.0371689660999602e-06
31824445.57142857	8.203058456851443e-09	chr9	2.790167700455442e-06
34698221.71428572	7.314104232542377e-09	chr9	2.4878010433241703e-06
37571997.85714286	6.0813684537597e-09	chr9	2.0685013917067417e-06
40445774.0	4.464038723486124e-09	chr9	1.518386919387388e-06
43319550.14285714	2.7608760045737426e-09	chr9	9.390774298932482e-07
46193326.28571428	1.3954747278627871e-09	chr9	4.746532690173062e-07
49067102.428571425	5.671168997647088e-10	chr9	1.928977178974373e-07
51940878.57142857	1.8657738849112637e-10	chr9	6.346196430777129e-08
54814654.71428571	6.432923965740072e-11	chr9	2.188078600573934e-08
57688430.85714285	8.281503393168266e-11	chr9	2.816849764069492e-08
60562207.0	2.513483599225705e-10	chr9	8.549299984966643e-08
63435983.14285714	6.899746456772426e-10	chr9	2.3468624301877197e-07
66309759.28571428	1.5645260002276878e-09	chr9	5.321539442050441e-07
69183535.42857143	2.9688940818706198e-09	chr9	1.0098321762403033e-06
72057311.57142857	4.805585846671958e-09	chr9	1.6345599000273882e-06
74931087.71428572	6.755876437970659e-09	chr9	2.2979268433409224e-06
77804863.85714285	8.393861327895099e-09	chr9	2.8550669097857765e-06
80678640.0	9.40526180951555e-09	chr9	3.1990821293390955e-06
83552416.14285713	9.741442831933221e-09	chr9	3.313429897941479e-06
86426192.28571428	9.545491302761016e-09	chr9	3.2467794369668304e-06
89299968.42857142	8.963724945878989e-09	chr9	3.0488988895195427e-06
92173744.57142857	8.115752083885604e-09	chr9	2.7604715300362563e-06
95047520.71428572	7.213963060088534e-09	chr9	2.453739276443419e-06
97921296.85714285	6.568708094369418e-09	chr9	2.2342638730462582e-06
100795073.0	6.420387060400532e-09	chr9	2.183814329079826e-06
103668849.14285713	6.797502537701655e-09	chr9	2.31208544035401e-06
106542625.28571428	7.516151384202785e-09	chr9	2.5565248540220006e-06
109416401.42857142	8.279497499765525e-09	chr9	2.8161674845255484e-06
112290177.57142857	8.815800332787168e-09	chr9	2.9985841831545724e-06
115163953.7142857	8.98846937644681e-09	chr9	3.0573153979839963e-06
118037729.85714285	8.836765463924544e-09	chr9	3.0057152102029607e-06
120911506.0	8.566200778285111e-09	chr9	2.9136860175882853e-06
123785282.14285713	8.481221192874197e-09	chr9	2.8847812748439997e-06
126659058.28571428	8.814379540503313e-09	chr9	2.9981009184356484e-06
129532834.42857142	9.485089020878835e-09	chr9	3.2262343565156845e-06
132406610.57142857	9.979876593411216e-09	chr9	3.394530158712917e-06
135280386.7142857	9.59862691496379e-09	chr9	3.2648528506444177e-06
138154162.85714287	8.010261597800205e-09	chr9	2.724590261052371e-06
141027939.0	5.605407275501821e-09	chr9	1.9066091519730784e-06
2737282.0	5.336840909062348e-09	chrX	1.8152596626320363e-06
5832603.612244898	7.172618586762877e-09	chrX	2.4396764711285013e-06
8927925.224489797	8.437087688289e-09	chrX	2.8697698154414803e-06
12023246.836734693	8.90537695996022e-09	chrX	3.029052552137758e-06
15118568.448979592	8.739782985286311e-09	chrX	2.972727833503177e-06
18213890.06122449	8.333081663397657e-09	chrX	2.834393467359722e-06
21309211.673469387	8.031279907929132e-09	chrX	2.7317393762693795e-06
24404533.285714287	7.994968477329112e-09	chrX	2.7193884974660124e-06
27499854.897959184	8.221132114511217e-09	chrX	2.796315228977474e-06
30595176.51020408	8.587240288175393e-09	chrX	2.920842343638875e-06
33690498.12244898	8.903033999546902e-09	chrX	3.0282556234674245e-06
36785819.73469388	8.99364115960776e-09	chrX	3.05907451531875e-06
39881141.346938774	8.735443852680112e-09	chrX	2.9712519318368055e-06
42976462.95918367	8.041966730889364e-09	chrX	2.735374365389714e-06
46071784.571428575	6.902358858894958e-09	chrX	2.347751006084287e-06
49167106.18367347	5.454583487530176e-09	chrX	1.855308327546143e-06
52262427.79591837	3.9775668290629314e-09	chrX	1.3529195910562983e-06
55357749.408163264	2.792196731485141e-09	chrX	9.497307832787745e-07
58453071.02040816	2.1436047906519572e-09	chrX	7.291203495475659e-07
61548392.632653065	2.090424136647724e-09	chrX	7.110316154647588e-07
64643714.24489796	2.4314810782520208e-09	chrX	8.270378669727699e-07
67739035.85714287	2.782566905271882e-09	chrX	9.464553183771691e-07
70834357.46938775	2.8390427060712958e-09	chrX	9.656648554146953e-07
73929679.08163266	2.6122350162560455e-09	chrX	8.885190574582187e-07
77025000.69387755	2.3868261999308127e-09	chrX	8.118490688171824e-07
80120322.30612245	2.4508389281034454e-09	chrX	8.336221974014529e-07
83215643.91836734	2.8820646500698456e-09	chrX	9.802982313911029e-07
86310965.53061225	3.543109629175474e-09	chrX	1.2051444102828606e-06
89406287.14285715	4.200776566193325e-09	chrX	1.4288415904232781e-06
92501608.75510204	4.641182665820021e-09	chrX	1.5786402150125775e-06
95596930.36734694	4.7488724566609115e-09	chrX	1.6152695499921536e-06
98692251.97959183	4.570155274271186e-09	chrX	1.5544811364457736e-06
101787573.59183674	4.327663023715834e-09	chrX	1.4720004313929918e-06
104882895.20408164	4.316044406059786e-09	chrX	1.4680485039651469e-06
107978216.81632653	4.712824509573022e-09	chrX	1.6030082918088295e-06
111073538.42857143	5.463409743633996e-09	chrX	1.8583104681289958e-06
114168860.04081632	6.3308036239956774e-09	chrX	2.1533436440216376e-06
117264181.65306123	7.026305971210968e-09	chrX	2.389910065558013e-06
120359503.26530613	7.324557984534198e-09	chrX	2.4913567562706984e-06
123454824.87755102	7.1778646531974606e-09	chrX	2.4414608549893763e-06
126550146.48979592	6.821132741465848e-09	chrX	2.320122958512005e-06
129645468.10204081	6.7293691855481e-09	chrX	2.288910733078357e-06
132740789.71428572	7.334323072029181e-09	chrX	2.4946782286049427e-06
135836111.32653064	8.657925928044925e-09	chrX	2.9448851796478355e-06
138931432.9387755	1.0191689988666709e-08	chrX	3.4665758349779764e-06
142026754.5510204	1.1189746676962586e-08	chrX	3.8060523301845633e-06
145122076.16326532	1.113532363507414e-08	chrX	3.78754101340724e-06
148217397.7755102	9.966042584515601e-09	chrX	3.389824693673091e-06
151312719.3877551	7.973896910222862e-09	chrX	2.7122212675544993e-06
154408041.0	5.62737803996489e-09	chrX	1.914082232615088e-06
