pos	val	Chromosome	valScaled
60683.0	6.6897305394217074e-09	chr10	1.7683828958888197e-08
2825248.0816326533	9.37738111511936e-09	chr10	2.4788442934267125e-08
5589813.1632653065	1.1315262015094746e-08	chr10	2.991109386555911e-08
8354378.24489796	1.2175848381720676e-08	chr10	3.218599298475137e-08
11118943.326530613	1.209874547628333e-08	chr10	3.1982176914140964e-08
13883508.408163266	1.1376714446643892e-08	chr10	3.007353901670818e-08
16648073.48979592	1.0265231451446285e-08	chr10	2.7135412426711575e-08
19412638.571428575	9.046097132059405e-09	chr10	2.3912717184369e-08
22177203.653061226	8.034636098281564e-09	chr10	2.1238991566497736e-08
24941768.734693877	7.3871683136557875e-09	chr10	1.9527456327187145e-08
27706333.816326533	6.954580609313575e-09	chr10	1.8383941363732867e-08
30470898.897959188	6.424184192739311e-09	chr10	1.6981875995653437e-08
33235463.97959184	5.639808962930178e-09	chr10	1.4908435619872267e-08
36000029.06122449	4.775103029871057e-09	chr10	1.262264671853407e-08
38764594.14285715	4.198575146432302e-09	chr10	1.1098636084520983e-08
41529159.2244898	4.169090019556371e-09	chr10	1.1020694239564378e-08
44293724.30612245	4.6267547586853785e-09	chr10	1.2230498568689296e-08
47058289.3877551	5.236080670655842e-09	chr10	1.3841208468588448e-08
49822854.469387755	5.6205644917959115e-09	chr10	1.4857564223193851e-08
52587419.55102041	5.595756693501087e-09	chr10	1.4791986565124203e-08
55351984.632653065	5.246318227708512e-09	chr10	1.3868270725701712e-08
58116549.71428572	4.822784516017445e-09	chr10	1.2748689350677398e-08
60881114.795918375	4.567172389681937e-09	chr10	1.207299679545445e-08
63645679.87755103	4.607057914114342e-09	chr10	1.2178431354864849e-08
66410244.95918368	4.9357509584089555e-09	chr10	1.3047308141609784e-08
69174810.04081634	5.4231611001274355e-09	chr10	1.4335742336109067e-08
71939375.12244898	5.887281491281772e-09	chr10	1.5562611724216747e-08
74703940.20408164	6.2244315320448895e-09	chr10	1.6453843982258124e-08
77468505.2857143	6.4348831096461446e-09	chr10	1.7010157824870756e-08
80233070.36734694	6.5116811664414165e-09	chr10	1.7213168049683185e-08
82997635.4489796	6.418506275207812e-09	chr10	1.6966866822731148e-08
85762200.53061225	6.199824491057454e-09	chr10	1.6388797011914266e-08
88526765.6122449	5.98314870382256e-09	chr10	1.5816029911892096e-08
91291330.69387756	5.835240186789182e-09	chr10	1.5425044221008473e-08
94055895.7755102	5.697097000723056e-09	chr10	1.505987249102121e-08
96820460.85714287	5.474164073431128e-09	chr10	1.4470565084347177e-08
99585025.93877551	5.155012536031913e-09	chr10	1.3626910595414382e-08
102349591.02040817	4.857774594637566e-09	chr10	1.2841183145745825e-08
105114156.10204083	4.7775697350911555e-09	chr10	1.2629167279107797e-08
107878721.18367347	5.0644924989753694e-09	chr10	1.338762728748035e-08
110643286.26530613	5.730822112964944e-09	chr10	1.5149022437045257e-08
113407851.34693879	6.6624053211376515e-09	chr10	1.76115966793439e-08
116172416.42857143	7.703866180059294e-09	chr10	2.0364624710595388e-08
118936981.51020409	8.73865597186427e-09	chr10	2.3100018248324425e-08
121701546.59183675	9.703025225941197e-09	chr10	2.56492600812819e-08
124466111.6734694	1.0506009871731359e-08	chr10	2.777189313041427e-08
127230676.75510205	1.090378799707927e-08	chr10	2.8823391436779198e-08
129995241.8367347	1.0499760165947326e-08	chr10	2.7755372475736636e-08
132759806.91836736	9.017922653553367e-09	chr10	2.3838239945566836e-08
135524372.0	6.662474529077912e-09	chr10	1.7611779625633134e-08
87267.0	7.194018659703893e-09	chr11	1.9016878894534828e-08
2839495.224489796	9.49920818067223e-09	chr11	2.5110484155076364e-08
5591723.448979592	1.0891631551016842e-08	chr11	2.8791256732451553e-08
8343951.673469388	1.124467937273566e-08	chr11	2.972451364867457e-08
11096179.897959184	1.0924177270671947e-08	chr11	2.887728903768915e-08
13848408.12244898	1.0431554977490006e-08	chr11	2.7575076889885993e-08
16600636.346938776	1.0031003840901018e-08	chr11	2.6516248324671428e-08
19352864.57142857	9.626515892264381e-09	chr11	2.5447013075587665e-08
22105092.795918368	8.982847848001132e-09	chr11	2.374552218085316e-08
24857321.020408165	8.084788705798385e-09	chr11	2.137156643299548e-08
27609549.24489796	7.2239883076977935e-09	chr11	1.9096101536756232e-08
30361777.469387755	6.6943090813527015e-09	chr11	1.7695932010260993e-08
33114005.69387755	6.476666370582491e-09	chr11	1.712060891634429e-08
35866233.91836735	6.298578213493506e-09	chr11	1.6649845484094375e-08
38618462.14285714	5.936808624301638e-09	chr11	1.569353319317372e-08
41370690.36734694	5.349953661968866e-09	chr11	1.414222365739911e-08
44122918.591836736	4.578276992499446e-09	chr11	1.210235102664867e-08
46875146.81632653	3.693866267912609e-09	chr11	9.764473904268792e-09
49627375.04081633	2.870500950887957e-09	chr11	7.587965993951175e-09
52379603.26530612	2.3609118203209483e-09	chr11	6.240903212998785e-09
55131831.48979592	2.3279496973633534e-09	chr11	6.153770175117959e-09
57884059.71428572	2.7272533911640033e-09	chr11	7.209301213657124e-09
60636287.93877551	3.3746533719779126e-09	chr11	8.920657218392456e-09
63388516.16326531	4.101367869213161e-09	chr11	1.0841675530762848e-08
66140744.3877551	4.820901487034558e-09	chr11	1.2743711696904684e-08
68892972.6122449	5.481813288803973e-09	chr11	1.4490785243518905e-08
71645200.8367347	6.027753046425022e-09	chr11	1.5933938332979827e-08
74397429.06122449	6.410698060656647e-09	chr11	1.694622636049079e-08
77149657.28571428	6.594679598999697e-09	chr11	1.7432568528755893e-08
79901885.51020408	6.559335199870188e-09	chr11	1.7339138112511514e-08
82654113.73469388	6.3473194382350935e-09	chr11	1.67786894601705e-08
85406341.95918368	6.085781125947391e-09	chr11	1.6087331452035865e-08
88158570.18367347	5.917631165241495e-09	chr11	1.5642838938167903e-08
90910798.40816326	5.911431091739263e-09	chr11	1.5626449482912582e-08
93663026.63265306	6.027870553353922e-09	chr11	1.5934248954225316e-08
96415254.85714287	6.148894051059359e-09	chr11	1.625416600033318e-08
99167483.08163266	6.163288680307181e-09	chr11	1.6292217183418216e-08
101919711.30612245	6.073813990025972e-09	chr11	1.6055697175660298e-08
104671939.53061225	6.029990302499172e-09	chr11	1.5939852360984298e-08
107424167.75510204	6.232593469568518e-09	chr11	1.6475419486127887e-08
110176395.97959185	6.787589373694474e-09	chr11	1.794251185757867e-08
112928624.20408164	7.635140187199385e-09	chr11	2.0182952415186395e-08
115680852.42857143	8.595450830276284e-09	chr11	2.2721465597369038e-08
118433080.65306123	9.475370304006867e-09	chr11	2.504747041615082e-08
121185308.87755102	1.014912376743742e-08	chr11	2.682848998600548e-08
123937537.10204081	1.054992745661846e-08	chr11	2.7887986156113043e-08
126689765.32653062	1.057316793708277e-08	chr11	2.7949420720484715e-08
129441993.55102041	1.0004362971437091e-08	chr11	2.6445825072772125e-08
132194221.7755102	8.638763650121283e-09	chr11	2.283595996950444e-08
134946450.0	6.558708352250831e-09	chr11	1.733748108521891e-08
60316.0	7.171795562183225e-09	chr12	1.89581337099304e-08
2790550.6530612246	9.47015177800703e-09	chr12	2.5033675612211436e-08
5520785.306122449	1.0831714292948369e-08	chr12	2.8632869703687904e-08
8251019.959183674	1.1073498006853644e-08	chr12	2.9272007829887417e-08
10981254.612244898	1.0495773120726013e-08	chr12	2.774483300403003e-08
13711489.265306123	9.585176865603408e-09	chr12	2.5337736285963376e-08
16441723.918367349	8.73789652161253e-09	chr12	2.3098010695363154e-08
19171958.57142857	8.129843969961782e-09	chr12	2.1490666833298288e-08
21902193.224489797	7.698361755687198e-09	chr12	2.0350074154554357e-08
24632427.877551023	7.228016022935863e-09	chr12	1.9106748516772157e-08
27362662.530612245	6.514614718610873e-09	chr12	1.7220922687108555e-08
30092897.18367347	5.519088819039922e-09	chr12	1.4589320468093343e-08
32823131.836734697	4.429460269010248e-09	chr12	1.1708964556312209e-08
35553366.48979592	3.579366869736595e-09	chr12	9.46180285327377e-09
38283601.14285714	3.2413478291947713e-09	chr12	8.568273455854152e-09
41013835.79591837	3.447975591123996e-09	chr12	9.11447931251488e-09
43744070.448979594	3.999201347827142e-09	chr12	1.0571605566230145e-08
46474305.10204082	4.613198051627287e-09	chr12	1.2194662373576754e-08
49204539.755102046	5.057473245230637e-09	chr12	1.3369072387262857e-08
51934774.408163264	5.211688467713156e-09	chr12	1.377672940740249e-08
54665009.06122449	5.113537697555906e-09	chr12	1.3517274796874335e-08
57395243.71428572	4.9583941241711575e-09	chr12	1.3107163746864275e-08
60125478.36734694	4.9727966812274295e-09	chr12	1.3145235886549554e-08
62855713.02040817	5.2253039456218965e-09	chr12	1.3812720959096962e-08
65585947.673469394	5.564530869555193e-09	chr12	1.47094433107277e-08
68316182.32653062	5.757242021292448e-09	chr12	1.521886159382742e-08
71046416.97959185	5.677919548383703e-09	chr12	1.5009178253781327e-08
73776651.63265306	5.360491106042711e-09	chr12	1.417007864461685e-08
76506886.28571428	4.910034722466226e-09	chr12	1.2979329092947393e-08
79237120.93877551	4.437667416510631e-09	chr12	1.1730659569554056e-08
81967355.59183674	4.09544651655065e-09	chr12	1.082602285431018e-08
84697590.24489796	4.092862532393714e-09	chr12	1.0819192275171832e-08
87427824.89795919	4.579325882841612e-09	chr12	1.210512369399277e-08
90158059.55102041	5.4730184281257444e-09	chr12	1.4467536652109348e-08
92888294.20408164	6.442912425694489e-09	chr12	1.7031382753261978e-08
95618528.85714287	7.126828729047414e-09	chr12	1.8839267070786924e-08
98348763.51020409	7.389683578406534e-09	chr12	1.953410525144148e-08
101078998.16326532	7.355288561213027e-09	chr12	1.9443184459116028e-08
103809232.81632653	7.236381440263208e-09	chr12	1.9128861905093963e-08
106539467.46938775	7.2151486103180034e-09	chr12	1.9072734422701134e-08
109269702.12244898	7.435512962779006e-09	chr12	1.965525198369895e-08
111999936.7755102	7.949135374501918e-09	chr12	2.1012976457776915e-08
114730171.42857143	8.645571052195569e-09	chr12	2.2853954854833028e-08
117460406.08163266	9.385278064181146e-09	chr12	2.4809317959902724e-08
120190640.73469388	1.0223600856610322e-08	chr12	2.702536489726361e-08
122920875.38775511	1.1285313030225564e-08	chr12	2.9831925844844675e-08
125651110.04081634	1.2296608299139861e-08	chr12	3.2505213275037525e-08
128381344.69387756	1.2463124603747322e-08	chr12	3.2945387334693895e-08
131111579.34693879	1.1097588295853414e-08	chr12	2.9335688802944808e-08
133841814.0	8.361569008794304e-09	chr12	2.2103215564231217e-08
19020094.0	8.901862784698142e-09	chr13	2.353144390083344e-08
20981109.448979594	1.2244936860429611e-08	chr13	3.236862348583344e-08
22942124.897959184	1.4766207218453607e-08	chr13	3.903342313772874e-08
24903140.346938774	1.598129745392134e-08	chr13	4.2245428130606084e-08
26864155.795918368	1.5949715827306227e-08	chr13	4.2161944337049067e-08
28825171.24489796	1.507594659346319e-08	chr13	3.985219724189107e-08
30786186.69387755	1.3807606810049363e-08	chr13	3.649943083979585e-08
32747202.14285714	1.2504502412858397e-08	chr13	3.305476664297871e-08
34708217.591836736	1.1433227596772935e-08	chr13	3.022292752719015e-08
36669233.04081633	1.0728023824488814e-08	chr13	2.835877129298207e-08
38630248.48979592	1.0336504361882663e-08	chr13	2.7323817318378262e-08
40591263.93877551	1.006952256616358e-08	chr13	2.6618069847263942e-08
42552279.3877551	9.73970975136473e-09	chr13	2.574623302648573e-08
44513294.8367347	9.255809358474095e-09	chr13	2.4467076604475866e-08
46474310.28571428	8.615792246207206e-09	chr13	2.2775236689939103e-08
48435325.73469388	7.857662801842623e-09	chr13	2.077117518942922e-08
50396341.18367347	7.031729291416173e-09	chr13	1.858787844171627e-08
52357356.632653065	6.2098805828864014e-09	chr13	1.6415379578558774e-08
54318372.08163266	5.504501394454024e-09	chr13	1.455075964418458e-08
56279387.530612245	5.0364947370039455e-09	chr13	1.3313617186323551e-08
58240402.97959184	4.8452811911465064e-09	chr13	1.2808157718316671e-08
60201418.42857143	4.852977345241083e-09	chr13	1.282850195667541e-08
62162433.87755102	4.970292658220772e-09	chr13	1.3138616679049654e-08
64123449.32653061	5.2396486323107804e-09	chr13	1.3850640122564045e-08
66084464.77551021	5.829776935861421e-09	chr13	1.541060250405191e-08
68045480.22448981	6.849102209083031e-09	chr13	1.8105116681999823e-08
70006495.6734694	8.137716853435782e-09	chr13	2.151147824325674e-08
71967511.12244898	9.248477673331751e-09	chr13	2.4447695813983095e-08
73928526.57142857	9.696294307173066e-09	chr13	2.5631467374157094e-08
75889542.02040817	9.298008453326065e-09	chr13	2.457862692345877e-08
77850557.46938775	8.290396151299775e-09	chr13	2.191507515543123e-08
79811572.91836736	7.1242801076827565e-09	chr13	1.883252997068581e-08
81772588.36734694	6.166705211633199e-09	chr13	1.6301248542042592e-08
83733603.81632653	5.580770988137058e-09	chr13	1.475237291418204e-08
85694619.26530613	5.4007430347428255e-09	chr13	1.4276481767762634e-08
87655634.71428572	5.635145742084442e-09	chr13	1.4896108725784743e-08
89616650.16326532	6.278589655071046e-09	chr13	1.6597007145360917e-08
91577665.6122449	7.2619178141779876e-09	chr13	1.91963655012221e-08
93538681.06122449	8.44074676662689e-09	chr13	2.231251636022124e-08
95499696.51020409	9.658595062770944e-09	chr13	2.5531812091188986e-08
97460711.95918368	1.0826684986118863e-08	chr13	2.861957508722605e-08
99421727.40816326	1.196230811239199e-08	chr13	3.162151440427781e-08
101382742.85714287	1.3170109186676512e-08	chr13	3.4814251015737085e-08
103343758.30612245	1.4540256375765675e-08	chr13	3.8436138085413994e-08
105304773.75510204	1.5967852964160683e-08	chr13	4.220988857397283e-08
107265789.20408164	1.7032629161677184e-08	chr13	4.502454905176314e-08
109226804.65306123	1.7115780037124305e-08	chr13	4.524435250281751e-08
111187820.10204083	1.5745569585828566e-08	chr13	4.162229820397733e-08
113148835.55102041	1.2947362687415736e-08	chr13	3.4225436418361805e-08
115109851.0	9.328935871064496e-09	chr13	2.4660381362176978e-08
19000058.0	1.2139268503800112e-08	chr14	3.20892966678112e-08
20801882.020408165	1.5680080472691168e-08	chr14	4.144918237090057e-08
22603706.040816326	1.739602899209619e-08	chr14	4.598517076992493e-08
24405530.06122449	1.7059561612172295e-08	chr14	4.5095743077470556e-08
26207354.08163265	1.550398198327425e-08	chr14	4.0983678484246785e-08
28009178.102040816	1.3971476828432383e-08	chr14	3.693260962921024e-08
29811002.12244898	1.3251265181511019e-08	chr14	3.502878114115614e-08
31612826.14285714	1.3239040929075435e-08	chr14	3.4996467195482655e-08
33414650.163265307	1.3184267425617861e-08	chr14	3.4851677317786545e-08
35216474.18367347	1.23952109420038e-08	chr14	3.27658623790672e-08
37018298.20408163	1.0792530927212246e-08	chr14	2.8529291251068937e-08
38820122.22448979	8.863753820584208e-09	chr14	2.3430705552820773e-08
40621946.24489796	7.201646700898038e-09	chr14	1.9037043081264577e-08
42423770.26530612	6.1477832109326685e-09	chr14	1.6251229573120556e-08
44225594.28571428	5.7690731185819205e-09	chr14	1.5250136261712784e-08
46027418.30612245	5.99245918733474e-09	chr14	1.5840641515750233e-08
47829242.32653061	6.6790513274758525e-09	chr14	1.7655599218339852e-08
49631066.346938774	7.6145716505279e-09	chr14	2.0128580945021828e-08
51432890.36734694	8.518902293062144e-09	chr14	2.251911495990002e-08
53234714.3877551	9.127021073258404e-09	chr14	2.412663389243508e-08
55036538.408163264	9.287964261505303e-09	chr14	2.4552075813643217e-08
56838362.42857143	9.015716866722048e-09	chr14	2.3832409104277345e-08
58640186.448979594	8.474393019059287e-09	chr14	2.240145784592322e-08
60442010.469387755	7.894959258669783e-09	chr14	2.0869765731965644e-08
62243834.48979592	7.453809041018348e-09	chr14	1.970361637091849e-08
64045658.510204084	7.210815827676804e-09	chr14	1.9061281018607876e-08
65847482.530612245	7.157996517225668e-09	chr14	1.892165691174138e-08
67649306.55102041	7.290694952585724e-09	chr14	1.927243582879805e-08
69451130.57142857	7.608670911388869e-09	chr14	2.0112982758958766e-08
71252954.59183674	8.074099490594796e-09	chr14	2.134331024954368e-08
73054778.6122449	8.582470828612217e-09	chr14	2.2687153882127172e-08
74856602.63265306	8.960294383600861e-09	chr14	2.3685903694796884e-08
76658426.65306123	9.025823081317197e-09	chr14	2.385912416690495e-08
78460250.6734694	8.72981769816341e-09	chr14	2.3076654897663767e-08
80262074.69387755	8.254520509133369e-09	chr14	2.1820240435837898e-08
82063898.71428572	7.93242818955781e-09	chr14	2.0968812197468507e-08
83865722.73469388	8.053832155684371e-09	chr14	2.1289734984905376e-08
85667546.75510204	8.747761254161047e-09	chr14	2.312408741730063e-08
87469370.7755102	9.985444132504222e-09	chr14	2.6395814461759006e-08
89271194.79591838	1.162571524128878e-08	chr14	3.073175498477736e-08
91073018.81632653	1.3448481860569934e-08	chr14	3.555010946667929e-08
92874842.8367347	1.5175082218799924e-08	chr14	4.0114255247345317e-08
94676666.85714287	1.6497111598712905e-08	chr14	4.360894629584712e-08
96478490.87755102	1.7151426171696678e-08	chr14	4.5338580535338215e-08
98280314.89795919	1.702247046878645e-08	chr14	4.499769526647732e-08
100082138.91836736	1.6166728446738723e-08	chr14	4.273560182913339e-08
101883962.93877551	1.4709400519775746e-08	chr14	3.8883258652445115e-08
103685786.95918368	1.2724478147615695e-08	chr14	3.36362569205961e-08
105487610.97959185	1.025669404185864e-08	chr14	2.7112844389029007e-08
107289435.0	7.481851187355842e-09	chr14	1.977774379900399e-08
20000446.0	1.3947142386999062e-08	chr15	3.686828325648401e-08
21684535.285714287	1.7974242258786244e-08	chr15	4.7513636595215234e-08
23368624.57142857	2.0033181989103368e-08	chr15	5.295629797193712e-08
25052713.85714286	1.9918003967702394e-08	chr15	5.2651833028502484e-08
26736803.14285714	1.838517518338466e-08	chr15	4.8599908681863775e-08
28420892.42857143	1.647713836881135e-08	chr15	4.355614847697321e-08
30104981.714285716	1.4928758058659407e-08	chr15	3.9463114773047045e-08
31789071.0	1.3978210555214076e-08	chr15	3.695040975912006e-08
33473160.285714284	1.3452749646309807e-08	chr15	3.556139105606654e-08
35157249.57142857	1.297401437870043e-08	chr15	3.429588827697798e-08
36841338.85714286	1.2185098479449609e-08	chr15	3.221044496306761e-08
38525428.14285714	1.0913621834885265e-08	chr15	2.8849386490652576e-08
40209517.42857143	9.24733029037901e-09	chr15	2.4444662788397528e-08
41893606.71428572	7.51065120255481e-09	chr15	1.985387459975758e-08
43577696.0	6.103444475949217e-09	chr15	1.613402326696512e-08
45261785.28571428	5.272003749068131e-09	chr15	1.3936168582538653e-08
46945874.57142857	5.0091493944704755e-09	chr15	1.3241331709750993e-08
48629963.85714286	5.164943879567662e-09	chr15	1.365316339877966e-08
50314053.14285714	5.615081688113191e-09	chr15	1.4843070819914147e-08
51998142.42857143	6.3121700287901024e-09	chr15	1.6685774485349272e-08
53682231.71428572	7.226342743582681e-09	chr15	1.9102325321292497e-08
55366321.0	8.27498209837905e-09	chr15	2.1874329198055656e-08
57050410.28571428	9.282407307013551e-09	chr15	2.4537386397950704e-08
58734499.57142857	9.991037229223123e-09	chr15	2.641059941686964e-08
60418588.85714286	1.017722887422703e-08	chr15	2.690278384558771e-08
62102678.14285714	9.834722326845286e-09	chr15	2.599739204161205e-08
63786767.428571425	9.237999916214166e-09	chr15	2.4419998605007595e-08
65470856.71428572	8.752987308571348e-09	chr15	2.3137902122059963e-08
67154946.0	8.535064659143506e-09	chr15	2.2561839030125192e-08
68839035.28571428	8.416864673302963e-09	chr15	2.224938573768991e-08
70523124.57142857	8.112995996733977e-09	chr15	2.144613040913161e-08
72207213.85714287	7.540612289618016e-09	chr15	1.9933074611764925e-08
73891303.14285713	6.935112810345924e-09	chr15	1.8332479615741488e-08
75575392.42857143	6.645890697280607e-09	chr15	1.7567941440633252e-08
77259481.71428572	6.8135067941109255e-09	chr15	1.8011022723150804e-08
78943571.0	7.256903412158836e-09	chr15	1.918311028457096e-08
80627660.28571428	7.702244575480926e-09	chr15	2.036033811372369e-08
82311749.57142857	8.115134978914781e-09	chr15	2.1451784657058125e-08
83995838.85714287	8.759204545167656e-09	chr15	2.31543369467391e-08
85679928.14285713	9.928381674150118e-09	chr15	2.624497389388243e-08
87364017.42857143	1.1690943280522539e-08	chr15	3.0904180687477365e-08
89048106.71428572	1.388881070942811e-08	chr15	3.6714087597485326e-08
90732196.0	1.6246970473607934e-08	chr15	4.29477159449573e-08
92416285.28571428	1.8397917254547053e-08	chr15	4.8633591444673116e-08
94100374.57142857	1.9897109809118447e-08	chr15	5.259660079987069e-08
95784463.85714285	2.0340569266169736e-08	chr15	5.376885447174644e-08
97468553.14285713	1.9484995271086036e-08	chr15	5.150720520178337e-08
99152642.42857143	1.7286988984319853e-08	chr15	4.5696931230853863e-08
100836731.71428572	1.3957641890836908e-08	chr15	3.689603795137456e-08
102520821.0	1.0037613958729717e-08	chr15	2.6533721703067163e-08
60179.0	8.872327893130067e-09	chr16	2.345337050643715e-08
1901660.7959183673	1.2130383975407638e-08	chr16	3.2065811046148704e-08
3743142.5918367347	1.4914903107588726e-08	chr16	3.942649019100687e-08
5584624.387755102	1.6755881525511016e-08	chr16	4.42929862729786e-08
7426106.183673469	1.7425939175953996e-08	chr16	4.6064236222913426e-08
9267587.979591837	1.7010071331436158e-08	chr16	4.496491902491599e-08
11109069.775510203	1.586384483109275e-08	chr16	4.193495043936964e-08
12950551.57142857	1.4441421408606512e-08	chr16	3.8174874848561546e-08
14792033.367346939	1.310760178958112e-08	chr16	3.464901713787214e-08
16633515.163265307	1.206341658401681e-08	chr16	3.1888787489190806e-08
18474996.959183674	1.1392062805839866e-08	chr16	3.0114111317374365e-08
20316478.755102042	1.1110039854293463e-08	chr16	2.9368603615944805e-08
22157960.551020406	1.1114756935415266e-08	chr16	2.9381072885858082e-08
23999442.346938774	1.1099999999747778e-08	chr16	2.9342063971408783e-08
25840924.14285714	1.0646531018476543e-08	chr16	2.814335083106532e-08
27682405.93877551	9.506907921226337e-09	chr16	2.5130837873986905e-08
29523887.734693877	7.798389141976499e-09	chr16	2.0614489466938154e-08
31365369.530612245	5.88417850870658e-09	chr16	1.5554409209511746e-08
33206851.326530613	4.101991138834316e-09	chr16	1.0843323099870576e-08
35048333.12244898	2.631604364553847e-09	chr16	6.9564597850389296e-09
36889814.91836735	1.542661268986566e-09	chr16	4.077915823589821e-09
38731296.71428572	8.689316811721299e-10	chr16	2.296959367235654e-09
40572778.510204084	6.368243369762913e-10	chr16	1.6834000391471093e-09
42414260.30612245	8.847919914361314e-10	chr16	2.3388849742972125e-09
44255742.10204081	1.6738075977484531e-09	chr16	4.424591856764068e-09
46097223.89795918	3.040940089852383e-09	chr16	8.038509788441232e-09
47938705.69387755	4.904824787575126e-09	chr16	1.296555699899559e-08
49780187.489795916	7.0085322169463275e-09	chr16	1.852655861801724e-08
51621669.28571428	8.964016403197735e-09	chr16	2.3695742590032632e-08
53463151.08163265	1.037544522465717e-08	chr16	2.742675473159064e-08
55304632.87755102	1.0978702845007297e-08	chr16	2.902142353230735e-08
57146114.67346939	1.0743962313567553e-08	chr16	2.8400903560204288e-08
58987596.469387755	9.883986205938427e-09	chr16	2.612761761745561e-08
60829078.26530612	8.73528361005905e-09	chr16	2.3091103648700485e-08
62670560.06122449	7.586728872217764e-09	chr16	2.0054980532198735e-08
64512041.85714286	6.6064758883495276e-09	chr16	1.746375118431768e-08
66353523.653061226	5.921322778326181e-09	chr16	1.565259745594187e-08
68195005.44897959	5.721810736142059e-09	chr16	1.512520150053953e-08
70036487.24489796	6.2416018011947054e-09	chr16	1.6499232372871784e-08
71877969.04081632	7.631623653912685e-09	chr16	2.0173656708460424e-08
73719450.8367347	9.871104891079635e-09	chr16	2.609356677379515e-08
75560932.63265306	1.2771939426876187e-08	chr16	3.376171745143014e-08
77402414.42857143	1.601494076724923e-08	chr16	4.233436184699342e-08
79243896.2244898	1.91728335672559e-08	chr16	5.0682027842917064e-08
81085378.02040817	2.1719412136387055e-08	chr16	5.741372795871552e-08
82926859.81632653	2.304190196756796e-08	chr16	6.0909636177538e-08
84768341.6122449	2.2554344135654254e-08	chr16	5.962081157446607e-08
86609823.40816326	2.000323835509745e-08	chr16	5.287714409585081e-08
88451305.20408162	1.5786418009947903e-08	chr16	4.1730278120524e-08
90292787.0	1.0914387875793814e-08	chr16	2.8851411465548422e-08
51.0	1.1742937394807448e-08	chr17	3.104162344671333e-08
1656995.2857142857	1.5040541557539825e-08	chr17	3.975860653657602e-08
3313939.5714285714	1.7239335244304694e-08	chr17	4.557096194364364e-08
4970883.857142857	1.8387352524426123e-08	chr17	4.860566432872212e-08
6627828.142857143	1.8944352685192847e-08	chr17	5.007805481067469e-08
8284772.428571428	1.9265629846951383e-08	chr17	5.092732823707882e-08
9941716.714285715	1.932147757604113e-08	chr17	5.1074957754164085e-08
11598661.0	1.880514686917574e-08	chr17	4.9710074093660374e-08
13255605.285714285	1.743717805594204e-08	chr17	4.609394540629934e-08
14912549.57142857	1.5230975297704388e-08	chr17	4.026200464345442e-08
16569493.857142856	1.2552028991501612e-08	chr17	3.318039978810692e-08
18226438.14285714	9.91491498500782e-09	chr17	2.620937565475582e-08
19883382.42857143	7.693658352682941e-09	chr17	2.0337641041776215e-08
21540326.714285713	6.030873738827716e-09	chr17	1.594218766235974e-08
23197271.0	4.983367917455721e-09	chr17	1.3173180200934639e-08
24854215.285714284	4.659864947526545e-09	chr17	1.2318023008248305e-08
26511159.57142857	5.176055808122854e-09	chr17	1.3682536995042686e-08
28168103.85714286	6.490795153856984e-09	chr17	1.7157957354424264e-08
29825048.14285714	8.27528117384568e-09	chr17	2.1875119782873163e-08
31481992.42857143	9.940457255066193e-09	chr17	2.6276894836922018e-08
33138936.714285713	1.087580169493776e-08	chr17	2.8749411628871267e-08
34795881.0	1.07773982356621e-08	chr17	2.8489289052552353e-08
36452825.28571428	9.809621433375313e-09	chr17	2.5931039607201942e-08
38109769.57142857	8.468180532312533e-09	chr17	2.238503557713503e-08
39766713.85714286	7.278488619497785e-09	chr17	1.9240169251651136e-08
41423658.14285714	6.574371844479017e-09	chr17	1.737888641774013e-08
43080602.428571425	6.458891614935881e-09	chr17	1.707362260848205e-08
44737546.71428572	6.852402057780127e-09	chr17	1.8113839598357333e-08
46394491.0	7.541339291021898e-09	chr17	1.9934996388494697e-08
48051435.28571428	8.277641729980984e-09	chr17	2.1881359745858006e-08
49708379.57142857	8.924362202296133e-09	chr17	2.3590919517995124e-08
51365323.85714286	9.467413498787797e-09	chr17	2.5026437165002057e-08
53022268.14285714	9.84310661755845e-09	chr17	2.6019555320392784e-08
54679212.428571425	9.86197883955357e-09	chr17	2.6069442702832065e-08
56336156.71428572	9.421174878921147e-09	chr17	2.4904208647695052e-08
57993101.0	8.735595681983463e-09	chr17	2.3091928588733823e-08
59650045.28571428	8.244690462559351e-09	chr17	2.179425540381778e-08
61306989.57142857	8.293510336306493e-09	chr17	2.1923307282970688e-08
62963933.85714286	8.947402841211667e-09	chr17	2.365182581538405e-08
64620878.14285714	1.0078085268412515e-08	chr17	2.6640704744305574e-08
66277822.428571425	1.154818259037687e-08	chr17	3.052680291243666e-08
67934766.71428572	1.3270869222418452e-08	chr17	3.508060303506759e-08
69591711.0	1.5125790092980714e-08	chr17	3.9983955003281635e-08
71248655.28571428	1.6903518881367933e-08	chr17	4.468325516849407e-08
72905599.57142857	1.83439725331864e-08	chr17	4.849099239376139e-08
74562543.85714285	1.91288575005509e-08	chr17	5.056578022467397e-08
76219488.14285713	1.8831325987270997e-08	chr17	4.9779276738514746e-08
77876432.42857143	1.707251497016158e-08	chr17	4.5129984362044867e-08
79533376.71428572	1.38955493053058e-08	chr17	3.673190059850561e-08
81190321.0	9.943258807568112e-09	chr17	2.628430054257359e-08
10718.0	1.3220428276973503e-08	chr18	3.4947265967675007e-08
1602684.4081632653	1.8130406232769645e-08	chr18	4.792644500194987e-08
3194650.8163265307	2.208059009959586e-08	chr18	5.836847632824496e-08
4786617.224489796	2.435692074697249e-08	chr18	6.438579520003966e-08
6378583.632653061	2.4849672920645744e-08	chr18	6.568835067772432e-08
7970550.040816327	2.3867159628381165e-08	chr18	6.30911463646575e-08
9562516.448979592	2.1763825149207675e-08	chr18	5.7531130613073655e-08
11154482.857142858	1.878044787989834e-08	chr18	4.9644784064523154e-08
12746449.265306123	1.5203490361581565e-08	chr18	4.018935016111349e-08
14338415.673469387	1.1571944616908927e-08	chr18	3.0589616146906e-08
15930382.081632653	8.619519401847044e-09	chr18	2.2785089161940726e-08
17522348.48979592	6.9355499873129524e-09	chr18	1.8333635262095873e-08
19114314.897959184	6.620005103897526e-09	chr18	1.7499514707570056e-08
20706281.30612245	7.22813855169052e-09	chr18	1.9107072412858424e-08
22298247.714285716	8.054680089734654e-09	chr18	2.129197643852227e-08
23890214.12244898	8.534149870704137e-09	chr18	2.2559420851664932e-08
25482180.530612245	8.475253456472227e-09	chr18	2.2403732351293892e-08
27074146.93877551	8.021336866518383e-09	chr18	2.120383598909461e-08
28666113.346938774	7.4484722153990415e-09	chr18	1.9689508850312227e-08
30258079.755102042	6.981967445584712e-09	chr18	1.845633652606264e-08
31850046.163265307	6.7161750265219705e-09	chr18	1.7753733087915643e-08
33442012.57142857	6.624088799956031e-09	chr18	1.751030966892061e-08
35033978.97959184	6.629938621429152e-09	chr18	1.7525773257739488e-08
36625945.3877551	6.707438870609537e-09	chr18	1.7730639678397385e-08
38217911.79591837	6.930051404922027e-09	chr18	1.831910014891837e-08
39809878.20408163	7.41774407413396e-09	chr18	1.9608281184839883e-08
41401844.6122449	8.204237734946422e-09	chr18	2.168732148296521e-08
42993811.02040816	9.123180856792333e-09	chr18	2.4116482552145528e-08
44585777.42857143	9.835229446405346e-09	chr18	2.5998732576258243e-08
46177743.8367347	1.0038497780334608e-08	chr18	2.6536058022893347e-08
47769710.24489796	9.727897727499365e-09	chr18	2.571500877784634e-08
49361676.653061226	9.266754952459838e-09	chr18	2.4496010507083258e-08
50953643.06122449	9.164168969912718e-09	chr18	2.4224831726674624e-08
52545609.469387755	9.708711877785608e-09	chr18	2.5664292342741868e-08
54137575.87755102	1.0747285220899984e-08	chr18	2.8409687430431446e-08
55729542.28571428	1.1796856358909249e-08	chr18	3.1184154410135225e-08
57321508.69387755	1.2403413623264509e-08	chr18	3.278754558612074e-08
58913475.10204082	1.2444995535095637e-08	chr18	3.289746442549282e-08
60505441.510204084	1.21514121238792e-08	chr18	3.212139746756013e-08
62097407.91836735	1.190060063178547e-08	chr18	3.145839504900645e-08
63689374.32653061	1.2004374139868735e-08	chr18	3.1732712969077244e-08
65281340.73469388	1.2605248250681041e-08	chr18	3.3321081131114963e-08
66873307.14285714	1.3671720647795068e-08	chr18	3.6140225392427804e-08
68465273.55102041	1.5026945039962824e-08	chr18	3.972266510517586e-08
70057239.95918368	1.635961575696038e-08	chr18	4.3245485774712255e-08
71649206.36734694	1.7229249251029717e-08	chr18	4.5544300334643974e-08
73241172.7755102	1.7136429010684798e-08	chr18	4.529893660220217e-08
74833139.18367347	1.57116909401209e-08	chr18	4.153274240310872e-08
76425105.59183674	1.2969996468017143e-08	chr18	3.428526721460833e-08
78017072.0	9.434417834610317e-09	chr18	2.4939215463281628e-08
64704.0	1.7314745664955282e-08	chr19	4.577030405057073e-08
1269889.2653061224	2.2390085405779036e-08	chr19	5.9186605253748005e-08
2475074.5306122447	2.583790875796939e-08	chr19	6.830068213342235e-08
3680259.795918367	2.7342596982070095e-08	chr19	7.227821890185402e-08
4885445.0612244895	2.729318373610532e-08	chr19	7.214759848526247e-08
6090630.326530612	2.6224090560036787e-08	chr19	6.932152638036947e-08
7295815.591836734	2.4395681317476925e-08	chr19	6.448825602340319e-08
8501000.857142856	2.1921349975270338e-08	chr19	5.7947536335913356e-08
9706186.122448979	1.9164490659912397e-08	chr19	5.065997395814354e-08
10911371.387755102	1.6814872591198346e-08	chr19	4.4448924977769464e-08
12116556.653061224	1.5479196793105313e-08	chr19	4.091816058915696e-08
13321741.918367347	1.5225195232945146e-08	chr19	4.024672545156898e-08
14526927.183673467	1.5548447619468138e-08	chr19	4.1101220244765704e-08
15732112.44897959	1.573625840166271e-08	chr19	4.159768474799082e-08
16937297.714285713	1.5262157259093848e-08	chr19	4.0344431950289045e-08
18142482.979591835	1.396548092626948e-08	chr19	3.6916759886432385e-08
19347668.244897958	1.2020324505972765e-08	chr19	3.1774876632374766e-08
20552853.51020408	9.782513572483666e-09	chr19	2.585938189653268e-08
21758038.775510203	7.611963369441226e-09	chr19	2.0121686138670264e-08
22963224.040816326	5.782790364514468e-09	chr19	1.5286396829971658e-08
24168409.30612245	4.515404191006483e-09	chr19	1.1936151228134244e-08
25373594.57142857	4.020541669843427e-09	chr19	1.0628017196301005e-08
26578779.836734693	4.432766894834929e-09	chr19	1.1717705387526578e-08
27783965.102040816	5.674319102986246e-09	chr19	1.4999660731332667e-08
28989150.367346935	7.420317767318523e-09	chr19	1.9615084560521503e-08
30194335.632653058	9.245161986683454e-09	chr19	2.4438931031123123e-08
31399520.89795918	1.081211103510217e-08	chr19	2.858104987974338e-08
32604706.163265303	1.1917440843202126e-08	chr19	3.1502910955374985e-08
33809891.428571425	1.241611131225859e-08	chr19	3.282111102781099e-08
35015076.69387755	1.2231387874862401e-08	chr19	3.233280770193526e-08
36220261.95918367	1.1489721117185194e-08	chr19	3.037226414790585e-08
37425447.22448979	1.0557508549873849e-08	chr19	2.7908026239291234e-08
38630632.489795916	9.841245353454326e-09	chr19	2.6014635200535832e-08
39835817.75510204	9.552410091221557e-09	chr19	2.5251119638209247e-08
41041003.02040816	9.694910203175387e-09	chr19	2.562780859325224e-08
42246188.28571428	1.0217516390046553e-08	chr19	2.7009281040763607e-08
43451373.551020406	1.1094305378918458e-08	chr19	2.932701064450152e-08
44656558.81632653	1.229295827273845e-08	chr19	3.24955646887159e-08
45861744.08163265	1.378346920385022e-08	chr19	3.6435624787072605e-08
47066929.346938774	1.5629408548807355e-08	chr19	4.13152347283612e-08
48272114.6122449	1.801924778733416e-08	chr19	4.7632605522940463e-08
49477299.87755102	2.112326586687112e-08	chr19	5.583785751035059e-08
50682485.14285714	2.4833232706778733e-08	chr19	6.564489213655311e-08
51887670.408163264	2.8558929352548753e-08	chr19	7.549350739067304e-08
53092855.67346939	3.126177523530284e-08	chr19	8.26382890842254e-08
54298040.93877551	3.181425370920244e-08	chr19	8.409872680714044e-08
55503226.20408163	2.9566394751150384e-08	chr19	7.815667082990021e-08
56708411.469387755	2.4770303435241382e-08	chr19	6.547854306347518e-08
57913596.73469387	1.8528061379031632e-08	chr19	4.897761822180971e-08
59118782.0	1.2272828606916372e-08	chr19	3.244235334256384e-08
11007.0	4.290904019837288e-09	chr1	1.1342700923252403e-08
5097323.959183673	5.817510805102427e-09	chr1	1.5378177855996032e-08
10183640.918367347	6.693440097963867e-09	chr1	1.7693634914208217e-08
15269957.87755102	6.73007349476377e-09	chr1	1.7790472704516068e-08
20356274.836734693	6.084389671001355e-09	chr1	1.6083653239419572e-08
25442591.795918368	5.164622174957056e-09	chr1	1.3652312995422498e-08
30528908.75510204	4.373499749564633e-09	chr1	1.156103688590826e-08
35615225.71428572	3.8538257455534675e-09	chr1	1.018731545614968e-08
40701542.67346939	3.5419418673432217e-09	chr1	9.362872509635804e-09
45787859.63265306	3.4084326982490973e-09	chr1	9.009950475363871e-09
50874176.591836736	3.4798974627097624e-09	chr1	9.198862519557939e-09
55960493.551020406	3.6574954123896212e-09	chr1	9.668330123235044e-09
61046810.51020408	3.7202715900033545e-09	chr1	9.834274503366984e-09
66133127.469387755	3.567066705989886e-09	chr1	9.429288241424858e-09
71219444.42857143	3.3323551856125924e-09	chr1	8.808844958011015e-09
76305761.3877551	3.2067695096037405e-09	chr1	8.476868116621097e-09
81392078.34693877	3.220746660706478e-09	chr1	8.51381572579262e-09
86478395.30612245	3.261805443847147e-09	chr1	8.62235171151596e-09
91564712.26530612	3.2550691235431283e-09	chr1	8.604544725813536e-09
96651029.2244898	3.2489788414009953e-09	chr1	8.588445496243945e-09
101737346.18367347	3.3111905089644927e-09	chr1	8.752897634032921e-09
106823663.14285713	3.375980458023549e-09	chr1	8.924165276378719e-09
111909980.10204081	3.2370179227137115e-09	chr1	8.556827654686551e-09
116996297.06122449	2.739012858718683e-09	chr1	7.240386533410904e-09
122082614.02040815	1.9920889539910827e-09	chr1	5.265946083429851e-09
127168930.97959183	1.3622701913882294e-09	chr1	3.6010647840508993e-09
132255247.93877551	1.2201876134512434e-09	chr1	3.2254795506144626e-09
137341564.89795917	1.6679086129047033e-09	chr1	4.408998308056355e-09
142427881.85714287	2.4677993703320716e-09	chr1	6.523452882390209e-09
147514198.81632653	3.2504900025491345e-09	chr1	8.592440143728703e-09
152600515.7755102	3.805705235123578e-09	chr1	1.0060112294401688e-08
157686832.73469388	4.118600114261145e-09	chr1	1.0887227750274598e-08
162773149.69387755	4.1867568043230055e-09	chr1	1.1067395134051179e-08
167859466.6530612	3.9805580093150454e-09	chr1	1.0522323221070236e-08
172945783.6122449	3.573189540057567e-09	chr1	9.445473519704524e-09
178032100.57142857	3.1470389458830356e-09	chr1	8.318974601145326e-09
183118417.53061223	2.861273233277687e-09	chr1	7.563573175893807e-09
188204734.48979592	2.8007807929462746e-09	chr1	7.403665693548646e-09
193291051.4489796	2.9981523206341307e-09	chr1	7.925403350457056e-09
198377368.40816325	3.385745968346279e-09	chr1	8.949979711388584e-09
203463685.36734694	3.765333098477007e-09	chr1	9.953391410061771e-09
208550002.3265306	3.950087275044424e-09	chr1	1.0441775992759903e-08
213636319.28571427	3.952592720702085e-09	chr1	1.044839896093699e-08
218722636.24489796	3.996833769371604e-09	chr1	1.0565347040239037e-08
223808953.20408162	4.3410088733269335e-09	chr1	1.1475149555360932e-08
228895270.1632653	5.024615826231459e-09	chr1	1.3282216126881671e-08
233981587.12244898	5.71371651809443e-09	chr1	1.510380500830913e-08
239067904.08163264	5.852163162523931e-09	chr1	1.5469778908991076e-08
244154221.0408163	5.093119974400644e-09	chr1	1.34633019915603e-08
249240538.0	3.6321622156875493e-09	chr1	9.601363611681047e-09
61097.0	1.500946265118771e-08	chr20	3.9676451648434954e-08
1344811.3673469387	1.9070650968088434e-08	chr20	5.041191537790763e-08
2628525.7346938774	2.18462279946677e-08	chr20	5.774895669982762e-08
3912240.102040816	2.311799904618736e-08	chr20	6.11107934161811e-08
5195954.469387755	2.3124274487984847e-08	chr20	6.112738210218785e-08
6479668.8367346935	2.231045359224193e-08	chr20	5.897610419365628e-08
7763383.204081632	2.112179869530999e-08	chr20	5.5833979146224044e-08
9047097.57142857	1.9874609800038774e-08	chr20	5.2537123619169066e-08
10330811.93877551	1.8725693063737002e-08	chr20	4.950004358537134e-08
11614526.306122448	1.7757397388389824e-08	chr20	4.694042253582891e-08
12898240.673469387	1.7057167560326918e-08	chr20	4.508941457094808e-08
14181955.040816326	1.6654289099729154e-08	chr20	4.4024433889521874e-08
15465669.408163264	1.6395151694500787e-08	chr20	4.333942250918237e-08
16749383.775510203	1.5965350861077978e-08	chr20	4.220327444165594e-08
18033098.14285714	1.5089423030916037e-08	chr20	3.98878212499863e-08
19316812.51020408	1.3711687755164197e-08	chr20	3.624587561055427e-08
20600526.87755102	1.1988020764022948e-08	chr20	3.168948397806585e-08
21884241.244897958	1.013001160003324e-08	chr20	2.6777968324868684e-08
23167955.612244897	8.278166528498278e-09	chr20	2.1882747013575745e-08
24451669.979591835	6.519499386368977e-09	chr20	1.7233834960427528e-08
25735384.346938774	4.987040631458008e-09	chr20	1.3182888760322588e-08
27019098.714285713	3.8779941878619755e-09	chr20	1.0251203021944425e-08
28302813.08163265	3.3338167086711443e-09	chr20	8.812708390720986e-09
29586527.44897959	3.317218574070804e-09	chr20	8.768832397274112e-09
30870241.81632653	3.6462312926096794e-09	chr20	9.638554220246559e-09
32153956.183673467	4.163350757734531e-09	chr20	1.1005522907354565e-08
33437670.551020406	4.858364824627523e-09	chr20	1.2842743376928127e-08
34721384.91836734	5.824728890281299e-09	chr20	1.539725835302976e-08
36005099.28571428	7.1223610703169076e-09	chr20	1.8827457131302608e-08
37288813.653061226	8.693992220383283e-09	chr20	2.2981952784073254e-08
38572528.02040816	1.0376875779334197e-08	chr20	2.7430536301577025e-08
39856242.387755096	1.1958159713011804e-08	chr20	3.1610548404278244e-08
41139956.75510204	1.3247861425241469e-08	chr20	3.501978355248889e-08
42423671.12244898	1.4162304556038026e-08	chr20	3.743704921398958e-08
43707385.489795916	1.4760739037743621e-08	chr20	3.901896838924196e-08
44991099.85714285	1.5191977708384497e-08	chr20	4.0158917277636316e-08
46274814.22448979	1.561022754611269e-08	chr20	4.126453110600846e-08
47558528.591836736	1.6138776490188714e-08	chr20	4.266171281136447e-08
48842242.95918367	1.687094842898023e-08	chr20	4.459715748402926e-08
50125957.326530606	1.7866552506780223e-08	chr20	4.7228966361656885e-08
51409671.69387755	1.914629979747126e-08	chr20	5.0611887701435875e-08
52693386.06122449	2.0681692990253107e-08	chr20	5.467059088025517e-08
53977100.428571425	2.2355449272478768e-08	chr20	5.909504708806856e-08
55260814.79591836	2.3919425408956534e-08	chr20	6.32293072544947e-08
56544529.1632653	2.5008047439968983e-08	chr20	6.610700250452876e-08
57828243.530612245	2.519663475533944e-08	chr20	6.660551971821542e-08
59111957.89795918	2.4076282685403424e-08	chr20	6.364394835719651e-08
60395672.265306115	2.1403042753565896e-08	chr20	5.6577427898396196e-08
61679386.63265306	1.7332682662176383e-08	chr20	4.5817719232546265e-08
62963101.0	1.2534307058924049e-08	chr20	3.313355311428713e-08
9411244.0	1.8808171762493593e-08	chr21	4.971807018494336e-08
10201211.122448979	1.9894447509427544e-08	chr21	5.2589563199164094e-08
10991178.24489796	1.76017737806631e-08	chr21	4.6529042549028664e-08
11781145.367346939	1.379742854986746e-08	chr21	3.647252532976145e-08
12571112.48979592	1.1223468079489381e-08	chr21	2.9668443097020266e-08
13361079.612244898	1.1673347220355045e-08	chr21	3.0857666748460147e-08
14151046.734693877	1.5065728710186576e-08	chr21	3.982518699101164e-08
14941013.857142858	1.983503041658273e-08	chr21	5.243249832175082e-08
15730980.979591837	2.4135710353333106e-08	chr21	6.380104118909778e-08
16520948.102040816	2.695310063846779e-08	chr21	7.124861289907309e-08
17310915.224489797	2.835169757983112e-08	chr21	7.494570487426516e-08
18100882.346938774	2.8880896256556515e-08	chr21	7.634460410187005e-08
18890849.469387755	2.8918571121024562e-08	chr21	7.644419493820885e-08
19680816.591836736	2.8549873345866594e-08	chr21	7.546956847829471e-08
20470783.714285716	2.778728262414872e-08	chr21	7.34537139070193e-08
21260750.836734697	2.666077641403608e-08	chr21	7.047587451223863e-08
22050717.959183674	2.515702741104975e-08	chr21	6.650082050831342e-08
22840685.08163265	2.3295944846458044e-08	chr21	6.15811805382626e-08
23630652.204081632	2.1331178815324336e-08	chr21	5.638746066657916e-08
24420619.326530613	1.9767787929120505e-08	chr21	5.225474756780865e-08
25210586.448979594	1.9124309973028998e-08	chr21	5.055375915769537e-08
26000553.571428575	1.9649971474712556e-08	chr21	5.194330811355629e-08
26790520.69387755	2.110425954179321e-08	chr21	5.578761563590824e-08
27580487.816326533	2.265993429439303e-08	chr21	5.989993168190163e-08
28370454.93877551	2.320621088672401e-08	chr21	6.134397517006587e-08
29160422.06122449	2.2119970393142675e-08	chr21	5.8472575345586376e-08
29950389.18367347	1.986377742341682e-08	chr21	5.250848899864556e-08
30740356.306122452	1.7691578997979114e-08	chr21	4.676643628159737e-08
31530323.42857143	1.668781951071082e-08	chr21	4.411306915655197e-08
32320290.55102041	1.7091533908522406e-08	chr21	4.5180259578807416e-08
33110257.67346939	1.8423892658356536e-08	chr21	4.870225558523873e-08
33900224.79591837	2.0046186303035327e-08	chr21	5.2990673954937526e-08
34690191.91836735	2.1530192928393936e-08	chr21	5.6913540381627275e-08
35480159.04081633	2.268471699052549e-08	chr21	5.996544298418264e-08
36270126.1632653	2.3505460761118934e-08	chr21	6.213502102214978e-08
37060093.28571428	2.422223103831636e-08	chr21	6.40297524930335e-08
37850060.408163264	2.530006832863914e-08	chr21	6.687893904475777e-08
38640027.530612245	2.7239101985426367e-08	chr21	7.200463720705132e-08
39429994.653061226	3.0282045444782537e-08	chr21	8.004844276091055e-08
40219961.77551021	3.4237061520272445e-08	chr21	9.050324768862334e-08
41009928.89795919	3.8468762626529534e-08	chr21	1.0168944990218173e-07
41799896.02040817	4.201181877847654e-08	chr21	1.1105526794426145e-07
42589863.14285715	4.383766303207239e-08	chr21	1.1588175793453674e-07
43379830.26530612	4.329712359377077e-08	chr21	1.1445288020678216e-07
44169797.3877551	4.0493152674183334e-08	chr21	1.0704078163936109e-07
44959764.510204084	3.616421460337175e-08	chr21	9.55975403956758e-08
45749731.632653065	3.107251960476824e-08	chr21	8.213800522672796e-08
46539698.755102046	2.553272582737091e-08	chr21	6.749395266740378e-08
47329665.87755102	1.960670838043857e-08	chr21	5.182894518744663e-08
48119633.0	1.362998608018516e-08	chr21	3.602990301831457e-08
16050606.0	1.8899042785529044e-08	chr22	4.9958281299458145e-08
16768843.346938776	2.6970288749415608e-08	chr22	7.129404845321634e-08
17487080.69387755	3.444555496969814e-08	chr22	9.105438535806545e-08
18205318.040816326	3.9906476902980704e-08	chr22	1.0548994578264989e-07
18923555.387755103	4.2806033250821246e-08	chr22	1.1315471766093591e-07
19641792.734693877	4.367232210376785e-08	chr22	1.1544469089890485e-07
20360030.08163265	4.341283816218479e-08	chr22	1.147587634742511e-07
21078267.42857143	4.241775056545073e-08	chr22	1.1212831987774754e-07
21796504.775510203	4.046836915919053e-08	chr22	1.0697526817248075e-07
22514742.12244898	3.746593247475549e-08	chr22	9.903853940970605e-08
23232979.469387755	3.4028531108996384e-08	chr22	8.995201231314718e-08
23951216.81632653	3.129964991914377e-08	chr22	8.273840812892655e-08
24669454.163265307	3.021882123449266e-08	chr22	7.988131403812592e-08
25387691.510204084	3.085506149330503e-08	chr22	8.156317010800722e-08
26105928.85714286	3.2200649584071015e-08	chr22	8.512013694037824e-08
26824166.204081632	3.259305213787929e-08	chr22	8.615742530404025e-08
27542403.551020406	3.066816947961834e-08	chr22	8.106913430427164e-08
28260640.897959184	2.6294694121469008e-08	chr22	6.950816189534248e-08
28978878.24489796	2.073009484625263e-08	chr22	5.479853775909348e-08
29697115.591836736	1.5811623803046806e-08	chr22	4.1796907849674896e-08
30415352.93877551	1.2883433973256521e-08	chr22	3.4056445389486836e-08
31133590.285714284	1.2277326349716722e-08	chr22	3.2454242807156434e-08
31851827.63265306	1.3464441007257705e-08	chr22	3.559229634082815e-08
32570064.97959184	1.550511013437854e-08	chr22	4.0986660671802833e-08
33288302.326530613	1.753858799787768e-08	chr22	4.6362015406630875e-08
34006539.67346939	1.9176829857724692e-08	chr22	5.0692591753780696e-08
34724777.02040817	2.055458474684321e-08	chr22	5.433458923975866e-08
35443014.36734694	2.1919994603810267e-08	chr22	5.7943953507437025e-08
36161251.71428572	2.312921262768199e-08	chr22	6.114043572479114e-08
36879489.06122449	2.3598686547387125e-08	chr22	6.23814567865217e-08
37597726.408163264	2.2790747588495652e-08	chr22	6.02457273615374e-08
38315963.75510204	2.0700635790889285e-08	chr22	5.472066483233418e-08
39034201.10204081	1.7856805226306087e-08	chr22	4.720320011596086e-08
39752438.44897959	1.497957540122601e-08	chr22	3.959744681957679e-08
40470675.79591837	1.2778883281397179e-08	chr22	3.3780073039138946e-08
41188913.14285714	1.1983183497120928e-08	chr22	3.167669700555332e-08
41907150.48979592	1.3258039247432453e-08	chr22	3.504668790472531e-08
42625387.8367347	1.6845253750423196e-08	chr22	4.4529235420789405e-08
43343625.18367347	2.2196441768327854e-08	chr22	5.8674722010695933e-08
44061862.530612245	2.8001563096828066e-08	chr22	7.402014916263407e-08
44780099.87755102	3.2766299010429116e-08	chr22	8.661539114343836e-08
45498337.22448979	3.5656014979408834e-08	chr22	9.425415067703576e-08
46216574.57142857	3.6954316343413325e-08	chr22	9.76861183957432e-08
46934811.91836734	3.7635707137017475e-08	chr22	9.948732670708701e-08
47653049.26530612	3.831633238333382e-08	chr22	1.0128651134838646e-07
48371286.6122449	3.850769803434431e-08	chr22	1.0179237289559434e-07
49089523.95918368	3.690535043140677e-08	chr22	9.755668047479298e-08
49807761.30612245	3.251574290738917e-08	chr22	8.595306382776339e-08
50525998.653061226	2.562519930854954e-08	chr22	6.773839976654467e-08
51244236.0	1.7752382531778043e-08	chr22	4.692716611749434e-08
10180.0	3.8521063793779815e-09	chr2	1.0182770433418822e-08
4972951.693877551	5.299428929124467e-09	chr2	1.4008665103949348e-08
9935723.387755102	5.98443372375737e-09	chr2	1.581942677109323e-08
14898495.081632651	5.849403561888363e-09	chr2	1.5462484100127456e-08
19861266.775510203	5.339459972871608e-09	chr2	1.4114484333363541e-08
24824038.469387755	4.957547476712607e-09	chr2	1.3104925694261519e-08
29786810.163265303	4.905142950560797e-09	chr2	1.2966398040318032e-08
34749581.85714286	5.06030794723154e-09	chr2	1.3376565721267565e-08
39712353.551020406	5.177094930608619e-09	chr2	1.3685283841750084e-08
44675125.244897954	5.075940484514146e-09	chr2	1.3417889226582168e-08
49637896.93877551	4.7436466186055535e-09	chr2	1.2539493922886833e-08
54600668.63265306	4.348563767300131e-09	chr2	1.1495120382591905e-08
59563440.326530606	4.112220472777443e-09	chr2	1.0870363619776068e-08
64526212.02040816	4.104669514714216e-09	chr2	1.0850403196844386e-08
69488983.71428572	4.182480771829766e-09	chr2	1.1056091744955385e-08
74451755.40816326	4.1251915235238804e-09	chr2	1.0904651673901023e-08
79414527.10204081	3.8133621624878915e-09	chr2	1.0080352839676752e-08
84377298.79591836	3.3036054969878993e-09	chr2	8.732847191992727e-09
89340070.48979591	2.780875893319167e-09	chr2	7.351048500916544e-09
94302842.18367347	2.450709013341767e-09	chr2	6.478275733911369e-09
99265613.87755102	2.4186466297797435e-09	chr2	6.3935210934091965e-09
104228385.57142857	2.6175899805379265e-09	chr2	6.919413753297995e-09
109191157.26530612	2.887912605992136e-09	chr2	7.633992471241852e-09
114153928.95918366	3.1381061788315362e-09	chr2	8.295361464003638e-09
119116700.65306121	3.367846039543862e-09	chr2	8.902662517152897e-09
124079472.34693877	3.5616597362554633e-09	chr2	9.414995299817425e-09
129042244.04081632	3.642511988464055e-09	chr2	9.6287225031139e-09
134005015.73469387	3.539844526444948e-09	chr2	9.357328337490902e-09
138967787.42857143	3.2823564455330062e-09	chr2	8.676676829187736e-09
143930559.12244898	3.004839702784188e-09	chr2	7.943080971614956e-09
148893330.81632653	2.8454999383760276e-09	chr2	7.52187758778075e-09
153856102.51020408	2.859968903426852e-09	chr2	7.56012527229706e-09
158818874.20408162	3.0482178004791714e-09	chr2	8.057747901124248e-09
163781645.89795917	3.3755510995451627e-09	chr2	8.923030297645407e-09
168744417.59183672	3.694710989435974e-09	chr2	9.766706865798269e-09
173707189.28571427	3.767460774595758e-09	chr2	9.959015771213865e-09
178669960.97959182	3.4994242143180245e-09	chr2	9.250480104680141e-09
183632732.67346936	3.0790988514095636e-09	chr2	8.139379772468798e-09
188595504.36734694	2.7928854695895953e-09	chr2	7.382794965349376e-09
193558276.0612245	2.778067382633586e-09	chr2	7.343624401799195e-09
198521047.75510204	2.9989071555309666e-09	chr2	7.927398703054472e-09
203483819.4489796	3.350538634561161e-09	chr2	8.856911617676048e-09
208446591.14285713	3.727767363314461e-09	chr2	9.85408904931425e-09
213409362.83673468	4.073717831419073e-09	chr2	1.0768584613845333e-08
218372134.53061223	4.407941331327222e-09	chr2	1.1652080768374691e-08
223334906.22448978	4.7757378533979984e-09	chr2	1.2624324829573573e-08
228297677.91836733	5.119884588504388e-09	chr2	1.3534052353652188e-08
233260449.61224487	5.1819963614897895e-09	chr2	1.3698240427197834e-08
238223221.30612242	4.638204343548745e-09	chr2	1.2260764735492415e-08
243185993.0	3.4595817746286186e-09	chr2	9.145159436736889e-09
60196.0	5.6624296573642535e-09	chr3	1.4968231823762123e-08
4099016.0816326533	7.406986502668434e-09	chr3	1.9579844306450188e-08
8137836.1632653065	8.127557199769158e-09	chr3	2.148462191822789e-08
12176656.24489796	7.854568365983474e-09	chr3	2.076299526736286e-08
16215476.326530613	7.128898167203485e-09	chr3	1.8844737484008698e-08
20254296.408163264	6.4618733481691155e-09	chr3	1.7081504609137657e-08
24293116.48979592	5.99707830973982e-09	chr3	1.585285183873264e-08
28331936.571428575	5.592467224440727e-09	chr3	1.4783291086601387e-08
32370756.653061226	5.0909895677009826e-09	chr3	1.3457670412310929e-08
36409576.73469388	4.482824304842046e-09	chr3	1.1850028606148673e-08
40448396.81632653	3.897390871158772e-09	chr3	1.0302476780695838e-08
44487216.89795919	3.5425243386049787e-09	chr3	9.36441223116953e-09
48526036.97959184	3.628918858190423e-09	chr3	9.592790025810328e-09
52564857.06122449	4.2232338355286134e-09	chr3	1.116381958298328e-08
56603677.14285715	5.119535190114402e-09	chr3	1.3533128743750321e-08
60642497.2244898	5.922068840007594e-09	chr3	1.5654569617165575e-08
64681317.30612245	6.296053126776612e-09	chr3	1.6643170596168056e-08
68720137.38775511	6.116582791783266e-09	chr3	1.6168753474504583e-08
72758957.46938775	5.424202048763724e-09	chr3	1.433849401011606e-08
76797777.55102041	4.367971184378851e-09	chr3	1.1546422515335739e-08
80836597.63265306	3.2094178827392855e-09	chr3	8.4838689034648e-09
84875417.71428572	2.2561808461641317e-09	chr3	5.964054299163912e-09
88914237.79591838	1.7253990076452964e-09	chr3	4.560970095467018e-09
92953057.87755102	1.6773461050122215e-09	chr3	4.43394565014237e-09
96991877.95918368	2.0333191281810673e-09	chr3	5.374935129255287e-09
101030698.04081634	2.6179552260742537e-09	chr3	6.9203792540090245e-09
105069518.12244898	3.231681561025952e-09	chr3	8.542721360450483e-09
109108338.20408164	3.7339207829691446e-09	chr3	9.870355178427291e-09
113147158.2857143	4.067229747574215e-09	chr3	1.0751433823644249e-08
117185978.36734694	4.228450957401828e-09	chr3	1.1177610675213368e-08
121224798.4489796	4.249891400319976e-09	chr3	1.1234286967798408e-08
125263618.53061225	4.193297252528762e-09	chr3	1.10846843457322e-08
129302438.6122449	4.132703290165581e-09	chr3	1.0924508497085175e-08
133341258.69387756	4.132476392075544e-09	chr3	1.092390870805157e-08
137380078.77551022	4.2177836728529e-09	chr3	1.1149412463894182e-08
141418898.85714287	4.337255745949132e-09	chr3	1.1465228428909147e-08
145457718.9387755	4.364418100722736e-09	chr3	1.1537030190296472e-08
149496539.02040818	4.184372171348939e-09	chr3	1.1061091525648027e-08
153535359.10204083	3.823679560599777e-09	chr3	1.010762615097624e-08
157574179.18367347	3.4949260636468613e-09	chr3	9.238589561909933e-09
161612999.26530612	3.470000172135713e-09	chr3	9.172699732785508e-09
165651819.3469388	3.857135082302549e-09	chr3	1.0196063453500735e-08
169690639.42857143	4.494611637237382e-09	chr3	1.1881187584635525e-08
173729459.51020408	5.124431952464772e-09	chr3	1.3546072988267493e-08
177768279.59183675	5.681077251704596e-09	chr3	1.5017525418902632e-08
181807099.6734694	6.283061459826291e-09	chr3	1.6608828044568036e-08
185845919.75510204	6.878579396069484e-09	chr3	1.8183037538420844e-08
189884739.8367347	7.053625479041474e-09	chr3	1.8645759463161867e-08
193923559.91836736	6.356945592427359e-09	chr3	1.6804135517117753e-08
197962380.0	4.8043711927229385e-09	chr3	1.2700015034457045e-08
10455.0	5.606392358877751e-09	chr4	1.4820101193400568e-08
3909096.326530612	7.662986728154433e-09	chr4	2.0256562774294866e-08
7807737.653061224	8.685071691044932e-09	chr4	2.2958371996459683e-08
11706378.979591835	8.492297497229692e-09	chr4	2.244878706609103e-08
15605020.306122448	7.617540328009295e-09	chr4	2.0136428433721967e-08
19503661.63265306	6.72768923922044e-09	chr4	1.778417009382434e-08
23402302.95918367	6.115702520041912e-09	chr4	1.616642653849128e-08
27300944.285714284	5.728108076546854e-09	chr4	1.5141848073963984e-08
31199585.612244897	5.4495358171861456e-09	chr4	1.4405462032972315e-08
35098226.93877551	5.215616559582561e-09	chr4	1.378711304009801e-08
38996868.26530612	4.9619665361495275e-09	chr4	1.311660716495472e-08
42895509.591836736	4.65566988486513e-09	chr4	1.23069336571692e-08
46794150.91836734	4.377852132204016e-09	chr4	1.1572542101208777e-08
50692792.244897954	4.2455507387593206e-09	chr4	1.1222812736339499e-08
54591433.57142857	4.24331079737479e-09	chr4	1.1216891609907194e-08
58490074.89795918	4.226288542970708e-09	chr4	1.1171894485792462e-08
62388716.22448979	4.095680314013425e-09	chr4	1.082664088134705e-08
66287357.551020406	3.895440867741284e-09	chr4	1.0297322084747937e-08
70185998.87755102	3.730719970164375e-09	chr4	9.861894056438085e-09
74084640.20408162	3.6541302304357754e-09	chr4	9.65943450303978e-09
77983281.53061225	3.641805509331739e-09	chr4	9.62685497555576e-09
81881922.85714285	3.6392408252769944e-09	chr4	9.620075414870853e-09
85780564.18367347	3.6151197952141432e-09	chr4	9.556313179990083e-09
89679205.51020408	3.580447433143576e-09	chr4	9.464659246121837e-09
93577846.83673468	3.5651204490215127e-09	chr4	9.424143448949893e-09
97476488.1632653	3.590091838676968e-09	chr4	9.49015354919692e-09
101375129.48979591	3.6614460239774786e-09	chr4	9.678773285211596e-09
105273770.81632653	3.759240539180188e-09	chr4	9.93728616099502e-09
109172412.14285713	3.824819326992004e-09	chr4	1.0110639042723441e-08
113071053.46938775	3.802691731004921e-09	chr4	1.0052146309660267e-08
116969694.79591836	3.708118473059241e-09	chr4	9.802148599327858e-09
120868336.12244898	3.6178577088650694e-09	chr4	9.563550660845533e-09
124766977.44897959	3.598285946362802e-09	chr4	9.511814092612398e-09
128665618.77551019	3.6730784767648414e-09	chr4	9.709522850422312e-09
132564260.10204081	3.827985847859121e-09	chr4	1.0119009516403788e-08
136462901.42857143	4.0004933789169715e-09	chr4	1.0575020958923091e-08
140361542.75510204	4.105863014955762e-09	chr4	1.0853558130217191e-08
144260184.08163264	4.130954297342391e-09	chr4	1.0919885158409072e-08
148158825.40816325	4.1650993028973165e-09	chr4	1.1010145062672089e-08
152057466.73469388	4.289342110566177e-09	chr4	1.1338572126698215e-08
155956108.0612245	4.481349982535586e-09	chr4	1.1846131339533211e-08
159854749.3877551	4.676048941093285e-09	chr4	1.236080424919956e-08
163753390.7142857	4.885914795594655e-09	chr4	1.2915569774274651e-08
167652032.0408163	5.235641575387019e-09	chr4	1.384004775133911e-08
171550673.36734694	5.873550263801502e-09	chr4	1.552631419672655e-08
175449314.69387755	6.783931234579379e-09	chr4	1.7932841825872918e-08
179347956.02040815	7.62958554613252e-09	chr4	2.0168269114868747e-08
183246597.34693876	7.844868925852125e-09	chr4	2.073735548422526e-08
187145238.67346936	7.0236507401621235e-09	chr4	1.8566523363545277e-08
191043880.0	5.295142647201422e-09	chr4	1.3997334621211657e-08
10042.0	5.8333099567517124e-09	chr5	1.5419941794590434e-08
3701171.7551020407	7.567986436202479e-09	chr5	2.000543622980657e-08
7392301.510204081	8.281551539828009e-09	chr5	2.1891695051321975e-08
11083431.265306123	7.94335200573009e-09	chr5	2.0997688531968167e-08
14774561.020408163	7.00670753509146e-09	chr5	1.852173520074569e-08
18465690.775510203	6.0220605186152046e-09	chr5	1.5918890538821404e-08
22156820.530612245	5.372024069756624e-09	chr5	1.4200565217507057e-08
25847950.285714284	5.169168849111344e-09	chr5	1.3664331806584236e-08
29539080.040816326	5.2180647303465914e-09	chr5	1.3793584606149609e-08
33230209.795918368	5.129422410970379e-09	chr5	1.3559264911936098e-08
36921339.551020406	4.634883343977055e-09	chr5	1.2251985908295677e-08
40612469.306122445	3.850809051298783e-09	chr5	1.0179341038509578e-08
44303599.06122449	3.1956973356876355e-09	chr5	8.44759960893134e-09
47994728.81632653	3.015855719714475e-09	chr5	7.972201032289367e-09
51685858.57142857	3.290908625920824e-09	chr5	8.69928391243459e-09
55376988.32653061	3.711770930821763e-09	chr5	9.811803612780401e-09
59068118.08163265	4.017477990234438e-09	chr5	1.0619918576203986e-08
62759247.83673469	4.2020173411702e-09	chr5	1.1107735282557358e-08
66450377.591836736	4.410202521513097e-09	chr5	1.1658058064508652e-08
70141507.34693877	4.711467096246583e-09	chr5	1.2454429634269919e-08
73832637.10204081	4.988702382600011e-09	chr5	1.3187281481792348e-08
77523766.85714285	5.016451062181176e-09	chr5	1.3260633151288848e-08
81214896.61224489	4.66894744409911e-09	chr5	1.2342031944776086e-08
84906026.36734694	4.072379500291878e-09	chr5	1.076504683028227e-08
88597156.12244898	3.523870691579299e-09	chr5	9.315102636183943e-09
92288285.87755102	3.2557321096764417e-09	chr5	8.606297282708696e-09
95979415.63265306	3.3116238452850306e-09	chr5	8.754043127910277e-09
99670545.3877551	3.622328428589174e-09	chr5	9.575368691849668e-09
103361675.14285713	4.1027594736451256e-09	chr5	1.0845354138534607e-08
107052804.89795919	4.650298715184934e-09	chr5	1.2292735350469991e-08
110743934.65306123	5.131457710318627e-09	chr5	1.3564645081636875e-08
114435064.40816326	5.4286756454531554e-09	chr5	1.4350319646174309e-08
118126194.1632653	5.4896145467832594e-09	chr5	1.451140731655412e-08
121817323.91836734	5.3274785882006034e-09	chr5	1.4082812391427447e-08
125508453.67346938	5.008198835941828e-09	chr5	1.3238818975592725e-08
129199583.42857142	4.654833899135733e-09	chr5	1.2304723788092467e-08
132890713.18367347	4.420527632923e-09	chr5	1.1685351765365244e-08
136581842.9387755	4.40715929790967e-09	chr5	1.1650013518413778e-08
140272972.69387755	4.59852709051357e-09	chr5	1.2155880726772205e-08
143964102.4489796	4.867907854296667e-09	chr5	1.2867969700084834e-08
147655232.20408162	5.0683627094885906e-09	chr5	1.339785791490957e-08
151346361.95918366	5.169416437312053e-09	chr5	1.3664986288460266e-08
155037491.7142857	5.3280851643129705e-09	chr5	1.4084415832426816e-08
158728621.46938774	5.788151036972598e-09	chr5	1.5300567388007675e-08
162419751.22448978	6.653706441191183e-09	chr5	1.7588601806202036e-08
166110880.97959185	7.714983057280298e-09	chr5	2.039401138830606e-08
169802010.73469388	8.478941993684877e-09	chr5	2.2413482738217945e-08
173493140.48979592	8.417704676719585e-09	chr5	2.2251606227238316e-08
177184270.24489796	7.2995552135853676e-09	chr5	1.9295857301326055e-08
180875400.0	5.384539176964405e-09	chr5	1.4233648017174452e-08
63978.0	6.138629815627576e-09	chr6	1.6227033220813913e-08
3553558.1428571427	7.840316205265045e-09	chr6	2.0725320689746603e-08
7043138.285714285	8.62797965499893e-09	chr6	2.2807453242049064e-08
10532718.42857143	8.555981397562411e-09	chr6	2.261713094695174e-08
14022298.57142857	8.055201599229726e-09	chr6	2.1293355011942666e-08
17511878.714285713	7.525688992768297e-09	chr6	1.989362593331098e-08
21001458.85714286	7.159671883867316e-09	chr6	1.892608562482029e-08
24491039.0	7.0345150672461755e-09	chr6	1.8595242442852826e-08
27980619.14285714	7.162382891785502e-09	chr6	1.8933251982276526e-08
31470199.285714284	7.403229699511226e-09	chr6	1.9569913463335838e-08
34959779.428571425	7.485402918801195e-09	chr6	1.9787132549569858e-08
38449359.57142857	7.204772600151067e-09	chr6	1.9045306174584635e-08
41938939.71428572	6.552767564904913e-09	chr6	1.732177703455689e-08
45428519.85714286	5.661198999518822e-09	chr6	1.49649786668947e-08
48918100.0	4.6966735476343255e-09	chr6	1.2415323936093806e-08
52407680.14285714	3.797731937420418e-09	chr6	1.0039035446539115e-08
55897260.28571428	3.0713444124437644e-09	chr6	8.118881462180326e-09
59386840.428571425	2.622251149595449e-09	chr6	6.931735223628669e-09
62876420.57142857	2.5198273491023965e-09	chr6	6.660985159995313e-09
66366000.71428571	2.703887977157044e-09	chr6	7.147536396312418e-09
69855580.85714285	2.9859473814109202e-09	chr6	7.893140457892846e-09
73345161.0	3.1944566864955907e-09	chr6	8.444320040646666e-09
76834741.14285713	3.3004487662218482e-09	chr6	8.724502597751277e-09
80324321.28571428	3.38935172340711e-09	chr6	8.95951126955638e-09
83813901.42857143	3.5346875828631222e-09	chr6	9.343696322312676e-09
87303481.57142857	3.7150438594584708e-09	chr6	9.820455367864573e-09
90793061.71428572	3.855595228411372e-09	chr6	1.0191992958781584e-08
94282641.85714285	3.942446848003803e-09	chr6	1.0421579064922078e-08
97772222.0	4.052763135600345e-09	chr6	1.0713192359320242e-08
101261802.14285713	4.233626689881145e-09	chr6	1.119129235751161e-08
104751382.28571428	4.389678857774168e-09	chr6	1.1603805212763695e-08
108240962.42857142	4.361651888110798e-09	chr6	1.152971790314153e-08
111730542.57142857	4.1212920213975095e-09	chr6	1.089434361616668e-08
115220122.71428572	3.8380125899804994e-09	chr6	1.014551449917469e-08
118709702.85714285	3.733341094166097e-09	chr6	9.868822812126127e-09
122199283.0	3.8992774511509265e-09	chr6	1.0307463821310095e-08
125688863.14285713	4.264800348784104e-09	chr6	1.1273697717311094e-08
129178443.28571428	4.683848038787927e-09	chr6	1.2381420611675297e-08
132668023.42857142	5.0222979432393016e-09	chr6	1.3276088967328908e-08
136157603.57142857	5.2255676132978004e-09	chr6	1.381341794592703e-08
139647183.7142857	5.379953124200042e-09	chr6	1.422152511144551e-08
143136763.85714287	5.67691740056718e-09	chr6	1.500652914699377e-08
146626344.0	6.240455675495283e-09	chr6	1.6496202670746335e-08
150115924.14285713	6.997512625995808e-09	chr6	1.8497429109673433e-08
153605504.28571427	7.761349355424421e-09	chr6	2.0516577414098237e-08
157095084.42857143	8.384262075890041e-09	chr6	2.216320308012723e-08
160584664.57142857	8.725519538669372e-09	chr6	2.306529301740825e-08
164074244.7142857	8.52141587748248e-09	chr6	2.2525759442319906e-08
167563824.85714287	7.493804775860206e-09	chr6	1.9809342263741908e-08
171053405.0	5.692575145298905e-09	chr6	1.5047919286415093e-08
16863.0	5.497424001456204e-09	chr7	1.4532051056968586e-08
3264040.612244898	7.532521814499669e-09	chr7	1.9911688013703027e-08
6511218.224489796	8.918676378590144e-09	chr7	2.357588944566043e-08
9758395.836734693	9.450303397090085e-09	chr7	2.4981207822787374e-08
13005573.448979592	9.327829088828389e-09	chr7	2.465745566171076e-08
16252751.06122449	8.900188520140737e-09	chr7	2.3527018101036183e-08
19499928.673469387	8.411850767426794e-09	chr7	2.223613183255761e-08
22747106.285714287	7.96036835425892e-09	chr7	2.1042670044319886e-08
25994283.897959184	7.574479439073499e-09	chr7	2.002260002310498e-08
29241461.51020408	7.252182859281194e-09	chr7	1.9170631837316965e-08
32488639.12244898	6.956629609999039e-09	chr7	1.8389357751948335e-08
35735816.73469388	6.640588005439176e-09	chr7	1.755392415025168e-08
38982994.346938774	6.286495535761856e-09	chr7	1.6617905781125363e-08
42230171.95918367	5.905212804418758e-09	chr7	1.5610011880718437e-08
45477349.571428575	5.494511783342962e-09	chr7	1.4524352814610082e-08
48724527.18367347	5.0194942724723405e-09	chr7	1.32686776621937e-08
51971704.79591837	4.458603585846728e-09	chr7	1.1786002850634231e-08
55218882.408163264	3.876437694075505e-09	chr7	1.0247088540840392e-08
58466060.02040816	3.436696040542815e-09	chr7	9.084662619296028e-09
61713237.632653065	3.3143208356764624e-09	chr7	8.761172431027166e-09
64960415.24489796	3.5699673587952e-09	chr7	9.43695591171083e-09
68207592.85714285	4.0970662144937055e-09	chr7	1.0830304411126447e-08
71454770.46938775	4.66998369531306e-09	chr7	1.2344771201479767e-08
74701948.08163266	5.037610757330433e-09	chr7	1.331656730702751e-08
77949125.69387755	5.035761716326316e-09	chr7	1.3311679498069869e-08
81196303.30612245	4.700108688350234e-09	chr7	1.2424404487322568e-08
84443480.91836734	4.27153902749285e-09	chr7	1.1291510937289409e-08
87690658.53061225	4.022721650639712e-09	chr7	1.0633779821164292e-08
90937836.14285715	4.061497554301388e-09	chr7	1.0736281176643203e-08
94185013.75510204	4.3189006000588335e-09	chr7	1.1416707900537084e-08
97432191.36734694	4.67185489278823e-09	chr7	1.2349717579499661e-08
100679368.97959183	4.999033926543241e-09	chr7	1.3214592186595282e-08
103926546.59183674	5.151514093097523e-09	chr7	1.3617662709253703e-08
107173724.20408164	4.989921195640722e-09	chr7	1.319050332775726e-08
110420901.81632653	4.513276461131389e-09	chr7	1.1930526724881063e-08
113668079.42857143	3.918840075571273e-09	chr7	1.0359176233670771e-08
116915257.04081632	3.497775966016866e-09	chr7	9.246123077013974e-09
120162434.65306123	3.4675965953224037e-09	chr7	9.166346047684795e-09
123409612.26530613	3.8764480187488096e-09	chr7	1.024711583338315e-08
126656789.87755102	4.60404694855105e-09	chr7	1.2170472080614773e-08
129903967.48979592	5.429741395116578e-09	chr7	1.4353136879940286e-08
133151145.10204081	6.144230859843209e-09	chr7	1.6241839184569368e-08
136398322.7142857	6.662426035691191e-09	chr7	1.7611651436799314e-08
139645500.3265306	7.089021874082485e-09	chr7	1.87393273269163e-08
142892677.9387755	7.670879989384198e-09	chr7	2.0277428051407668e-08
146139855.5510204	8.548614560365784e-09	chr7	2.2597657234492705e-08
149387033.16326532	9.430184600916794e-09	chr7	2.492802520978216e-08
152634210.7755102	9.609151283646752e-09	chr7	2.5401110962352664e-08
155881388.3877551	8.520475050581814e-09	chr7	2.2523272433031076e-08
159128566.0	6.32641139240619e-09	chr7	1.672342052159007e-08
11739.0	9.688893317011359e-09	chr8	2.5611903380753354e-08
2997291.0	1.3064580409699874e-08	chr8	3.453529316664309e-08
5982843.0	1.5081448792372943e-08	chr8	3.9866741915079997e-08
8968395.0	1.537224902740124e-08	chr8	4.0635451743845304e-08
11953947.0	1.4408472806459259e-08	chr8	3.8087777551985407e-08
14939499.0	1.2952164482311529e-08	chr8	3.423812962313777e-08
17925051.0	1.1471844754879938e-08	chr8	3.0325009250036584e-08
20910603.0	1.005661175820281e-08	chr8	2.658394104067691e-08
23896155.0	8.676109450390605e-09	chr8	2.2934680947936042e-08
26881707.0	7.360375492977717e-09	chr8	1.9456631403013427e-08
29867259.0	6.189112707240333e-09	chr8	1.636048116993075e-08
32852811.0	5.229018955665502e-09	chr8	1.3822541325075014e-08
35838363.0	4.4804424614097255e-09	chr8	1.184373237170159e-08
38823915.0	3.857901612496352e-09	chr8	1.0198089721787499e-08
41809467.0	3.2832185920030545e-09	chr8	8.67895585232985e-09
44795019.0	2.82320458874333e-09	chr8	7.462941409834588e-09
47780571.0	2.6561705503384423e-09	chr8	7.021398757547171e-09
50766123.0	2.8650169873974674e-09	chr8	7.573469524801762e-09
53751675.0	3.320416762757908e-09	chr8	8.777286582594092e-09
56737227.0	3.795662634908193e-09	chr8	1.0033565391882244e-08
59722779.0	4.162858062586929e-09	chr8	1.100422050262126e-08
62708331.0	4.461030245528452e-09	chr8	1.1792417553663024e-08
65693883.0	4.782692860252262e-09	chr8	1.2642709897685648e-08
68679435.0	5.1022439068020385e-09	chr8	1.348742046076738e-08
71664987.0	5.246988575465864e-09	chr8	1.3870042742528717e-08
74650539.0	5.069689784915096e-09	chr8	1.3401365944824912e-08
77636091.0	4.619740531698643e-09	chr8	1.2211956956350607e-08
80621643.0	4.108311658070865e-09	chr8	1.0860030944895402e-08
83607195.0	3.748693229090734e-09	chr8	9.90940509366366e-09
86592747.0	3.6673014492553807e-09	chr8	9.694251687291587e-09
89578299.0	3.8979804021737115e-09	chr8	1.030403516418718e-08
92563851.0	4.368619246004655e-09	chr8	1.1548135620352152e-08
95549403.0	4.893485174246925e-09	chr8	1.2935581534158231e-08
98534955.0	5.238743513211984e-09	chr8	1.3848247504320871e-08
101520507.0	5.238629422797484e-09	chr8	1.3847945914389262e-08
104506059.0	4.883648523151923e-09	chr8	1.290957904355458e-08
107491611.0	4.344984675038592e-09	chr8	1.1485659305645956e-08
110477163.0	3.924413199158522e-09	chr8	1.0373908391222242e-08
113462715.0	3.9197503362964184e-09	chr8	1.0361582443439102e-08
116448267.0	4.460686651578785e-09	chr8	1.179150928738811e-08
119433819.0	5.434507260020106e-09	chr8	1.4365735106326015e-08
122419371.0	6.561992678684596e-09	chr8	1.7346162969572486e-08
125404923.0	7.559017848270675e-09	chr8	1.998172840270439e-08
128390475.0	8.267198365515041e-09	chr8	2.1853753451421665e-08
131376027.0	8.669826886992274e-09	chr8	2.291807343648177e-08
134361579.0	8.785487708334164e-09	chr8	2.3223814627371546e-08
137347131.0	8.535615414382809e-09	chr8	2.256329491259948e-08
140332683.0	7.743523072043206e-09	chr8	2.046945489631842e-08
143318235.0	6.324754571832173e-09	chr8	1.671904083372763e-08
146303787.0	4.490215823465124e-09	chr8	1.1869567562210758e-08
10468.0	6.839731704996242e-09	chr9	1.8080346418002962e-08
2890798.897959184	8.989475340893642e-09	chr9	2.3763041488999693e-08
5771129.795918368	1.0264186957427064e-08	chr9	2.713265138073586e-08
8651460.693877552	1.0637616310002141e-08	chr9	2.81197854304934e-08
11531791.591836736	1.0442699802170732e-08	chr9	2.7604537444727382e-08
14412122.48979592	9.990634357433422e-09	chr9	2.6409534453822254e-08
17292453.387755103	9.418737193785573e-09	chr9	2.4897764799659758e-08
20172784.285714287	8.774865876372262e-09	chr9	2.319573656674751e-08
23053115.18367347	8.093789255729588e-09	chr9	2.1395358749379735e-08
25933446.081632655	7.414429740957386e-09	chr9	1.959951997978657e-08
28813776.97959184	6.83192630782585e-09	chr9	1.8059713403309168e-08
31694107.877551023	6.5196969075746624e-09	chr9	1.7234357093747627e-08
34574438.77551021	6.5813125709410275e-09	chr9	1.7397233736646523e-08
37454769.673469394	6.836558982162981e-09	chr9	1.8071959549864294e-08
40335100.571428575	6.832202230370763e-09	chr9	1.806044278501765e-08
43215431.469387755	6.159342850700766e-09	chr9	1.628178666227098e-08
46095762.36734694	4.799038162288234e-09	chr9	1.268591754615253e-08
48976093.26530613	3.1571975376369688e-09	chr9	8.345828119083175e-09
51856424.16326531	1.7721050569893694e-09	chr9	4.684434229497352e-09
54736755.06122449	1.008835033543715e-09	chr9	2.666783972208165e-09
57617085.95918368	9.948749749684063e-10	chr9	2.629881545922523e-09
60497416.857142866	1.7019779526708168e-09	chr9	4.499058195164795e-09
63377747.755102046	2.9513230881942656e-09	chr9	7.801613590636001e-09
66258078.653061226	4.383683316414207e-09	chr9	1.1587956423742866e-08
69138409.55102041	5.606837605110769e-09	chr9	1.4821278170288185e-08
72018740.4489796	6.4492172690344724e-09	chr9	1.7048049160164293e-08
74899071.34693879	6.990474677005441e-09	chr9	1.847882478989798e-08
77779402.24489796	7.334651612958696e-09	chr9	1.9388632147776658e-08
80659733.14285715	7.472074589370954e-09	chr9	1.975190005454436e-08
83540064.04081634	7.379596021861077e-09	chr9	1.9507439510047e-08
86420394.93877551	7.116496525440824e-09	chr9	1.8811954622210612e-08
89300725.8367347	6.760975475080319e-09	chr9	1.7872159901210846e-08
92181056.73469388	6.346114767875211e-09	chr9	1.6775504999380867e-08
95061387.63265307	5.9166042803703735e-09	chr9	1.5640124440728226e-08
97941718.53061226	5.582714023044708e-09	chr9	1.4757509189367647e-08
100822049.42857143	5.460171645021835e-09	chr9	1.443357709069761e-08
103702380.32653062	5.58333266154733e-09	chr9	1.4759144516441478e-08
106582711.22448981	5.894388570539093e-09	chr9	1.558139878495755e-08
109463042.12244898	6.278577512441057e-09	chr9	1.65969750471784e-08
112343373.02040817	6.596687690468477e-09	chr9	1.7437876776353978e-08
115223703.91836736	6.730060032914162e-09	chr9	1.779043711906991e-08
118104034.81632654	6.648038638519296e-09	chr9	1.7573619371194865e-08
120984365.71428573	6.466257333265728e-09	chr9	1.7093093363295984e-08
123864696.6122449	6.453097131665014e-09	chr9	1.705830530228215e-08
126745027.51020409	6.928205845834174e-09	chr9	1.831422154415981e-08
129625358.40816328	8.007967782569555e-09	chr9	2.116849576238519e-08
132505689.30612245	9.314331194328904e-09	chr9	2.4621774933432182e-08
135386020.20408165	9.99348578791799e-09	chr9	2.6417072008388932e-08
138266351.10204083	9.27253892272454e-09	chr9	2.4511300022895823e-08
141146682.0	7.157285145381196e-09	chr9	1.8919776450645124e-08
