pos	val	Chromosome	valScaled
60683.0	6.7640201797592346e-09	chr10	1.7885719361261807e-08
2825248.0816326533	9.487252279817625e-09	chr10	2.5086609335389256e-08
5589813.1632653065	1.1425673897015638e-08	chr10	3.0212268947221016e-08
8354378.24489796	1.2229972443989371e-08	chr10	3.2339030504924544e-08
11118943.326530613	1.2045587927273667e-08	chr10	3.1851472864217396e-08
13883508.408163266	1.1204319971565213e-08	chr10	2.962695517155146e-08
16648073.48979592	1.0018520357781436e-08	chr10	2.649141173034543e-08
19412638.571428575	8.808415354217795e-09	chr10	2.3291598909537376e-08
22177203.653061226	7.879300832521515e-09	chr10	2.083479346722656e-08
24941768.734693877	7.337151747760013e-09	chr10	1.9401219035999138e-08
27706333.816326533	6.9800134475101306e-09	chr10	1.845685825030219e-08
30470898.897959188	6.4696020879527736e-09	chr10	1.7107206106572493e-08
33235463.97959184	5.6548490175859085e-09	chr10	1.495280023875516e-08
36000029.06122449	4.734404637673558e-09	chr10	1.2518920766303773e-08
38764594.14285715	4.110180293680977e-09	chr10	1.0868319328341108e-08
41529159.2244898	4.0702202681479035e-09	chr10	1.076265527303682e-08
44293724.30612245	4.563698387197677e-09	chr10	1.206753179819257e-08
47058289.3877551	5.235788273159255e-09	chr10	1.384470140537714e-08
49822854.469387755	5.676219947350843e-09	chr10	1.5009310190249488e-08
52587419.55102041	5.67942203532992e-09	chr10	1.50177772919792e-08
55351984.632653065	5.332734998662956e-09	chr10	1.4101052196662656e-08
58116549.71428572	4.9003802428954976e-09	chr10	1.2957800754376318e-08
60881114.795918375	4.633121129325283e-09	chr10	1.2251102463268232e-08
63645679.87755103	4.657599140707421e-09	chr10	1.2315828296495753e-08
66410244.95918368	4.959573271430166e-09	chr10	1.3114321561289688e-08
69174810.04081634	5.4032616773154505e-09	chr10	1.4287541939202915e-08
71939375.12244898	5.8140189583117914e-09	chr10	1.5373684389735494e-08
74703940.20408164	6.109174276974373e-09	chr10	1.615414705207052e-08
77468505.2857143	6.30784191011491e-09	chr10	1.6679472736809127e-08
80233070.36734694	6.4045832738385566e-09	chr10	1.69352805014525e-08
82997635.4489796	6.350246974503432e-09	chr10	1.6791602071286708e-08
85762200.53061225	6.176852781466987e-09	chr10	1.6333105527352282e-08
88526765.6122449	6.0079441296146255e-09	chr10	1.5886469848505456e-08
91291330.69387756	5.911169459147907e-09	chr10	1.5630574012708597e-08
94055895.7755102	5.827092306843866e-09	chr10	1.5408253512349344e-08
96820460.85714287	5.6568301180677225e-09	chr10	1.495803875169606e-08
99585025.93877551	5.37944524322994e-09	chr10	1.4224565477731951e-08
102349591.02040817	5.096345121881594e-09	chr10	1.347597969782437e-08
105114156.10204083	4.980669859654268e-09	chr10	1.317010608682755e-08
107878721.18367347	5.168967056846243e-09	chr10	1.366800980916797e-08
110643286.26530613	5.69038508227967e-09	chr10	1.5046766262425253e-08
113407851.34693879	6.48282653479176e-09	chr10	1.7142174769968535e-08
116172416.42857143	7.4454954215085635e-09	chr10	1.9687706138600252e-08
118936981.51020409	8.480188897791904e-09	chr10	2.242368809162733e-08
121701546.59183675	9.509352373006459e-09	chr10	2.5145047372847518e-08
124466111.6734694	1.0422788733949526e-08	chr10	2.7560395933617406e-08
127230676.75510205	1.0948363900784953e-08	chr10	2.8950144882829057e-08
129995241.8367347	1.0641291178558197e-08	chr10	2.813816969835497e-08
132759806.91836736	9.188144513649937e-09	chr10	2.4295695437696004e-08
135524372.0	6.801396795036205e-09	chr10	1.798455224965534e-08
87267.0	7.308062114130298e-09	chr11	1.93242989485961e-08
2839495.224489796	9.566962439622554e-09	chr11	2.529738244230258e-08
5591723.448979592	1.0889063448012651e-08	chr11	2.879334002002646e-08
8343951.673469388	1.1174069164145236e-08	chr11	2.9546964657391794e-08
11096179.897959184	1.0806361434856506e-08	chr11	2.857465572302384e-08
13848408.12244898	1.028799050438777e-08	chr11	2.720395653215744e-08
16600636.346938776	9.867908693918348e-09	chr11	2.6093157751084865e-08
19352864.57142857	9.436090644185153e-09	chr11	2.4951325490476467e-08
22105092.795918368	8.76399410580251e-09	chr11	2.3174138292667814e-08
24857321.020408165	7.861078868557181e-09	chr11	2.07866101494635e-08
27609549.24489796	7.034762726961603e-09	chr11	1.860162870063742e-08
30361777.469387755	6.566609188600626e-09	chr11	1.7363716544466976e-08
33114005.69387755	6.409607308876451e-09	chr11	1.6948565275649037e-08
35866233.91836735	6.2721338003939095e-09	chr11	1.6585051784118578e-08
38618462.14285714	5.9269061332048005e-09	chr11	1.567218561769811e-08
41370690.36734694	5.337110052335388e-09	chr11	1.411262090581727e-08
44122918.591836736	4.554139303504168e-09	chr11	1.2042255249076922e-08
46875146.81632653	3.6637383942826197e-09	chr11	9.687818041895817e-09
49627375.04081633	2.844191379242893e-09	chr11	7.520735814935027e-09
52379603.26530612	2.3394272134865376e-09	chr11	6.186016229184033e-09
55131831.48979592	2.302089859090482e-09	chr11	6.087287156136886e-09
57884059.71428572	2.68911826934492e-09	chr11	7.110684684039084e-09
60636287.93877551	3.3268974019800083e-09	chr11	8.797128289709432e-09
63388516.16326531	4.054036844641707e-09	chr11	1.071986235352389e-08
66140744.3877551	4.7823944359252235e-09	chr11	1.2645817499447967e-08
68892972.6122449	5.4537157399084494e-09	chr11	1.4420954788394923e-08
71645200.8367347	6.004190780974755e-09	chr11	1.587654507911482e-08
74397429.06122449	6.382027014245027e-09	chr11	1.6875636248743604e-08
77149657.28571428	6.556735731664949e-09	chr11	1.7337608715811252e-08
79901885.51020408	6.520175540537338e-09	chr11	1.7240934652026032e-08
82654113.73469388	6.322602286251072e-09	chr11	1.6718502771939422e-08
85406341.95918368	6.089969265038797e-09	chr11	1.6103364315668095e-08
88158570.18367347	5.961585966441077e-09	chr11	1.5763887556526665e-08
90910798.40816326	6.001083982011493e-09	chr11	1.58683299447876e-08
93663026.63265306	6.156121316825304e-09	chr11	1.6278286477634094e-08
96415254.85714287	6.289505334557814e-09	chr11	1.6630986358036602e-08
99167483.08163266	6.279674535484374e-09	chr11	1.6604991327174535e-08
101919711.30612245	6.1389188954179035e-09	chr11	1.6232799079097402e-08
104671939.53061225	6.040563656407823e-09	chr11	1.5972723834510132e-08
107424167.75510204	6.206295171300778e-09	chr11	1.6410958388209772e-08
110176395.97959185	6.747212588871967e-09	chr11	1.7841275990934775e-08
112928624.20408164	7.596496032346653e-09	chr11	2.0086988588541923e-08
115680852.42857143	8.570274624251309e-09	chr11	2.2661896727776854e-08
118433080.65306123	9.480309812099597e-09	chr11	2.5068251757206556e-08
121185308.87755102	1.0202888834207409e-08	chr11	2.6978926956613688e-08
123937537.10204081	1.065879317933121e-08	chr11	2.8184449257813328e-08
126689765.32653062	1.0724243273812743e-08	chr11	2.8357515273430453e-08
129441993.55102041	1.0175422837787487e-08	chr11	2.6906300162061215e-08
132194221.7755102	8.8099062147063e-09	chr11	2.3295541108347483e-08
134946450.0	6.713195396765336e-09	chr11	1.7751326236896788e-08
60316.0	7.309839909952211e-09	chr12	1.9328999874422357e-08
2790550.6530612246	9.623741219649478e-09	chr12	2.5447519387232947e-08
5520785.306122449	1.0972749686806171e-08	chr12	2.9014626849704978e-08
8251019.959183674	1.1181029100764396e-08	chr12	2.9565368427610424e-08
10981254.612244898	1.0568040537937063e-08	chr12	2.794447713589001e-08
13711489.265306123	9.644339692890026e-09	chr12	2.5501986775244792e-08
16441723.918367349	8.82261186239046e-09	chr12	2.3329137940222997e-08
19171958.57142857	8.276262695722775e-09	chr12	2.18844574678733e-08
21902193.224489797	7.919666969340568e-09	chr12	2.094153137983722e-08
24632427.877551023	7.503699440524545e-09	chr12	1.9841611763088563e-08
27362662.530612245	6.795904514647963e-09	chr12	1.797002932052934e-08
30092897.18367347	5.750629168193285e-09	chr12	1.5206066321442083e-08
32823131.836734697	4.574549269207356e-09	chr12	1.2096224177175713e-08
35553366.48979592	3.6295245383013623e-09	chr12	9.597348260599396e-09
38283601.14285714	3.2068606662270494e-09	chr12	8.479721878778856e-09
41013835.79591837	3.345892950484966e-09	chr12	8.847357153705075e-09
43744070.448979594	3.851874351636218e-09	chr12	1.018529540677094e-08
46474305.10204082	4.4522668780938675e-09	chr12	1.1772879705669751e-08
49204539.755102046	4.920939164598495e-09	chr12	1.3012163558474731e-08
51934774.408163264	5.130112163214447e-09	chr12	1.3565267992195048e-08
54665009.06122449	5.094908940688176e-09	chr12	1.3472182084408866e-08
57395243.71428572	4.9877691888884735e-09	chr12	1.3188878445123606e-08
60125478.36734694	5.02938378366863e-09	chr12	1.3298917585130579e-08
62855713.02040817	5.2981338175770604e-09	chr12	1.4009558233306008e-08
65585947.673469394	5.65227616811991e-09	chr12	1.4945996997149624e-08
68316182.32653062	5.861239569622368e-09	chr12	1.5498547204973023e-08
71046416.97959185	5.799290207971088e-09	chr12	1.533473798092314e-08
73776651.63265306	5.4962705600691276e-09	chr12	1.4533480113665308e-08
76506886.28571428	5.044247565099836e-09	chr12	1.3338221049085524e-08
79237120.93877551	4.537648799768167e-09	chr12	1.199865033452765e-08
81967355.59183674	4.124012529491271e-09	chr12	1.0904895134040512e-08
84697590.24489796	4.03161316733356e-09	chr12	1.0660568680719487e-08
87427824.89795919	4.445854574535332e-09	chr12	1.1755924010852284e-08
90158059.55102041	5.3161821415613156e-09	chr12	1.4057282404604238e-08
92888294.20408164	6.315406036150202e-09	chr12	1.6699474131229162e-08
95618528.85714287	7.054761735599547e-09	chr12	1.8654510958007392e-08
98348763.51020409	7.3649363193663815e-09	chr12	1.947468822105738e-08
101078998.16326532	7.354239292246347e-09	chr12	1.9446402671933608e-08
103809232.81632653	7.240353895490859e-09	chr12	1.9145261901861702e-08
106539467.46938775	7.2112372425468665e-09	chr12	1.9068270368800656e-08
109269702.12244898	7.406665641459618e-09	chr12	1.958503072806656e-08
111999936.7755102	7.875623691213864e-09	chr12	2.0825070208612233e-08
114730171.42857143	8.518709829510142e-09	chr12	2.2525546831834582e-08
117460406.08163266	9.212355176633351e-09	chr12	2.435971433654069e-08
120190640.73469388	1.0014955949225927e-08	chr12	2.648198656462764e-08
122920875.38775511	1.104362680185064e-08	chr12	2.9202043231550597e-08
125651110.04081634	1.2027818605897532e-08	chr12	3.1804486443874554e-08
128381344.69387756	1.2193835813140696e-08	chr12	3.2243476437839555e-08
131111579.34693879	1.0869181727692696e-08	chr12	2.8740767901580404e-08
133841814.0	8.203108436989862e-09	chr12	2.1691019762632065e-08
19020094.0	8.96074801601778e-09	chr13	2.3694403627161018e-08
20981109.448979594	1.2332207626069346e-08	chr13	3.260936526545671e-08
22942124.897959184	1.4910066434576263e-08	chr13	3.942585279455699e-08
24903140.346938774	1.6203380045901283e-08	chr13	4.284568947208191e-08
26864155.795918368	1.624581666111055e-08	chr13	4.2957902234626004e-08
28825171.24489796	1.5420002322871886e-08	chr13	4.077424767628484e-08
30786186.69387755	1.417232641309348e-08	chr13	3.7475088214448656e-08
32747202.14285714	1.2867610331375526e-08	chr13	3.4025100623701535e-08
34708217.591836736	1.1760466685184986e-08	chr13	3.109754274804289e-08
36669233.04081633	1.0965909947809256e-08	chr13	2.899654091132041e-08
38630248.48979592	1.0443009146899502e-08	chr13	2.7613863637997462e-08
40591263.93877551	1.0056087825418406e-08	chr13	2.659074927893507e-08
42552279.3877551	9.671360629518124e-09	chr13	2.5573436723140393e-08
44513294.8367347	9.201495818957378e-09	chr13	2.4330999545828323e-08
46474310.28571428	8.598146382220925e-09	chr13	2.2735596454847643e-08
48435325.73469388	7.847970958629674e-09	chr13	2.0751949638089268e-08
50396341.18367347	6.986631399252987e-09	chr13	1.847435772908454e-08
52357356.632653065	6.112285294569038e-09	chr13	1.6162373341488257e-08
54318372.08163266	5.376555386063607e-09	chr13	1.42169239904363e-08
56279387.530612245	4.91875163474322e-09	chr13	1.3006379195914294e-08
58240402.97959184	4.761096014955071e-09	chr13	1.258949927889474e-08
60201418.42857143	4.787885010901439e-09	chr13	1.266033591904855e-08
62162433.87755102	4.885114909692466e-09	chr13	1.2917435489582668e-08
64123449.32653061	5.107351255023701e-09	chr13	1.3505082598673406e-08
66084464.77551021	5.6632359002609986e-09	chr13	1.497497720243297e-08
68045480.22448981	6.695149988360776e-09	chr13	1.770360977510249e-08
70006495.6734694	8.046098842186517e-09	chr13	2.12758480932628e-08
71967511.12244898	9.245697053298145e-09	chr13	2.4447878391814925e-08
73928526.57142857	9.781384503748083e-09	chr13	2.5864366685680195e-08
75889542.02040817	9.451662063528244e-09	chr13	2.4992500121690676e-08
77850557.46938775	8.482633683461896e-09	chr13	2.2430152701316515e-08
79811572.91836736	7.317966813543568e-09	chr13	1.9350489389983827e-08
81772588.36734694	6.3231233796628335e-09	chr13	1.671988067003495e-08
83733603.81632653	5.671154381742468e-09	chr13	1.4995915599093688e-08
85694619.26530613	5.420188205182971e-09	chr13	1.4332299807919065e-08
87655634.71428572	5.6088864141323875e-09	chr13	1.4831263903168428e-08
89616650.16326532	6.251586109034805e-09	chr13	1.6530718675788932e-08
91577665.6122449	7.273445987038203e-09	chr13	1.923276546435315e-08
93538681.06122449	8.497789540323033e-09	chr13	2.2470228483956684e-08
95499696.51020409	9.726582273737265e-09	chr13	2.5719456221149364e-08
97460711.95918368	1.0850056585212629e-08	chr13	2.8690196359501592e-08
99421727.40816326	1.1905419908556475e-08	chr13	3.148083443033131e-08
101382742.85714287	1.3042526042103368e-08	chr13	3.448762043156899e-08
103343758.30612245	1.4377876190462715e-08	chr13	3.801861196734894e-08
105304773.75510204	1.5790080048780905e-08	chr13	4.175282345985063e-08
107265789.20408164	1.6825490690832287e-08	chr13	4.449070177411286e-08
109226804.65306123	1.685712260952717e-08	chr13	4.4574344283389805e-08
111187820.10204083	1.5438787844910695e-08	chr13	4.0823921179070415e-08
113148835.55102041	1.2628757052051229e-08	chr13	3.339351428762063e-08
115109851.0	9.047780513723613e-09	chr13	2.392453878168559e-08
19000058.0	1.1573354763385839e-08	chr14	3.06027731829756e-08
20801882.020408165	1.506123093656664e-08	chr14	3.98255686126847e-08
22603706.040816326	1.6826331612624412e-08	chr14	4.449292537646457e-08
24405530.06122449	1.6620322992461155e-08	chr14	4.3948188331287395e-08
26207354.08163265	1.522934522707014e-08	chr14	4.027010380634969e-08
28009178.102040816	1.3859464479675469e-08	chr14	3.6647804943372505e-08
29811002.12244898	1.3290314933583855e-08	chr14	3.514283470593207e-08
31612826.14285714	1.3409890038931492e-08	chr14	3.545902045346148e-08
33414650.163265307	1.3435397079927147e-08	chr14	3.5526467292007233e-08
35216474.18367347	1.2633182692999496e-08	chr14	3.340521676187274e-08
37018298.20408163	1.0913046260388193e-08	chr14	2.8856756426282364e-08
38820122.22448979	8.80218445476053e-09	chr14	2.3275122891415142e-08
40621946.24489796	6.9656690264219906e-09	chr14	1.8418928101786372e-08
42423770.26530612	5.814487513909501e-09	chr14	1.537492336503466e-08
44225594.28571428	5.452900912255154e-09	chr14	1.4418800185311649e-08
46027418.30612245	5.801081449418682e-09	chr14	1.5339474460263607e-08
47829242.32653061	6.6730405037542495e-09	chr14	1.764514690444492e-08
49631066.346938774	7.784456521581725e-09	chr14	2.0584001972908205e-08
51432890.36734694	8.79341412460335e-09	chr14	2.3251931999057024e-08
53234714.3877551	9.4146087732097e-09	chr14	2.489452218335868e-08
55036538.408163264	9.526447225671362e-09	chr14	2.5190250333388872e-08
56838362.42857143	9.19243581073568e-09	chr14	2.4307042674003943e-08
58640186.448979594	8.605846845547713e-09	chr14	2.275595835832433e-08
60442010.469387755	7.995306096038662e-09	chr14	2.114153968213374e-08
62243834.48979592	7.529134211704366e-09	chr14	1.9908867502611858e-08
64045658.510204084	7.280490374950695e-09	chr14	1.9251392544392285e-08
65847482.530612245	7.2665441100851185e-09	chr14	1.921451521805462e-08
67649306.55102041	7.483861947149507e-09	chr14	1.978915659147353e-08
69451130.57142857	7.896870981344792e-09	chr14	2.0881253226753762e-08
71252954.59183674	8.425490303324181e-09	chr14	2.2279051664753158e-08
73054778.6122449	8.949197133572349e-09	chr14	2.3663860276268585e-08
74856602.63265306	9.304673389998303e-09	chr14	2.4603826212658332e-08
76658426.65306123	9.3254296183669e-09	chr14	2.4658710743711315e-08
78460250.6734694	8.969931280865587e-09	chr14	2.371868641957189e-08
80262074.69387755	8.42370787315631e-09	chr14	2.227433848458569e-08
82063898.71428572	8.029016640210996e-09	chr14	2.1230678584230162e-08
83865722.73469388	8.100844053621556e-09	chr14	2.1420607786770233e-08
85667546.75510204	8.799663469311822e-09	chr14	2.326845679092296e-08
87469370.7755102	1.0106482898243758e-08	chr14	2.6724006144791534e-08
89271194.79591838	1.1845802747299075e-08	chr14	3.1323192113036676e-08
91073018.81632653	1.373230626595133e-08	chr14	3.631156760748238e-08
92874842.8367347	1.5430689642297558e-08	chr14	4.0802507555896636e-08
94676666.85714287	1.661715928721359e-08	chr14	4.393982272286283e-08
96478490.87755102	1.706621883550948e-08	chr14	4.512724571153895e-08
98280314.89795919	1.6742563981030737e-08	chr14	4.427142332436759e-08
100082138.91836736	1.578750207356869e-08	chr14	4.174600666452173e-08
101883962.93877551	1.4363893133964098e-08	chr14	3.7981637354958615e-08
103685786.95918368	1.2510704809600164e-08	chr14	3.3081355361074886e-08
105487610.97959185	1.0191249450916132e-08	chr14	2.6948149587896057e-08
107289435.0	7.511941667351128e-09	chr14	1.9863406221415767e-08
20000446.0	1.3984721668061994e-08	chr15	3.697901550453642e-08
21684535.285714287	1.804587044615887e-08	chr15	4.771768354499124e-08
23368624.57142857	2.015459568818078e-08	chr15	5.3293667484494406e-08
25052713.85714286	2.0097711636411236e-08	chr15	5.314325217539671e-08
26736803.14285714	1.8609361645118872e-08	chr15	4.9207691732326115e-08
28420892.42857143	1.670956761951819e-08	chr15	4.41841728954404e-08
30104981.714285716	1.513006892321885e-08	chr15	4.000759304163895e-08
31789071.0	1.412144256694398e-08	chr15	3.7340538912692435e-08
33473160.285714284	1.3516922188634131e-08	chr15	3.574203956655379e-08
35157249.57142857	1.2933406564200154e-08	chr15	3.419908191353433e-08
36841338.85714286	1.202254239118054e-08	chr15	3.179053484509011e-08
38525428.14285714	1.064935401776788e-08	chr15	2.8159489812063514e-08
40209517.42857143	8.9460066553162e-09	chr15	2.3655423873478353e-08
41893606.71428572	7.252842898027162e-09	chr15	1.9178285871118153e-08
43577696.0	5.947168129359833e-09	chr15	1.5725763278216086e-08
45261785.28571428	5.23317644898985e-09	chr15	1.3837795105148361e-08
46945874.57142857	5.066214090615789e-09	chr15	1.339630590103437e-08
48629963.85714286	5.2765280788446805e-09	chr15	1.395242738962277e-08
50314053.14285714	5.738196635198566e-09	chr15	1.517319167142868e-08
51998142.42857143	6.413731590664626e-09	chr15	1.6959470882768722e-08
53682231.71428572	7.2887903561542e-09	chr15	1.9273339719380594e-08
55366321.0	8.301794395162508e-09	chr15	2.195196950936035e-08
57050410.28571428	9.301652097689436e-09	chr15	2.459583717878371e-08
58734499.57142857	1.0042858518422026e-08	chr15	2.65557677640973e-08
60418588.85714286	1.0281861078412827e-08	chr15	2.718774883467577e-08
62102678.14285714	9.967570863183626e-09	chr15	2.6356688838077687e-08
63786767.428571425	9.340778125980196e-09	chr15	2.4699295941935157e-08
65470856.71428572	8.77356141323552e-09	chr15	2.3199436587356794e-08
67154946.0	8.463114159348025e-09	chr15	2.2378538317992996e-08
68839035.28571428	8.29336060619685e-09	chr15	2.192966851400802e-08
70523124.57142857	8.012170658496081e-09	chr15	2.1186133699189823e-08
72207213.85714287	7.537282870215743e-09	chr15	1.9930414543488728e-08
73891303.14285713	7.078886431976225e-09	chr15	1.8718302540173292e-08
75575392.42857143	6.9534748282643896e-09	chr15	1.838668366722139e-08
77259481.71428572	7.266882726710899e-09	chr15	1.9215410603014867e-08
78943571.0	7.797021269190998e-09	chr15	2.0617226230614746e-08
80627660.28571428	8.234542950585086e-09	chr15	2.1774140284670775e-08
82311749.57142857	8.542589702266563e-09	chr15	2.258869104062658e-08
83995838.85714287	9.022268777967225e-09	chr15	2.3857079529047215e-08
85679928.14285713	1.0016543147491193e-08	chr15	2.6486183504020012e-08
87364017.42857143	1.162220685803622e-08	chr15	3.073195003814542e-08
89048106.71428572	1.3684842910183833e-08	chr15	3.618606291668599e-08
90732196.0	1.5926011819243576e-08	chr15	4.2112260219967055e-08
92416285.28571428	1.7983595065453648e-08	chr15	4.7553012247034095e-08
94100374.57142857	1.9428107561990467e-08	chr15	5.1372655660311554e-08
95784463.85714285	1.9868328919307478e-08	chr15	5.253670831606311e-08
97468553.14285713	1.9058455719612673e-08	chr15	5.0395206016691785e-08
99152642.42857143	1.6936611590033403e-08	chr15	4.4784532538283194e-08
100836731.71428572	1.369166218380045e-08	chr15	3.620409473961275e-08
102520821.0	9.849656561957213e-09	chr15	2.604489466177912e-08
60179.0	8.622178584346404e-09	chr16	2.279914345965045e-08
1901660.7959183673	1.1826803939326824e-08	chr16	3.12729546302144e-08
3743142.5918367347	1.4562428007706384e-08	chr16	3.8506611991463096e-08
5584624.387755102	1.6363611201037945e-08	chr16	4.326937973283556e-08
7426106.183673469	1.7018407653239096e-08	chr16	4.500082128262061e-08
9267587.979591837	1.6629242027758673e-08	chr16	4.39717724363115e-08
11109069.775510203	1.5557215710872888e-08	chr16	4.113707334580867e-08
12950551.57142857	1.4245891074891838e-08	chr16	3.76696111255081e-08
14792033.367346939	1.303899010249006e-08	chr16	3.447827054467906e-08
16633515.163265307	1.2112739395517194e-08	chr16	3.202903772709206e-08
18474996.959183674	1.1528969408273805e-08	chr16	3.0485407476755597e-08
20316478.755102042	1.1294188469358992e-08	chr16	2.98645894021186e-08
22157960.551020406	1.130800566039997e-08	chr16	2.9901125425777933e-08
23999442.346938774	1.1272013631436658e-08	chr16	2.980595372135183e-08
25840924.14285714	1.0778459684918975e-08	chr16	2.8500876689873682e-08
27682405.93877551	9.598501922749821e-09	chr16	2.538078052939014e-08
29523887.734693877	7.8690150182637e-09	chr16	2.0807595265221216e-08
31365369.530612245	5.957281621853785e-09	chr16	1.5752505819441838e-08
33206851.326530613	4.1846359993626885e-09	chr16	1.1065198376788183e-08
35048333.12244898	2.711517889262191e-09	chr16	7.169914743233481e-09
36889814.91836735	1.6043785336896433e-09	chr16	4.2423682130154586e-09
38731296.71428572	9.086748806942712e-10	chr16	2.4027580454829887e-09
40572778.510204084	6.623000288409633e-10	chr16	1.7512828368330977e-09
42414260.30612245	9.057424563790877e-10	chr16	2.3950040002620026e-09
44255742.10204081	1.6956038595123947e-09	chr16	4.483590227874006e-09
46097223.89795918	3.066110636458943e-09	chr16	8.107544465699168e-09
47938705.69387755	4.93832275956458e-09	chr16	1.3058130024095816e-08
49780187.489795916	7.059613800259035e-09	chr16	1.86673410005732e-08
51621669.28571428	9.04271063306772e-09	chr16	2.3911132780491545e-08
53463151.08163265	1.048829645065282e-08	chr16	2.7733614316445154e-08
55304632.87755102	1.1128015750889512e-08	chr16	2.9425188198536017e-08
57146114.67346939	1.0928049433095441e-08	chr16	2.8896428474774084e-08
58987596.469387755	1.0092426838101128e-08	chr16	2.668683849295803e-08
60829078.26530612	8.941347089143622e-09	chr16	2.3643102843869757e-08
62670560.06122449	7.751725829359954e-09	chr16	2.049745403839284e-08
64512041.85714286	6.704355054303603e-09	chr16	1.772795021492672e-08
66353523.653061226	5.963901952818026e-09	chr16	1.577001158946592e-08
68195005.44897959	5.753141032743582e-09	chr16	1.5212708304053926e-08
70036487.24489796	6.2992357247684425e-09	chr16	1.6656715883371796e-08
71877969.04081632	7.71215058878511e-09	chr16	2.0392807448382033e-08
73719450.8367347	9.937569118425883e-09	chr16	2.627735690635298e-08
75560932.63265306	1.279488674412496e-08	chr16	3.383280171891705e-08
77402414.42857143	1.599776333136404e-08	chr16	4.230198872098085e-08
79243896.2244898	1.9132943364685445e-08	chr16	5.059216952068007e-08
81085378.02040817	2.1659854732669503e-08	chr16	5.727393958898785e-08
82926859.81632653	2.2961314097710145e-08	chr16	6.071531562640108e-08
84768341.6122449	2.2478485599742003e-08	chr16	5.943859929723939e-08
86609823.40816326	1.9979538570257328e-08	chr16	5.283077376150707e-08
88451305.20408162	1.583785270637254e-08	chr16	4.18791460201207e-08
90292787.0	1.101393195768243e-08	chr16	2.9123522819849532e-08
51.0	1.1703042008899826e-08	chr17	3.094569789584669e-08
1656995.2857142857	1.501200971068414e-08	chr17	3.9695415684491774e-08
3313939.5714285714	1.721530017835464e-08	chr17	4.552145314872367e-08
4970883.857142857	1.8373368578290887e-08	chr17	4.858366849580184e-08
6627828.142857143	1.8983895759429534e-08	chr17	5.019805129391123e-08
8284772.428571428	1.9426097051087435e-08	chr17	5.1367339379042617e-08
9941716.714285715	1.9634050531891436e-08	chr17	5.19172191101806e-08
11598661.0	1.921614686576913e-08	chr17	5.08121798740954e-08
13255605.285714285	1.7831089017428664e-08	chr17	4.7149749053935946e-08
14912549.57142857	1.5508193931569123e-08	chr17	4.1007447803022655e-08
16569493.857142856	1.2685942483255929e-08	chr17	3.3544726517462975e-08
18226438.14285714	9.94549994250932e-09	chr17	2.6298327939864142e-08
19883382.42857143	7.683580069926183e-09	chr17	2.0317260027065114e-08
21540326.714285713	6.029190591925857e-09	chr17	1.594265067768977e-08
23197271.0	5.012541917081137e-09	chr17	1.325438358149098e-08
24854215.285714284	4.718685514639834e-09	chr17	1.247735557050089e-08
26511159.57142857	5.250272493057999e-09	chr17	1.3883001216050526e-08
28168103.85714286	6.562517494091171e-09	chr17	1.7352897106061525e-08
29825048.14285714	8.3223553564513e-09	chr17	2.200633770662114e-08
31481992.42857143	9.932973496901729e-09	chr17	2.626520496199339e-08
33138936.714285713	1.0786062363309641e-08	chr17	2.8520980026125737e-08
34795881.0	1.0598376309236485e-08	chr17	2.80246923152729e-08
36452825.28571428	9.559924343117878e-09	chr17	2.527877199828043e-08
38109769.57142857	8.182242295669206e-09	chr17	2.1635844594921825e-08
39766713.85714286	7.001522267564219e-09	chr17	1.851373281735781e-08
41423658.14285714	6.363358509540968e-09	chr17	1.6826272168336163e-08
43080602.428571425	6.368646764813981e-09	chr17	1.684025560528788e-08
44737546.71428572	6.903761791796198e-09	chr17	1.825523027186829e-08
46394491.0	7.700278212058156e-09	chr17	2.036141398818437e-08
48051435.28571428	8.469379652861106e-09	chr17	2.239510581123764e-08
49708379.57142857	9.070602826521533e-09	chr17	2.3984886543967553e-08
51365323.85714286	9.514916058170568e-09	chr17	2.5159759113619293e-08
53022268.14285714	9.770291828493184e-09	chr17	2.583503494637397e-08
54679212.428571425	9.678272415908645e-09	chr17	2.55917131724088e-08
56336156.71428572	9.17106982563764e-09	chr17	2.4250545797415078e-08
57993101.0	8.494143351838677e-09	chr17	2.2460587072157733e-08
59650045.28571428	8.089823327429367e-09	chr17	2.139146629833697e-08
61306989.57142857	8.271648277855903e-09	chr17	2.187225582139841e-08
62963933.85714286	9.06327597173779e-09	chr17	2.3965512552616244e-08
64620878.14285714	1.0309556513142054e-08	chr17	2.7260982320086914e-08
66277822.428571425	1.185538994542262e-08	chr17	3.1348543003563535e-08
67934766.71428572	1.3586567615909197e-08	chr17	3.592619906548085e-08
69591711.0	1.535564515689844e-08	chr17	4.0604071630250604e-08
71248655.28571428	1.6964243511271453e-08	chr17	4.485759807853027e-08
72905599.57142857	1.8216938323298335e-08	chr17	4.817002874221569e-08
74562543.85714285	1.8875342028511346e-08	chr17	4.991100874891254e-08
76219488.14285713	1.854962758408956e-08	chr17	4.9049740303518165e-08
77876432.42857143	1.6836853925536924e-08	chr17	4.4520748938604095e-08
79533376.71428572	1.37293547877492e-08	chr17	3.6303763179136324e-08
81190321.0	9.835445248977681e-09	chr17	2.600731648357268e-08
10718.0	1.3008472472207082e-08	chr18	3.439757448578121e-08
1602684.4081632653	1.778321899215394e-08	chr18	4.702316902976004e-08
3194650.8163265307	2.1656572642918987e-08	chr18	5.726526094305893e-08
4786617.224489796	2.3970949538383853e-08	chr18	6.33850380206528e-08
6378583.632653061	2.4592150841190608e-08	chr18	6.502764580028355e-08
7970550.040816327	2.3736683118505628e-08	chr18	6.276558045985963e-08
9562516.448979592	2.1682778588742183e-08	chr18	5.733455585645861e-08
11154482.857142858	1.8670823595946562e-08	chr18	4.937021212326009e-08
12746449.265306123	1.504297950689191e-08	chr18	3.977730738039552e-08
14338415.673469387	1.1388899176432011e-08	chr18	3.0115027615222066e-08
15930382.081632653	8.45249463447857e-09	chr18	2.2350457703725556e-08
17522348.48979592	6.801647026760937e-09	chr18	1.7985213923376722e-08
19114314.897959184	6.510472013772507e-09	chr18	1.721527616019456e-08
20706281.30612245	7.1240095748663855e-09	chr18	1.8837619137253616e-08
22298247.714285716	7.946786692164072e-09	chr18	2.101324254253125e-08
23890214.12244898	8.433154294744839e-09	chr18	2.229931712761313e-08
25482180.530612245	8.40599393039249e-09	chr18	2.2227498498802798e-08
27074146.93877551	8.008303314898974e-09	chr18	2.117590749932448e-08
28666113.346938774	7.503341343251012e-09	chr18	1.9840664866543575e-08
30258079.755102042	7.0993789552022816e-09	chr18	1.877248977050152e-08
31850046.163265307	6.880754163572965e-09	chr18	1.81943924903962e-08
33442012.57142857	6.825767329273833e-09	chr18	1.8048993887094948e-08
35033978.97959184	6.8716223972634324e-09	chr18	1.8170245872683016e-08
36625945.3877551	6.991097384127114e-09	chr18	1.8486166882518073e-08
38217911.79591837	7.2350840119620386e-09	chr18	1.9131327044283206e-08
39809878.20408163	7.701257913822756e-09	chr18	2.03640045586371e-08
41401844.6122449	8.426519109938594e-09	chr18	2.2281772080407366e-08
42993811.02040816	9.26889267007791e-09	chr18	2.450921326088816e-08
44585777.42857143	9.908565949856788e-09	chr18	2.620066545366239e-08
46177743.8367347	1.0043750089928575e-08	chr18	2.655812529664937e-08
47769710.24489796	9.660278650641075e-09	chr18	2.5544133267666468e-08
49361676.653061226	9.12164476762159e-09	chr18	2.4119853887338513e-08
50953643.06122449	8.952009942840357e-09	chr18	2.3671298030126103e-08
52545609.469387755	9.4598670718297e-09	chr18	2.5014196165158406e-08
54137575.87755102	1.0502395931128791e-08	chr18	2.7770896782231913e-08
55729542.28571428	1.1588526600250947e-08	chr18	3.0642891220644407e-08
57321508.69387755	1.2241281810442191e-08	chr18	3.2368935228617434e-08
58913475.10204082	1.2317274379014155e-08	chr18	3.25698781174466e-08
60505441.510204084	1.2042583889727787e-08	chr18	3.184352945614521e-08
62097407.91836735	1.1806563089156073e-08	chr18	3.121943288483719e-08
63689374.32653061	1.1931160831128761e-08	chr18	3.154889970881845e-08
65281340.73469388	1.25616467715619e-08	chr18	3.321605833521535e-08
66873307.14285714	1.3671374516660684e-08	chr18	3.6150449198749e-08
68465273.55102041	1.509467869001083e-08	chr18	3.991401263199109e-08
70057239.95918368	1.652622678447419e-08	chr18	4.369937500366753e-08
71649206.36734694	1.7514256980217284e-08	chr18	4.6311967859968355e-08
73241172.7755102	1.7532128536544714e-08	chr18	4.6359224614461473e-08
74833139.18367347	1.6177517203531263e-08	chr18	4.277730180790862e-08
76425105.59183674	1.3439637837304658e-08	chr18	3.553768088899802e-08
78017072.0	9.837391512480714e-09	chr18	2.6012462879043596e-08
64704.0	1.7738652830512475e-08	chr19	4.690532522697053e-08
1269889.2653061224	2.2774970489841037e-08	chr19	6.022257767078626e-08
2475074.5306122447	2.6119013476360233e-08	chr19	6.906504306848812e-08
3680259.795918367	2.7494167807746816e-08	chr19	7.270128657397091e-08
4885445.0612244895	2.7323168005470962e-08	chr19	7.224912138329195e-08
6090630.326530612	2.615452230121898e-08	chr19	6.915893706338959e-08
7295815.591836734	2.4250247524887823e-08	chr19	6.412357002854419e-08
8501000.857142856	2.1727579611155946e-08	chr19	5.7453020688421705e-08
9706186.122448979	1.8961399576171327e-08	chr19	5.0138565897687873e-08
10911371.387755102	1.665179776283721e-08	chr19	4.403141530207481e-08
12116556.653061224	1.5397532616166087e-08	chr19	4.07148322905247e-08
13321741.918367347	1.522657747381703e-08	chr19	4.0262785191586474e-08
14526927.183673467	1.5570638616659316e-08	chr19	4.117256678307356e-08
15732112.44897959	1.5668698487034703e-08	chr19	4.143186100093887e-08
16937297.714285713	1.5008357054241024e-08	chr19	3.968575716983208e-08
18142482.979591835	1.3508645073887961e-08	chr19	3.572015285605668e-08
19347668.244897958	1.1434636684145457e-08	chr19	3.0235968742762487e-08
20552853.51020408	9.18357214728386e-09	chr19	2.42836049856472e-08
21758038.775510203	7.095374814952431e-09	chr19	1.876190184691633e-08
22963224.040816326	5.395263919532423e-09	chr19	1.4266393916662321e-08
24168409.30612245	4.258321024137126e-09	chr19	1.1260039556917559e-08
25373594.57142857	3.863492832575527e-09	chr19	1.0216017504571074e-08
26578779.836734693	4.327507382079631e-09	chr19	1.1442985164544576e-08
27783965.102040816	5.573954378367716e-09	chr19	1.4738895079332851e-08
28989150.367346935	7.302140291715029e-09	chr19	1.9308640205568738e-08
30194335.632653058	9.122061459471835e-09	chr19	2.412095572223781e-08
31399520.89795918	1.0721808644773821e-08	chr19	2.8351077520351413e-08
32604706.163265303	1.1900504853258584e-08	chr19	3.1467837825151716e-08
33809891.428571425	1.2502786644523568e-08	chr19	3.3060417801065836e-08
35015076.69387755	1.243955119102615e-08	chr19	3.289320783644725e-08
36220261.95918367	1.1820483377407915e-08	chr19	3.125624152267144e-08
37425447.22448979	1.0985570798858736e-08	chr19	2.9048528997536775e-08
38630632.489795916	1.0313334434844572e-08	chr19	2.7270972066649506e-08
39835817.75510204	1.0002012430723126e-08	chr19	2.6447760744281752e-08
41041003.02040816	1.0065268175718266e-08	chr19	2.6615024364570195e-08
42246188.28571428	1.048040195596043e-08	chr19	2.7712739346706068e-08
43451373.551020406	1.1258041211498316e-08	chr19	2.9769007234621544e-08
44656558.81632653	1.23957366005861e-08	chr19	3.277735137125154e-08
45861744.08163265	1.3870157358540568e-08	chr19	3.66760795234983e-08
47066929.346938774	1.5722400688794102e-08	chr19	4.157386272243354e-08
48272114.6122449	1.810578695633365e-08	chr19	4.787611741384621e-08
49477299.87755102	2.117109109223207e-08	chr19	5.59815292953267e-08
50682485.14285714	2.4819012155776098e-08	chr19	6.562752245629131e-08
51887670.408163264	2.848232036962016e-08	chr19	7.531420299616995e-08
53092855.67346939	3.113775250604753e-08	chr19	8.23358133274251e-08
54298040.93877551	3.166184255201973e-08	chr19	8.3721635254796e-08
55503226.20408163	2.940850222175027e-08	chr19	7.776325374475634e-08
56708411.469387755	2.463515393579704e-08	chr19	6.514135647253997e-08
57913596.73469387	1.8438692932760998e-08	chr19	4.875640202415592e-08
59118782.0	1.2233050882141201e-08	chr19	3.2347170646348045e-08
11007.0	4.281373774327088e-09	chr1	1.1320996651876672e-08
5097323.959183673	5.7546617490779035e-09	chr1	1.5216729449003367e-08
10183640.918367347	6.568749233553712e-09	chr1	1.7369375345362618e-08
15269957.87755102	6.57179189256561e-09	chr1	1.7377420878012223e-08
20356274.836734693	5.938715393420888e-09	chr1	1.5703412182444485e-08
25442591.795918368	5.06560429796478e-09	chr1	1.3394693460513104e-08
30528908.75510204	4.332323947890858e-09	chr1	1.1455721339496042e-08
35615225.71428572	3.864926861041219e-09	chr1	1.021980942564934e-08
40701542.67346939	3.5878280002342437e-09	chr1	9.48709244255256e-09
45787859.63265306	3.4616368338152314e-09	chr1	9.153412215637408e-09
50874176.591836736	3.512032809440575e-09	chr1	9.286671468717278e-09
55960493.551020406	3.6553720869854908e-09	chr1	9.665695484536466e-09
61046810.51020408	3.6951335042429313e-09	chr1	9.770834371111747e-09
66133127.469387755	3.545167473907066e-09	chr1	9.374287604392131e-09
71219444.42857143	3.3342014364899514e-09	chr1	8.816441938690069e-09
76305761.3877551	3.2350348593067853e-09	chr1	8.554221318056416e-09
81392078.34693877	3.266544852481958e-09	chr1	8.637541426516896e-09
86478395.30612245	3.320148917789932e-09	chr1	8.77928365129472e-09
91564712.26530612	3.331427836474019e-09	chr1	8.809107863659689e-09
96651029.2244898	3.347510849532921e-09	chr1	8.851635273455984e-09
101737346.18367347	3.4180881257216948e-09	chr1	9.03825880822486e-09
106823663.14285713	3.4608919237101978e-09	chr1	9.15144249160733e-09
111909980.10204081	3.2743337396156087e-09	chr1	8.658137144108913e-09
116996297.06122449	2.7276809884276172e-09	chr1	7.212653920231524e-09
122082614.02040815	1.9547779347493413e-09	chr1	5.168909705375562e-09
127168930.97959183	1.3262612388045034e-09	chr1	3.5069582417805754e-09
132255247.93877551	1.200980227881691e-09	chr1	3.1756846880194814e-09
137341564.89795917	1.6679070118418254e-09	chr1	4.41035300630128e-09
142427881.85714287	2.4803633635104437e-09	chr1	6.5586857896219796e-09
147514198.81632653	3.2629773846561006e-09	chr1	8.62810817134203e-09
152600515.7755102	3.809791081002307e-09	chr1	1.0074016973478484e-08
157686832.73469388	4.1217557435645914e-09	chr1	1.089892764153305e-08
162773149.69387755	4.203763690905744e-09	chr1	1.111577665921135e-08
167859466.6530612	4.012206058397546e-09	chr1	1.0609251550548635e-08
172945783.6122449	3.6033567426589917e-09	chr1	9.52815422558412e-09
178032100.57142857	3.160365901953414e-09	chr1	8.35677838016915e-09
183118417.53061223	2.855481411483502e-09	chr1	7.550589414254467e-09
188204734.48979592	2.784515513861738e-09	chr1	7.362938269616975e-09
193291051.4489796	2.984804299401898e-09	chr1	7.892550676761918e-09
198377368.40816325	3.390149415602628e-09	chr1	8.964382043338705e-09
203463685.36734694	3.8032582669228926e-09	chr1	1.0056742619446638e-08
208550002.3265306	4.033818130431095e-09	chr1	1.0666399141025102e-08
213636319.28571427	4.077837762000351e-09	chr1	1.0782797784983887e-08
218722636.24489796	4.13469226539943e-09	chr1	1.0933134960982088e-08
223808953.20408162	4.449819675536429e-09	chr1	1.1766408705140586e-08
228895270.1632653	5.0702552026169715e-09	chr1	1.340699158694892e-08
233981587.12244898	5.680697909392398e-09	chr1	1.5021151014235392e-08
239067904.08163264	5.7489978373618756e-09	chr1	1.520175268477919e-08
244154221.0408163	4.95452024497692e-09	chr1	1.3100960126718834e-08
249240538.0	3.504486615425504e-09	chr1	9.266717490933019e-09
61097.0	1.5053770757860058e-08	chr20	3.980584208035854e-08
1344811.3673469387	1.9081465467697934e-08	chr20	5.045604940359619e-08
2628525.7346938774	2.1808755068818507e-08	chr20	5.76676684003134e-08
3912240.102040816	2.304627155563346e-08	chr20	6.093996386955825e-08
5195954.469387755	2.302609031528475e-08	chr20	6.088659974709166e-08
6479668.8367346935	2.2153346073587385e-08	chr20	5.85788510759882e-08
7763383.204081632	2.085328359929456e-08	chr20	5.5141168758467855e-08
9047097.57142857	1.9478741215775617e-08	chr20	5.150654339242485e-08
10330811.93877551	1.8249702109912923e-08	chr20	4.825666418637867e-08
11614526.306122448	1.7285739375004454e-08	chr20	4.57077115675086e-08
12898240.673469387	1.6675891971844223e-08	chr20	4.4095126268198265e-08
14181955.040816326	1.6442870084205817e-08	chr20	4.347895955423669e-08
15465669.408163264	1.642884312834813e-08	chr20	4.3441868861232234e-08
16749383.775510203	1.6295513089850015e-08	chr20	4.3089311715093086e-08
18033098.14285714	1.5706403773885737e-08	chr20	4.153156297714993e-08
19316812.51020408	1.4525953460056263e-08	chr20	3.841016438992411e-08
20600526.87755102	1.2854165693113467e-08	chr20	3.398954972046969e-08
21884241.244897958	1.0902793302586864e-08	chr20	2.882964510476292e-08
23167955.612244897	8.865813925092787e-09	chr20	2.3443374732660977e-08
24451669.979591835	6.906162611157359e-09	chr20	1.8261578623911842e-08
25735384.346938774	5.220828783822153e-09	chr20	1.380514486637215e-08
27019098.714285713	4.038739459453546e-09	chr20	1.0679412335462838e-08
28302813.08163265	3.4986819279749927e-09	chr20	9.251368481326224e-09
29586527.44897959	3.539561589513121e-09	chr20	9.359464278562647e-09
30870241.81632653	3.954820473954464e-09	chr20	1.0457510066718897e-08
32153956.183673467	4.573709469092375e-09	chr20	1.2094003540811993e-08
33437670.551020406	5.376355310288533e-09	chr20	1.4216394941280789e-08
34721384.91836734	6.431912253591213e-09	chr20	1.7007544990513062e-08
36005099.28571428	7.759641711346917e-09	chr20	2.0518385561355967e-08
37288813.653061226	9.270514501669484e-09	chr20	2.4513501779243693e-08
38572528.02040816	1.0805043627066528e-08	chr20	2.8571171117762878e-08
39856242.387755096	1.2186187519102083e-08	chr20	3.222325248268691e-08
41139956.75510204	1.3268710670681991e-08	chr20	3.508570776470473e-08
42423671.12244898	1.4005553880867661e-08	chr20	3.703410095697655e-08
43707385.489795916	1.4480520522517188e-08	chr20	3.829002862022117e-08
44991099.85714285	1.4851795373301034e-08	chr20	3.927176989398103e-08
46274814.22448979	1.5263533091030532e-08	chr20	4.036050485840249e-08
47558528.591836736	1.581332366268652e-08	chr20	4.181428524503297e-08
48842242.95918367	1.656487070999574e-08	chr20	4.380155896949369e-08
50125957.326530606	1.7553959981040104e-08	chr20	4.6416952279240474e-08
51409671.69387755	1.8786841962301502e-08	chr20	4.967699298526668e-08
52693386.06122449	2.0235412846742568e-08	chr20	5.3507367766160655e-08
53977100.428571425	2.1805301066491563e-08	chr20	5.765853517559628e-08
55260814.79591836	2.32915761629698e-08	chr20	6.158860909063128e-08
56544529.1632653	2.4371647932105944e-08	chr20	6.444458231948084e-08
57828243.530612245	2.4636134799171678e-08	chr20	6.514395011457299e-08
59111957.89795918	2.3651402352807715e-08	chr20	6.254007731207914e-08
60395672.265306115	2.1123355203612477e-08	chr20	5.5855303961188074e-08
61679386.63265306	1.7163964625668956e-08	chr20	4.5385709424697095e-08
62963101.0	1.2428691907348925e-08	chr20	3.2864493241405625e-08
9411244.0	2.076713217612402e-08	chr21	5.491336337994274e-08
10201211.122448979	2.1936060626451447e-08	chr21	5.800429534944127e-08
10991178.24489796	1.938511161441427e-08	chr21	5.125896388654651e-08
11781145.367346939	1.51156377269742e-08	chr21	3.9969433438441506e-08
12571112.48979592	1.2074598763633089e-08	chr21	3.192818459241608e-08
13361079.612244898	1.220718613673893e-08	chr21	3.227877795009326e-08
14151046.734693877	1.548240987636865e-08	chr21	4.0939268471344883e-08
14941013.857142858	2.0306578719330897e-08	chr21	5.369554769339137e-08
15730980.979591837	2.4757918832630905e-08	chr21	6.546597680687239e-08
16520948.102040816	2.7717123084427224e-08	chr21	7.3290834712924e-08
17310915.224489797	2.915189324571649e-08	chr21	7.70847170152748e-08
18100882.346938774	2.9569344360055298e-08	chr21	7.818855959404955e-08
18890849.469387755	2.936633427367019e-08	chr21	7.765175140364011e-08
19680816.591836736	2.8661917456583782e-08	chr21	7.578910150477342e-08
20470783.714285716	2.7484546709649674e-08	chr21	7.267584604364434e-08
21260750.836734697	2.590167707015145e-08	chr21	6.84903525937217e-08
22050717.959183674	2.4015097847564766e-08	chr21	6.350177691960626e-08
22840685.08163265	2.2000495598513184e-08	chr21	5.817467713375286e-08
23630652.204081632	2.018403856890624e-08	chr21	5.337152164338922e-08
24420619.326530613	1.89851824940955e-08	chr21	5.020145373425237e-08
25210586.448979594	1.8740850641772943e-08	chr21	4.9555380714728345e-08
26000553.571428575	1.95573458038165e-08	chr21	5.171439309790235e-08
26790520.69387755	2.1170167687839915e-08	chr21	5.597908758885981e-08
27580487.816326533	2.2812103925340223e-08	chr21	6.032076753252639e-08
28370454.93877551	2.3416259076736013e-08	chr21	6.19183011296113e-08
29160422.06122449	2.2334938850799472e-08	chr21	5.905902667643461e-08
29950389.18367347	1.9990149651017063e-08	chr21	5.2858832047488574e-08
30740356.306122452	1.7662177013628267e-08	chr21	4.6703104511720845e-08
31530323.42857143	1.653008964556495e-08	chr21	4.370958935069265e-08
32320290.55102041	1.6912982051099693e-08	chr21	4.472205027318454e-08
33110257.67346939	1.8328415039390252e-08	chr21	4.846480037304279e-08
33900224.79591837	2.0066880120474305e-08	chr21	5.306172612626096e-08
34690191.91836735	2.1638289651279105e-08	chr21	5.721691625323471e-08
35480159.04081633	2.284879527464777e-08	chr21	6.04177884105339e-08
36270126.1632653	2.3724967981604303e-08	chr21	6.273460278011779e-08
37060093.28571428	2.4498797359290562e-08	chr21	6.47807964216171e-08
37850060.408163264	2.5581890061344646e-08	chr21	6.764475773402401e-08
38640027.530612245	2.7391184551934923e-08	chr21	7.242897372400746e-08
39429994.653061226	3.0105200480705784e-08	chr21	7.960549389307025e-08
40219961.77551021	3.35319347056571e-08	chr21	8.866661509677604e-08
41009928.89795919	3.712069928764516e-08	chr21	9.815618408995419e-08
41799896.02040817	4.005707711913976e-08	chr21	1.059206833724818e-07
42589863.14285715	4.148338532584535e-08	chr21	1.0969219020271555e-07
43379830.26530612	4.088812547893915e-08	chr21	1.081181779606097e-07
44169797.3877551	3.841963204396478e-08	chr21	1.015908791575715e-07
44959764.510204084	3.4723745929110395e-08	chr21	9.181805470041225e-08
45749731.632653065	3.035534748925644e-08	chr21	8.026694360420275e-08
46539698.755102046	2.5411499322564664e-08	chr21	6.719420305580226e-08
47329665.87755102	1.983474028751515e-08	chr21	5.2447891780038566e-08
48119633.0	1.3969188256688623e-08	chr21	3.6937941375665757e-08
16050606.0	1.8685566755610418e-08	chr22	4.940919663383785e-08
16768843.346938776	2.7002786906260474e-08	chr22	7.14019556036453e-08
17487080.69387755	3.481617949178349e-08	chr22	9.206247158823878e-08
18205318.040816326	4.05098227164193e-08	chr22	1.0711785317384053e-07
18923555.387755103	4.334201015515438e-08	chr22	1.1460684764184781e-07
19641792.734693877	4.380343240495961e-08	chr22	1.1582696062905538e-07
20360030.08163265	4.296159293395711e-08	chr22	1.1360093171053732e-07
21078267.42857143	4.145285391572109e-08	chr22	1.0961145770655591e-07
21796504.775510203	3.9231906030107495e-08	chr22	1.037387297219557e-07
22514742.12244898	3.6221784883311596e-08	chr22	9.577923512492638e-08
23232979.469387755	3.295128994084324e-08	chr22	8.713124869690581e-08
23951216.81632653	3.045922964503139e-08	chr22	8.054163336494499e-08
24669454.163265307	2.9623185423455308e-08	chr22	7.833092849959572e-08
25387691.510204084	3.048037313606964e-08	chr22	8.059754191296486e-08
26105928.85714286	3.198307703581104e-08	chr22	8.457105759144781e-08
26824166.204081632	3.241950141792847e-08	chr22	8.572507011854266e-08
27542403.551020406	3.041328573488884e-08	chr22	8.042014645903249e-08
28260640.897959184	2.5894740869098064e-08	chr22	6.8472011586129e-08
28978878.24489796	2.022682754641002e-08	chr22	5.348466613779479e-08
29697115.591836736	1.5319140471306153e-08	chr22	4.050754433664073e-08
30415352.93877551	1.2509081286397135e-08	chr22	3.3077062369686013e-08
31133590.285714284	1.2066164066067926e-08	chr22	3.1905881194505016e-08
31851827.63265306	1.3396555483581118e-08	chr22	3.54237606363016e-08
32570064.97959184	1.552026487326714e-08	chr22	4.1039366317441484e-08
33288302.326530613	1.7561413695382786e-08	chr22	4.6436661718211566e-08
34006539.67346939	1.9151157018535745e-08	chr22	5.0640330864474475e-08
34724777.02040817	2.0494524697831955e-08	chr22	5.4192522707837185e-08
35443014.36734694	2.1932964558347562e-08	chr22	5.799610859012391e-08
36161251.71428572	2.3351625653654276e-08	chr22	6.174739459239296e-08
36879489.06122449	2.4073018759877402e-08	chr22	6.365493394091025e-08
37597726.408163264	2.3406030621352964e-08	chr22	6.189125459846289e-08
38315963.75510204	2.127116337549029e-08	chr22	5.624614482375951e-08
39034201.10204081	1.826628274024409e-08	chr22	4.8300507417630913e-08
39752438.44897959	1.525879367653626e-08	chr22	4.034797269035324e-08
40470675.79591837	1.307277267208942e-08	chr22	3.456759989957432e-08
41188913.14285714	1.2463045610553104e-08	chr22	3.29553328128736e-08
41907150.48979592	1.4042845091623889e-08	chr22	3.713270801498378e-08
42625387.8367347	1.7953567395443602e-08	chr22	4.7473611762618124e-08
43343625.18367347	2.352980667958875e-08	chr22	6.221854869020334e-08
44061862.530612245	2.9367169995699493e-08	chr22	7.765396125655048e-08
44780099.87755102	3.3944807709148906e-08	chr22	8.975835203369313e-08
45498337.22448979	3.6489222864477586e-08	chr22	9.648640638559041e-08
46216574.57142857	3.7399084893951846e-08	chr22	9.889230354203917e-08
46934811.91836734	3.7751648172541405e-08	chr22	9.98245668544416e-08
47653049.26530612	3.820844310012877e-08	chr22	1.0103244407292239e-07
48371286.6122449	3.82721827510044e-08	chr22	1.0120098725840218e-07
49089523.95918368	3.6609947974531564e-08	chr22	9.680563302609398e-08
49807761.30612245	3.221049881467502e-08	chr22	8.517241625172681e-08
50525998.653061226	2.5354821367725133e-08	chr22	6.704433271726252e-08
51244236.0	1.7549980233509588e-08	chr22	4.640642885595553e-08
10180.0	3.976399684481462e-09	chr2	1.051457076335585e-08
4972951.693877551	5.429544345904528e-09	chr2	1.4357039726311236e-08
9935723.387755102	6.094983198680289e-09	chr2	1.6116622379308424e-08
14898495.081632651	5.932242730383631e-09	chr2	1.568629688244127e-08
19861266.775510203	5.409645134869947e-09	chr2	1.4304421358149047e-08
24824038.469387755	5.036691443616468e-09	chr2	1.3318240820653394e-08
29786810.163265303	4.994838062160596e-09	chr2	1.3207570270426531e-08
34749581.85714286	5.135679302373977e-09	chr2	1.3579988866173277e-08
39712353.551020406	5.210435036466956e-09	chr2	1.3777661262928269e-08
44675125.244897954	5.06544249058561e-09	chr2	1.3394265602331505e-08
49637896.93877551	4.713714197915252e-09	chr2	1.2464210196384785e-08
54600668.63265306	4.322487791384007e-09	chr2	1.1429712142273148e-08
59563440.326530606	4.093632780854149e-09	chr2	1.0824563667848971e-08
64526212.02040816	4.085119523586078e-09	chr2	1.0802052538919672e-08
69488983.71428572	4.155363070387326e-09	chr2	1.098779361177843e-08
74451755.40816326	4.091283869122854e-09	chr2	1.081835257224106e-08
79414527.10204081	3.7814775554277814e-09	chr2	9.99914910509612e-09
84377298.79591836	3.2846706805583578e-09	chr2	8.685470537541e-09
89340070.48979591	2.7737103375473758e-09	chr2	7.334366747641635e-09
94302842.18367347	2.4359710355416598e-09	chr2	6.441301645467782e-09
99265613.87755102	2.3748176074007303e-09	chr2	6.2795970637782155e-09
104228385.57142857	2.5430126217921434e-09	chr2	6.724345711094535e-09
109191157.26530612	2.802534512260413e-09	chr2	7.410584896913288e-09
114153928.95918366	3.063442185661695e-09	chr2	8.10048843085295e-09
119116700.65306121	3.306706040101528e-09	chr2	8.743737403449091e-09
124079472.34693877	3.496597909394786e-09	chr2	9.245857827827469e-09
129042244.04081632	3.5548062503621083e-09	chr2	9.399774880609418e-09
134005015.73469387	3.4315953189090905e-09	chr2	9.073975121938859e-09
138967787.42857143	3.17743725277739e-09	chr2	8.401919196110084e-09
143930559.12244898	2.9254316928185635e-09	chr2	7.735555021681846e-09
148893330.81632653	2.790740311885415e-09	chr2	7.3793981540604284e-09
153856102.51020408	2.811687444283432e-09	chr2	7.434787481936068e-09
158818874.20408162	2.9937940259459727e-09	chr2	7.916321706686244e-09
163781645.89795917	3.3181539899473437e-09	chr2	8.774008575438904e-09
168744417.59183672	3.644192904091072e-09	chr2	9.636134997928795e-09
173707189.28571427	3.729732869309762e-09	chr2	9.862323532470993e-09
178669960.97959182	3.474140355558838e-09	chr2	9.186474577219768e-09
183632732.67346936	3.062557964752845e-09	chr2	8.098150335074292e-09
188595504.36734694	2.7832280906848564e-09	chr2	7.359534008685023e-09
193558276.0612245	2.7765196950120986e-09	chr2	7.3417953740892404e-09
198521047.75510204	3.0043251392011056e-09	chr2	7.944168539078408e-09
203483819.4489796	3.3604938230593998e-09	chr2	8.885965422509082e-09
208446591.14285713	3.7488213599477885e-09	chr2	9.912798158138647e-09
213409362.83673468	4.118629770595125e-09	chr2	1.0890661806456142e-08
218372134.53061223	4.476654868771638e-09	chr2	1.1837367502195397e-08
223334906.22448978	4.848202144264965e-09	chr2	1.281982913334204e-08
228297677.91836733	5.173042537281697e-09	chr2	1.367878637360652e-08
233260449.61224487	5.2106024069616415e-09	chr2	1.377810383134435e-08
238223221.30612242	4.655661912518356e-09	chr2	1.231070579259903e-08
243185993.0	3.47974040497046e-09	chr2	9.201282473932612e-09
60196.0	5.657528268028369e-09	chr3	1.495988483049777e-08
4099016.0816326533	7.4045887930604415e-09	chr3	1.957953903427553e-08
8137836.1632653065	8.122796563062454e-09	chr3	2.1478655576797573e-08
12176656.24489796	7.836276183100368e-09	chr3	2.072102579878198e-08
16215476.326530613	7.087250679402234e-09	chr3	1.8740419650730917e-08
20254296.408163264	6.399463050454982e-09	chr3	1.692174138180593e-08
24293116.48979592	5.927907896948902e-09	chr3	1.5674834525406414e-08
28331936.571428575	5.525732053068036e-09	chr3	1.4611383487951369e-08
32370756.653061226	5.024211623516676e-09	chr3	1.3285241131999026e-08
36409576.73469388	4.415986075570095e-09	chr3	1.1676944413506762e-08
40448396.81632653	3.8426551995987985e-09	chr3	1.0160917719876463e-08
44487216.89795919	3.513865354500723e-09	chr3	9.291517164884884e-09
48526036.97959184	3.630444979404353e-09	chr3	9.599782131406867e-09
52564857.06122449	4.250502680567992e-09	chr3	1.1239365949324563e-08
56603677.14285715	5.16600155424416e-09	chr3	1.3660168296887348e-08
60642497.2244898	5.9843259250529785e-09	chr3	1.582401755425143e-08
64681317.30612245	6.376165841516856e-09	chr3	1.6860137878283736e-08
68720137.38775511	6.2147740764257336e-09	chr3	1.643337868169286e-08
72758957.46938775	5.526790318941579e-09	chr3	1.4614181801072968e-08
76797777.55102041	4.450728988600277e-09	chr3	1.1768813150698003e-08
80836597.63265306	3.2578286707304912e-09	chr3	8.614493715752373e-09
84875417.71428572	2.2765756633361945e-09	chr3	6.01982139866398e-09
88914237.79591838	1.7331600971308635e-09	chr3	4.582898081555293e-09
92953057.87755102	1.6811739108174213e-09	chr3	4.445433923502235e-09
96991877.95918368	2.0356627081060346e-09	chr3	5.3827887770534025e-09
101030698.04081634	2.6243960340560918e-09	chr3	6.939543305680461e-09
105069518.12244898	3.251603336505715e-09	chr3	8.598032413462413e-09
109108338.20408164	3.771701745146517e-09	chr3	9.973299478014453e-09
113147158.2857143	4.117119621973072e-09	chr3	1.0886668605115811e-08
117185978.36734694	4.278845462900866e-09	chr3	1.1314311179712856e-08
121224798.4489796	4.288573682412471e-09	chr3	1.1340034965190313e-08
125263618.53061225	4.206499896565385e-09	chr3	1.1123011854441767e-08
129302438.6122449	4.1045512178269816e-09	chr3	1.0853434678633959e-08
133341258.69387756	4.0535651760673775e-09	chr3	1.0718615146755164e-08
137380078.77551022	4.096270599167301e-09	chr3	1.0831538702934791e-08
141418898.85714287	4.19749305126857e-09	chr3	1.109919555835927e-08
145457718.9387755	4.233038198429397e-09	chr3	1.1193185598287851e-08
149496539.02040818	4.080055238976642e-09	chr3	1.0788661335037552e-08
153535359.10204083	3.758492477266815e-09	chr3	9.938370951489494e-09
157574179.18367347	3.476795717187048e-09	chr3	9.193496001110097e-09
161612999.26530612	3.498049074455879e-09	chr3	9.249695062244251e-09
165651819.3469388	3.9176798975243415e-09	chr3	1.035930132261543e-08
169690639.42857143	4.568123165434134e-09	chr3	1.2079231991224209e-08
173729459.51020408	5.198708834701224e-09	chr3	1.3746654324985797e-08
177768279.59183675	5.753399877490653e-09	chr3	1.5213392752707422e-08
181807099.6734694	6.347144376706266e-09	chr3	1.678339804586747e-08
185845919.75510204	6.918673735822857e-09	chr3	1.829466108947433e-08
189884739.8367347	7.0604033462657704e-09	chr3	1.86694287528158e-08
193923559.91836736	6.341918089413409e-09	chr3	1.676957846737167e-08
197962380.0	4.788731344216548e-09	chr3	1.2662573830787109e-08
10455.0	5.567209663532045e-09	chr4	1.4721060408010676e-08
3909096.326530612	7.585263029891205e-09	chr4	2.005728578988622e-08
7807737.653061224	8.557557932154333e-09	chr4	2.2628270691779695e-08
11706378.979591835	8.331165427216052e-09	chr4	2.2029633682839946e-08
15605020.306122448	7.465472042442595e-09	chr4	1.9740529197419855e-08
19503661.63265306	6.623701027848119e-09	chr4	1.751468129434377e-08
23402302.95918367	6.070100490202569e-09	chr4	1.6050826428238917e-08
27300944.285714284	5.7294197339223735e-09	chr4	1.5149983403428946e-08
31199585.612244897	5.485742815751244e-09	chr4	1.4505642189565045e-08
35098226.93877551	5.2812966257516815e-09	chr4	1.3965036590877794e-08
38996868.26530612	5.049420110714522e-09	chr4	1.3351898521474568e-08
42895509.591836736	4.747098958183287e-09	chr4	1.2552487646366955e-08
46794150.91836734	4.4490591739757685e-09	chr4	1.1764397753498472e-08
50692792.244897954	4.275369114048853e-09	chr4	1.1305118865332274e-08
54591433.57142857	4.221268651221382e-09	chr4	1.1162064044422355e-08
58490074.89795918	4.15963288886099e-09	chr4	1.099908405339657e-08
62388716.22448979	4.0130756235932386e-09	chr4	1.0611550893046609e-08
66287357.551020406	3.837270351159602e-09	chr4	1.0146678867030548e-08
70185998.87755102	3.728257501852843e-09	chr4	9.858422301015747e-09
74084640.20408162	3.7148995563192102e-09	chr4	9.823100634505567e-09
77983281.53061225	3.749361758620313e-09	chr4	9.914227104052927e-09
81881922.85714285	3.7613202134091065e-09	chr4	9.945848175643862e-09
85780564.18367347	3.7165565591744066e-09	chr4	9.827482154261752e-09
89679205.51020408	3.639119794268063e-09	chr4	9.622720458029178e-09
93577846.83673468	3.581957114776887e-09	chr4	9.471568389267413e-09
97476488.1632653	3.5849357501130658e-09	chr4	9.479444627700564e-09
101375129.48979591	3.6576066835299e-09	chr4	9.671604302904359e-09
105273770.81632653	3.768179735432666e-09	chr4	9.963986425176722e-09
109172412.14285713	3.841440408374192e-09	chr4	1.0157705515544068e-08
113071053.46938775	3.812587902653488e-09	chr4	1.0081412452177116e-08
116969694.79591836	3.6996297204952016e-09	chr4	9.782723463683691e-09
120868336.12244898	3.590609013026552e-09	chr4	9.494446118771941e-09
124766977.44897959	3.5651524958696802e-09	chr4	9.427132877580641e-09
128665618.77551019	3.657402729760892e-09	chr4	9.671064999386894e-09
132564260.10204081	3.855038892315031e-09	chr4	1.0193663224279515e-08
136462901.42857143	4.080971870357625e-09	chr4	1.0791085132010695e-08
140361542.75510204	4.222840770348116e-09	chr4	1.1166221110894063e-08
144260184.08163264	4.248320613555279e-09	chr4	1.1233596031852459e-08
148158825.40816325	4.251723672160429e-09	chr4	1.1242594548942012e-08
152057466.73469388	4.333025904749736e-09	chr4	1.1457577484665327e-08
155956108.0612245	4.484558073572572e-09	chr4	1.1858265503586206e-08
159854749.3877551	4.648564750122516e-09	chr4	1.2291939163952188e-08
163753390.7142857	4.842221313075812e-09	chr4	1.280401435672201e-08
167652032.0408163	5.190422262578599e-09	chr4	1.3724742606878327e-08
171550673.36734694	5.8349382770040224e-09	chr4	1.54290001713882e-08
175449314.69387755	6.752685197165044e-09	chr4	1.7855746902242372e-08
179347956.02040815	7.603849615260074e-09	chr4	2.010643325558813e-08
183246597.34693876	7.8230565928678e-09	chr4	2.0686069977438023e-08
187145238.67346936	7.004757524844983e-09	chr4	1.852228762681246e-08
191043880.0	5.279290945563718e-09	chr4	1.3959733083197892e-08
10042.0	5.700164741719326e-09	chr5	1.5072626067620667e-08
3701171.7551020407	7.422909555575592e-09	chr5	1.962798359950774e-08
7392301.510204081	8.16739918372628e-09	chr5	2.1596595786135978e-08
11083431.265306123	7.884735656110835e-09	chr5	2.0849164466560276e-08
14774561.020408163	7.000096778025301e-09	chr5	1.8509963475284914e-08
18465690.775510203	6.050273310314621e-09	chr5	1.599839852799961e-08
22156820.530612245	5.418351316178693e-09	chr5	1.4327442625303521e-08
25847950.285714284	5.219938304332146e-09	chr5	1.3802790221378202e-08
29539080.040816326	5.264125979539779e-09	chr5	1.3919633213709199e-08
33230209.795918368	5.170056749813522e-09	chr5	1.3670891223191691e-08
36921339.551020406	4.675705229178537e-09	chr5	1.2363705211188236e-08
40612469.306122445	3.896908133856226e-09	chr5	1.030437571244086e-08
44303599.06122449	3.249474427282176e-09	chr5	8.592403058152127e-09
47994728.81632653	3.078317716457944e-09	chr5	8.139822962995192e-09
51685858.57142857	3.359753725592176e-09	chr5	8.884008424267363e-09
55376988.32653061	3.779564103256576e-09	chr5	9.994089470790504e-09
59068118.08163265	4.07536920833578e-09	chr5	1.0776270326919104e-08
62759247.83673469	4.2447260115692405e-09	chr5	1.1224091027339003e-08
66450377.591836736	4.436517283254581e-09	chr5	1.173123393497971e-08
70141507.34693877	4.722178035771245e-09	chr5	1.2486590648333245e-08
73832637.10204081	4.986675435277633e-09	chr5	1.318598629376776e-08
77523766.85714285	5.0088504619410774e-09	chr5	1.3244622473612066e-08
81214896.61224489	4.666571974559039e-09	chr5	1.2339554658020445e-08
84906026.36734694	4.084363005660318e-09	chr5	1.0800052120979996e-08
88597156.12244898	3.5530340041086017e-09	chr5	9.39508862919578e-09
92288285.87755102	3.29647859728172e-09	chr5	8.716693549764884e-09
95979415.63265306	3.346847886594195e-09	chr5	8.849882237723706e-09
99670545.3877551	3.623541537298872e-09	chr5	9.5815277464636e-09
103361675.14285713	4.042590115254859e-09	chr5	1.0689594408725304e-08
107052804.89795919	4.5222460904825e-09	chr5	1.1957921813860174e-08
110743934.65306123	4.95777612239742e-09	chr5	1.3109569460852992e-08
114435064.40816326	5.24679104151238e-09	chr5	1.3873795408903306e-08
118126194.1632653	5.329906260791034e-09	chr5	1.4093572323690785e-08
121817323.91836734	5.202865746985757e-09	chr5	1.375764621509769e-08
125508453.67346938	4.92078324332509e-09	chr5	1.3011751264592623e-08
129199583.42857142	4.606709191552082e-09	chr5	1.2181262856903337e-08
132890713.18367347	4.416422182109646e-09	chr5	1.1678097585580578e-08
136581842.9387755	4.4494855347641354e-09	chr5	1.176552515542879e-08
140272972.69387755	4.681281340711862e-09	chr5	1.2378449810311489e-08
143964102.4489796	4.975163363142091e-09	chr5	1.3155545566802006e-08
147655232.20408162	5.180886158725554e-09	chr5	1.3699526822066537e-08
151346361.95918366	5.275102829291357e-09	chr5	1.3948658682130325e-08
155037491.7142857	5.425825881108762e-09	chr5	1.4347207198313934e-08
158728621.46938774	5.881803588573727e-09	chr5	1.555292348743952e-08
162419751.22448978	6.744344375656834e-09	chr5	1.7833691735525894e-08
166110880.97959185	7.798742137251136e-09	chr5	2.0621776625551986e-08
169802010.73469388	8.547383182629737e-09	chr5	2.260136617202196e-08
173493140.48979592	8.457886615267923e-09	chr5	2.2364715416245143e-08
177184270.24489796	7.301070632280698e-09	chr5	1.9305811765093085e-08
180875400.0	5.352688927377711e-09	chr5	1.4153815251718983e-08
63978.0	6.294785192716901e-09	chr6	1.6644947590970722e-08
3553558.1428571427	8.02198193308097e-09	chr6	2.1212077102541385e-08
7043138.285714285	8.800417376272534e-09	chr6	2.3270450304834132e-08
10532718.42857143	8.686672995209298e-09	chr6	2.2969682414651716e-08
14022298.57142857	8.123630528209001e-09	chr6	2.148086078408138e-08
17511878.714285713	7.528369960979032e-09	chr6	1.990684663726378e-08
21001458.85714286	7.112835127689458e-09	chr6	1.8808071173038218e-08
24491039.0	6.9642690888139705e-09	chr6	1.8415226325251873e-08
27980619.14285714	7.082795657786883e-09	chr6	1.8728639486827954e-08
31470199.285714284	7.307685832137392e-09	chr6	1.9323303967217133e-08
34959779.428571425	7.364374359415845e-09	chr6	1.9473202261864405e-08
38449359.57142857	7.06504683788523e-09	chr6	1.8681707277384746e-08
41938939.71428572	6.4119145943420365e-09	chr6	1.6954666301256156e-08
45428519.85714286	5.528758402076084e-09	chr6	1.461938589297215e-08
48918100.0	4.5694736935235454e-09	chr6	1.2082803116938617e-08
52407680.14285714	3.670392087398145e-09	chr6	9.705412029586208e-09
55897260.28571428	2.9418613270904658e-09	chr6	7.778998982519625e-09
59386840.428571425	2.488173875802492e-09	chr6	6.579338689408011e-09
62876420.57142857	2.379708838954343e-09	chr6	6.292530673166409e-09
66366000.71428571	2.566905168401365e-09	chr6	6.787523432644978e-09
69855580.85714285	2.8725090632126673e-09	chr6	7.595614679128824e-09
73345161.0	3.1201546555627645e-09	chr6	8.250450035634951e-09
76834741.14285713	3.2627091794753357e-09	chr6	8.627398971418476e-09
80324321.28571428	3.3753058797894133e-09	chr6	8.925132113736419e-09
83813901.42857143	3.538331876095198e-09	chr6	9.356212616311023e-09
87303481.57142857	3.741231484784692e-09	chr6	9.892728676743489e-09
90793061.71428572	3.911047988382028e-09	chr6	1.0341764937064162e-08
94282641.85714285	4.02776025546383e-09	chr6	1.0650380641861786e-08
97772222.0	4.160428253802795e-09	chr6	1.1001187192322954e-08
101261802.14285713	4.35039389099132e-09	chr6	1.150350267701126e-08
104751382.28571428	4.502096768165579e-09	chr6	1.190464209045567e-08
108240962.42857142	4.463071002416532e-09	chr6	1.1801448445922422e-08
111730542.57142857	4.218120428448558e-09	chr6	1.1153739375437783e-08
115220122.71428572	3.949168241323366e-09	chr6	1.0442564184844254e-08
118709702.85714285	3.875454995906824e-09	chr6	1.0247648382453046e-08
122199283.0	4.066332029667917e-09	chr6	1.0752373822004074e-08
125688863.14285713	4.42560693681449e-09	chr6	1.1702384317536885e-08
129178443.28571428	4.803594372504325e-09	chr6	1.2701875303247104e-08
132668023.42857142	5.085686229228022e-09	chr6	1.3447794985532398e-08
136157603.57142857	5.239417430765636e-09	chr6	1.3854297783380234e-08
139647183.7142857	5.358783287844506e-09	chr6	1.4169930227443278e-08
143136763.85714287	5.631952022397657e-09	chr6	1.4892254998015235e-08
146626344.0	6.183456327553797e-09	chr6	1.6350566914065953e-08
150115924.14285713	6.948255255014853e-09	chr6	1.8372881842293944e-08
153605504.28571427	7.739569031439385e-09	chr6	2.046530849917793e-08
157095084.42857143	8.388653966585164e-09	chr6	2.2181647404608795e-08
160584664.57142857	8.72764230456922e-09	chr6	2.3078015262597533e-08
164074244.7142857	8.489276596194008e-09	chr6	2.2447718183043406e-08
167563824.85714287	7.421265991476622e-09	chr6	1.962363761510125e-08
171053405.0	5.602694783538642e-09	chr6	1.4814891721500531e-08
16863.0	5.375342645191374e-09	chr7	1.421371720773574e-08
3264040.612244898	7.376539872754439e-09	chr7	1.9505370846770596e-08
6511218.224489796	8.765754382526342e-09	chr7	2.3178792893725164e-08
9758395.836734693	9.346533129928411e-09	chr7	2.4714513576242156e-08
13005573.448979592	9.294913129735203e-09	chr7	2.4578017703617947e-08
16252751.06122449	8.918804797853077e-09	chr7	2.3583495526761362e-08
19499928.673469387	8.442850082039737e-09	chr7	2.232495515439814e-08
22747106.285714287	7.97953040210069e-09	chr7	2.1099824899060196e-08
25994283.897959184	7.581158894914356e-09	chr7	2.0046433455850268e-08
29241461.51020408	7.252327426339178e-09	chr7	1.9176922838231655e-08
32488639.12244898	6.952223587720199e-09	chr7	1.8383375081996618e-08
35735816.73469388	6.633795245434306e-09	chr7	1.7541372868011496e-08
38982994.346938774	6.280181281331734e-09	chr7	1.6606331286809855e-08
42230171.95918367	5.8974897650816354e-09	chr7	1.5594401564591217e-08
45477349.571428575	5.482737019176174e-09	chr7	1.4497694130190589e-08
48724527.18367347	5.011334852487968e-09	chr7	1.325119180825693e-08
51971704.79591837	4.46833999093788e-09	chr7	1.1815380936882833e-08
55218882.408163264	3.903308764064532e-09	chr7	1.032130054007274e-08
58466060.02040816	3.4533806694271115e-09	chr7	9.131580902997589e-09
61713237.632653065	3.2863519003667054e-09	chr7	8.68991609282877e-09
64960415.24489796	3.4886203091485133e-09	chr7	9.224763106731259e-09
68207592.85714285	3.992914389912493e-09	chr7	1.055823967309051e-08
71454770.46938775	4.597087227989564e-09	chr7	1.21558200380752e-08
74701948.08163266	5.044895321184961e-09	chr7	1.3339933874187342e-08
77949125.69387755	5.144598742060909e-09	chr7	1.3603574040501639e-08
81196303.30612245	4.894432581199336e-09	chr7	1.2942073685987077e-08
84443480.91836734	4.50272182605785e-09	chr7	1.1906294895998615e-08
87690658.53061225	4.231809568657774e-09	chr7	1.1189936801461388e-08
90937836.14285715	4.208452281272159e-09	chr7	1.1128174435868576e-08
94185013.75510204	4.395777432734497e-09	chr7	1.1623507832180308e-08
97432191.36734694	4.68980545673153e-09	chr7	1.2400989652428879e-08
100679368.97959183	4.967704210337183e-09	chr7	1.3135821747210134e-08
103926546.59183674	5.077016623313301e-09	chr7	1.3424870432641878e-08
107173724.20408164	4.889414118887036e-09	chr7	1.2928803647436414e-08
110420901.81632653	4.416496731239787e-09	chr7	1.1678294711666084e-08
113668079.42857143	3.845334766632463e-09	chr7	1.0168003148763448e-08
116915257.04081632	3.4398525408648186e-09	chr7	9.095809231045415e-09
120162434.65306123	3.405739720977431e-09	chr7	9.005606613827793e-09
123409612.26530613	3.808430207795888e-09	chr7	1.0070418492751133e-08
126656789.87755102	4.550038501692513e-09	chr7	1.2031411728742831e-08
129903967.48979592	5.4086371419541415e-09	chr7	1.4301755978991223e-08
133151145.10204081	6.1544447523192965e-09	chr7	1.627385323210132e-08
136398322.7142857	6.690085059659909e-09	chr7	1.769021686808551e-08
139645500.3265306	7.123885362028374e-09	chr7	1.8837290688209603e-08
142892677.9387755	7.70736331078103e-09	chr7	2.038014871753709e-08
146139855.5510204	8.584746165980611e-09	chr7	2.270016301427754e-08
149387033.16326532	9.474781798150013e-09	chr7	2.5053634339827577e-08
152634210.7755102	9.677117488685573e-09	chr7	2.5588659263099606e-08
155881388.3877551	8.611578041441594e-09	chr7	2.2771113038327962e-08
159128566.0	6.418071211286741e-09	chr7	1.6970945898294808e-08
11739.0	9.858743008270795e-09	chr8	2.6068921442367716e-08
2997291.0	1.3259995791722034e-08	chr8	3.5062663498838756e-08
5982843.0	1.526781766803331e-08	chr8	4.037183432517178e-08
8968395.0	1.5515217587413825e-08	chr8	4.10260200624172e-08
11953947.0	1.4488796363605689e-08	chr8	3.83119119628567e-08
14939499.0	1.2979590524279498e-08	chr8	3.4321203570037174e-08
17925051.0	1.1493472118904133e-08	chr8	3.039154398450119e-08
20910603.0	1.0139500303453652e-08	chr8	2.6811312218387882e-08
23896155.0	8.860216621825626e-09	chr8	2.342857409742398e-08
26881707.0	7.622712556658423e-09	chr8	2.01563114740459e-08
29867259.0	6.457683699301378e-09	chr8	1.7075690979622516e-08
32852811.0	5.430110123262135e-09	chr8	1.4358535779659717e-08
35838363.0	4.576801437428446e-09	chr8	1.2102179459343159e-08
38823915.0	3.858803008644975e-09	chr8	1.0203616466069357e-08
41809467.0	3.2295613415828853e-09	chr8	8.539748001991879e-09
44795019.0	2.7584598044481637e-09	chr8	7.294040617932801e-09
47780571.0	2.6020905270159883e-09	chr8	6.8805621038910625e-09
50766123.0	2.8172091973667042e-09	chr8	7.449388344057255e-09
53751675.0	3.260491934793227e-09	chr8	8.621536035607298e-09
56737227.0	3.7078209300084545e-09	chr8	9.804383019789354e-09
59722779.0	4.0460895246018195e-09	chr8	1.0698847700679873e-08
62708331.0	4.329684653879573e-09	chr8	1.1448742402304376e-08
65693883.0	4.653881643162144e-09	chr8	1.2305998326144695e-08
68679435.0	4.98123354143962e-09	chr8	1.3171596598971797e-08
71664987.0	5.123917877891047e-09	chr8	1.3548888790774352e-08
74650539.0	4.928724205496951e-09	chr8	1.3032749105682646e-08
77636091.0	4.451825861845459e-09	chr8	1.1771713551128048e-08
80621643.0	3.9184404690202254e-09	chr8	1.0361312459183333e-08
83607195.0	3.553638676793139e-09	chr8	9.396687531276739e-09
86592747.0	3.4875407368129985e-09	chr8	9.221908454126734e-09
89578299.0	3.752512055809942e-09	chr8	9.922557258301562e-09
92563851.0	4.274784067871167e-09	chr8	1.1303571860523094e-08
95549403.0	4.862504174608765e-09	chr8	1.2857647190389078e-08
98534955.0	5.26274256001266e-09	chr8	1.3915975115009999e-08
101520507.0	5.2844110246974226e-09	chr8	1.397327182141262e-08
104506059.0	4.908498007402194e-09	chr8	1.2979266103968571e-08
107491611.0	4.3231146581172294e-09	chr8	1.1431369730832815e-08
110477163.0	3.859354549241746e-09	chr8	1.0205074873949292e-08
113462715.0	3.835885870250825e-09	chr8	1.0143017961779332e-08
116448267.0	4.3862843247139084e-09	chr8	1.159840573883788e-08
119433819.0	5.3888957549290545e-09	chr8	1.4249554936009514e-08
122419371.0	6.551407327161358e-09	chr8	1.7323519114499934e-08
125404923.0	7.580762842079127e-09	chr8	2.0045386195541327e-08
128390475.0	8.318564642084682e-09	chr8	2.199631413313404e-08
131376027.0	8.751475305368296e-09	chr8	2.3141035530500424e-08
134361579.0	8.889416248239998e-09	chr8	2.3505785032581145e-08
137347131.0	8.630551240402999e-09	chr8	2.2821282804678534e-08
140332683.0	7.78718104091482e-09	chr8	2.0591206266640488e-08
143318235.0	6.300263756032658e-09	chr8	1.6659434248810945e-08
146303787.0	4.422599039181771e-09	chr8	1.1694430702453476e-08
10468.0	6.8578707650421515e-09	chr9	1.8133883202535293e-08
2890798.897959184	8.99616520733539e-09	chr9	2.3788055320626758e-08
5771129.795918368	1.0246627827461727e-08	chr9	2.709458352440925e-08
8651460.693877552	1.0585296497024491e-08	chr9	2.7990106101112604e-08
11531791.591836736	1.0344934139518095e-08	chr9	2.7354529394195728e-08
14412122.48979592	9.838680866986739e-09	chr9	2.601587224688093e-08
17292453.387755103	9.220580548628667e-09	chr9	2.438146422658248e-08
20172784.285714287	8.568829781391691e-09	chr9	2.2658076210803003e-08
23053115.18367347	7.938780938410774e-09	chr9	2.0992073376694736e-08
25933446.081632655	7.3550936600004445e-09	chr9	1.9448661828688763e-08
28813776.97959184	6.866538746886195e-09	chr9	1.8156803460986768e-08
31694107.877551023	6.6041285572954215e-09	chr9	1.7462926907720315e-08
34574438.77551021	6.667699939608883e-09	chr9	1.763102515007454e-08
37454769.673469394	6.907421787540677e-09	chr9	1.826490819343113e-08
40335100.571428575	6.899889989450622e-09	chr9	1.8244992281984332e-08
43215431.469387755	6.2402621980630515e-09	chr9	1.6500775492840014e-08
46095762.36734694	4.891913595315214e-09	chr9	1.2935412872831432e-08
48976093.26530613	3.2440772140710203e-09	chr9	8.578131509832904e-09
51856424.16326531	1.836725941569573e-09	chr9	4.856751437963935e-09
54736755.06122449	1.0511980468943322e-09	chr9	2.779624063825279e-09
57617085.95918368	1.0294076894435865e-09	chr9	2.72200504321504e-09
60497416.857142866	1.7446906740236658e-09	chr9	4.613387739613269e-09
63377747.755102046	3.006845817128246e-09	chr9	7.950833826408548e-09
66258078.653061226	4.440887595458723e-09	chr9	1.1742790106535538e-08
69138409.55102041	5.647780390848621e-09	chr9	1.493410906535048e-08
72018740.4489796	6.463724801996032e-09	chr9	1.709166512880564e-08
74899071.34693879	6.980401074687292e-09	chr9	1.8457883231115856e-08
77779402.24489796	7.306482463313534e-09	chr9	1.9320121966498682e-08
80659733.14285715	7.433137466915641e-09	chr9	1.9655028692073754e-08
83540064.04081634	7.342495420474661e-09	chr9	1.9415349010184996e-08
86420394.93877551	7.098006627982613e-09	chr9	1.876886100256906e-08
89300725.8367347	6.767855445403676e-09	chr9	1.789586073919525e-08
92181056.73469388	6.361542751637445e-09	chr9	1.682147086150571e-08
95061387.63265307	5.906833138836561e-09	chr9	1.5619107724009257e-08
97941718.53061226	5.524653452075038e-09	chr9	1.4608531403813408e-08
100822049.42857143	5.365355750020036e-09	chr9	1.4187309420712954e-08
103702380.32653062	5.491766376341446e-09	chr9	1.4521569953144802e-08
106582711.22448981	5.842746519672552e-09	chr9	1.5449647069735997e-08
109463042.12244898	6.27633029867666e-09	chr9	1.6596148349266313e-08
112343373.02040817	6.629931321880907e-09	chr9	1.7531155711576e-08
115223703.91836736	6.77837127505206e-09	chr9	1.7923667158002907e-08
118104034.81632654	6.696122898553622e-09	chr9	1.770618238698278e-08
120984365.71428573	6.510169742295828e-09	chr9	1.7214476880674526e-08
123864696.6122449	6.501727664469036e-09	chr9	1.7192153967551384e-08
126745027.51020409	6.9938800850054426e-09	chr9	1.849352502244868e-08
129625358.40816328	8.08944533336861e-09	chr9	2.139046678983297e-08
132505689.30612245	9.389164430869947e-09	chr9	2.4827241135353746e-08
135386020.20408165	1.0032121141878406e-08	chr9	2.652737552125479e-08
138266351.10204083	9.26348152226511e-09	chr9	2.4494904866082997e-08
141146682.0	7.1167350539098785e-09	chr9	1.8818383529307762e-08
