pos	val	Chromosome	valScaled
60683.0	6.732450486345695e-09	chr10	1.781337717602119e-08
2825248.0816326533	9.464459423272611e-09	chr10	2.504199411727335e-08
5589813.1632653065	1.1435296052199007e-08	chr10	3.0256626782539313e-08
8354378.24489796	1.2290512793410748e-08	chr10	3.251944303486076e-08
11118943.326530613	1.2168802505507009e-08	chr10	3.2197410029340916e-08
13883508.408163266	1.1393388092368603e-08	chr10	3.014574259606805e-08
16648073.48979592	1.0249737343691382e-08	chr10	2.7119759384584497e-08
19412638.571428575	9.016670535129879e-09	chr10	2.3857190400425327e-08
22177203.653061226	7.982191414022099e-09	chr10	2.112006417834834e-08
24941768.734693877	7.29004671752945e-09	chr10	1.9288719920561073e-08
27706333.816326533	6.814540054081978e-09	chr10	1.8030577797885202e-08
30470898.897959188	6.280051091068551e-09	chr10	1.661637452763634e-08
33235463.97959184	5.539906625379832e-09	chr10	1.465802777725211e-08
36000029.06122449	4.736819156848423e-09	chr10	1.2533140262475743e-08
38764594.14285715	4.199785057127758e-09	chr10	1.111220282014162e-08
41529159.2244898	4.17922727883805e-09	chr10	1.105780903598854e-08
44293724.30612245	4.63849279361171e-09	chr10	1.2272978736114077e-08
47058289.3877551	5.263017925051246e-09	chr10	1.3925408522979863e-08
49822854.469387755	5.673579939552782e-09	chr10	1.5011713729872313e-08
52587419.55102041	5.6724860312079865e-09	chr10	1.500881935998703e-08
55351984.632653065	5.341040909723422e-09	chr10	1.4131849380908667e-08
58116549.71428572	4.936309769251098e-09	chr10	1.3060972071860971e-08
60881114.795918375	4.702811947341771e-09	chr10	1.2443160655366182e-08
63645679.87755103	4.759054711371373e-09	chr10	1.2591973271383663e-08
66410244.95918368	5.083735160336258e-09	chr10	1.3451044617072934e-08
69174810.04081634	5.5398053033964e-09	chr10	1.4657759689620309e-08
71939375.12244898	5.954372831804098e-09	chr10	1.5754663077686017e-08
74703940.20408164	6.242677876320088e-09	chr10	1.6517488814039927e-08
77468505.2857143	6.4177510395355085e-09	chr10	1.6980714543821443e-08
80233070.36734694	6.471479680054946e-09	chr10	1.7122875045509304e-08
82997635.4489796	6.359909149142244e-09	chr10	1.6827670802580566e-08
85762200.53061225	6.1260434039616404e-09	chr10	1.6208885898643667e-08
88526765.6122449	5.908885596718356e-09	chr10	1.563430849402884e-08
91291330.69387756	5.792651666396147e-09	chr10	1.5326765371999182e-08
94055895.7755102	5.72292954904751e-09	chr10	1.5142287762195586e-08
96820460.85714287	5.586338741824102e-09	chr10	1.4780882420591888e-08
99585025.93877551	5.340033341472961e-09	chr10	1.4129183458105007e-08
102349591.02040817	5.0749864700592926e-09	chr10	1.342789647509761e-08
105114156.10204083	4.969038206488527e-09	chr10	1.3147568178000104e-08
107878721.18367347	5.165363945204126e-09	chr10	1.366702605447388e-08
110643286.26530613	5.687304037218993e-09	chr10	1.5048026292233463e-08
113407851.34693879	6.457424138855305e-09	chr10	1.708568551737091e-08
116172416.42857143	7.371431369422754e-09	chr10	1.950405540701654e-08
118936981.51020409	8.350400462916824e-09	chr10	2.2094307758882405e-08
121701546.59183675	9.338962463489088e-09	chr10	2.470994196425688e-08
124466111.6734694	1.0233036073089634e-08	chr10	2.7075569526352175e-08
127230676.75510205	1.0762792815103928e-08	chr10	2.8477251822594794e-08
129995241.8367347	1.0491600116986406e-08	chr10	2.775970360909543e-08
132759806.91836736	9.099928872695806e-09	chr10	2.407748346802654e-08
135524372.0	6.771693263175554e-09	chr10	1.7917209560161623e-08
87267.0	7.469412924224874e-09	chr11	1.9763304605435904e-08
2839495.224489796	9.787686210843146e-09	chr11	2.589721922320842e-08
5591723.448979592	1.1126110221117518e-08	chr11	2.9438552615086265e-08
8343951.673469388	1.1370777788009064e-08	chr11	3.008591803732262e-08
11096179.897959184	1.092806013000547e-08	chr11	2.8914532278081278e-08
13848408.12244898	1.0333600437750695e-08	chr11	2.734165257617298e-08
16600636.346938776	9.85663223557391e-09	chr11	2.60796433711182e-08
19352864.57142857	9.397141609664793e-09	chr11	2.486387804989295e-08
22105092.795918368	8.729123926999392e-09	chr11	2.309637140937558e-08
24857321.020408165	7.84170234909444e-09	chr11	2.0748344444539896e-08
27609549.24489796	7.002591995545428e-09	chr11	1.8528144050881105e-08
30361777.469387755	6.474167355658338e-09	chr11	1.712998636097269e-08
33114005.69387755	6.23792027772596e-09	chr11	1.6504900693506223e-08
35866233.91836735	6.052806143593824e-09	chr11	1.6015107579008597e-08
38618462.14285714	5.718715621583826e-09	chr11	1.5131138140010436e-08
41370690.36734694	5.189819946670952e-09	chr11	1.3731734139476425e-08
44122918.591836736	4.4920589407688145e-09	chr11	1.1885529699939386e-08
46875146.81632653	3.6885100201739857e-09	chr11	9.759421230078238e-09
49627375.04081633	2.94400507777548e-09	chr11	7.789537103153888e-09
52379603.26530612	2.4982595445499455e-09	chr11	6.610139894963944e-09
55131831.48979592	2.503814268640482e-09	chr11	6.624837128242398e-09
57884059.71428572	2.9136089616351063e-09	chr11	7.709112080705854e-09
60636287.93877551	3.545746344395741e-09	chr11	9.381683108003546e-09
63388516.16326531	4.235629371594112e-09	chr11	1.1207043219562315e-08
66140744.3877551	4.902701996887438e-09	chr11	1.297204933468319e-08
68892972.6122449	5.501616216683016e-09	chr11	1.4556715262035882e-08
71645200.8367347	5.9802102380908595e-09	chr11	1.5823026218918117e-08
74397429.06122449	6.297545619424073e-09	chr11	1.6662663264960965e-08
77149657.28571428	6.4337561283530655e-09	chr11	1.7023062376073767e-08
79901885.51020408	6.384987558593679e-09	chr11	1.6894025715615448e-08
82654113.73469388	6.193897378791181e-09	chr11	1.6388420593920265e-08
85406341.95918368	5.971858870174955e-09	chr11	1.5800929351377325e-08
88158570.18367347	5.8474563790082654e-09	chr11	1.5471773050668795e-08
90910798.40816326	5.882440832170313e-09	chr11	1.5564338344797035e-08
93663026.63265306	6.029193244397347e-09	chr11	1.5952630256604325e-08
96415254.85714287	6.158645737505219e-09	chr11	1.629514834727334e-08
99167483.08163266	6.15865934986652e-09	chr11	1.629518436419268e-08
101919711.30612245	6.048025686993597e-09	chr11	1.6002458978522617e-08
104671939.53061225	5.9966071193661745e-09	chr11	1.586641069404497e-08
107424167.75510204	6.211122666266577e-09	chr11	1.6433996947342684e-08
110176395.97959185	6.786578953076928e-09	chr11	1.7956595577077197e-08
112928624.20408164	7.649598229394907e-09	chr11	2.0240056541314228e-08
115680852.42857143	8.616191461794823e-09	chr11	2.279756362724827e-08
118433080.65306123	9.498387183482189e-09	chr11	2.5131763509647873e-08
121185308.87755102	1.0180828841504198e-08	chr11	2.693743451749717e-08
123937537.10204081	1.0606958718882653e-08	chr11	2.8064930701406617e-08
126689765.32653062	1.067162302754412e-08	chr11	2.8236025865396245e-08
129441993.55102041	1.0143410154948518e-08	chr11	2.6838428490137666e-08
132194221.7755102	8.796470287171073e-09	chr11	2.3274563008051784e-08
134946450.0	6.705596103822341e-09	chr11	1.774232321941388e-08
60316.0	7.389349923672154e-09	chr12	1.9551466073599375e-08
2790550.6530612246	9.6960980657334e-09	chr12	2.5654886334611476e-08
5520785.306122449	1.1014594094460879e-08	chr12	2.914349232026902e-08
8251019.959183674	1.1189104266262786e-08	chr12	2.960522843220394e-08
10981254.612244898	1.0550827873089495e-08	chr12	2.791641420962543e-08
13711489.265306123	9.596125815697227e-09	chr12	2.5390369959683558e-08
16441723.918367349	8.718202587768142e-09	chr12	2.3067474659909972e-08
19171958.57142857	8.095719718342801e-09	chr12	2.1420448489992417e-08
21902193.224489797	7.672230696004013e-09	chr12	2.0299939739111133e-08
24632427.877551023	7.227670314149433e-09	chr12	1.9123678320545537e-08
27362662.530612245	6.541012752406754e-09	chr12	1.7306852461536712e-08
30092897.18367347	5.557445784109436e-09	chr12	1.4704434601993588e-08
32823131.836734697	4.460843450140882e-09	chr12	1.180293669618575e-08
35553366.48979592	3.5907399525707255e-09	chr12	9.500731605212196e-09
38283601.14285714	3.2279267722100698e-09	chr12	8.540764942359816e-09
41013835.79591837	3.4107509685581146e-09	chr12	9.024499115088711e-09
43744070.448979594	3.943522192987711e-09	chr12	1.0434157424279834e-08
46474305.10204082	4.5496258538401554e-09	chr12	1.2037845879238258e-08
49204539.755102046	4.999644078580002e-09	chr12	1.32285481932965e-08
51934774.408163264	5.168864511179156e-09	chr12	1.3676288194933615e-08
54665009.06122449	5.084802443231009e-09	chr12	1.3453868538733593e-08
57395243.71428572	4.9348648714897875e-09	chr12	1.305714901978577e-08
60125478.36734694	4.944945130219844e-09	chr12	1.3083820356048035e-08
62855713.02040817	5.1903317124974446e-09	chr12	1.373308821964554e-08
65585947.673469394	5.532723064619234e-09	chr12	1.4639020808310423e-08
68316182.32653062	5.753467566883391e-09	chr12	1.5223088242053834e-08
71046416.97959185	5.7301136904095056e-09	chr12	1.516129626734934e-08
73776651.63265306	5.477243285166903e-09	chr12	1.4492226971648541e-08
76506886.28571428	5.066354108748179e-09	chr12	1.340505612769863e-08
79237120.93877551	4.584670508588226e-09	chr12	1.2130570460621652e-08
81967355.59183674	4.185801387245e-09	chr12	1.1075203456175743e-08
84697590.24489796	4.101271990206665e-09	chr12	1.0851547294877659e-08
87427824.89795919	4.51048723790066e-09	chr12	1.1934289094187753e-08
90158059.55102041	5.361882336486835e-09	chr12	1.4186993669986773e-08
92888294.20408164	6.344219381755943e-09	chr12	1.678615727866783e-08
95618528.85714287	7.088609948876077e-09	chr12	1.8755738780273604e-08
98348763.51020409	7.427111913815318e-09	chr12	1.9651380447229247e-08
101078998.16326532	7.4500829315030194e-09	chr12	1.9712159416642834e-08
103809232.81632653	7.3575517035890596e-09	chr12	1.9467331227154518e-08
106539467.46938775	7.33287743118494e-09	chr12	1.9402045619518798e-08
109269702.12244898	7.519066768930745e-09	chr12	1.989468361309131e-08
111999936.7755102	7.966867720472042e-09	chr12	2.107951924846129e-08
114730171.42857143	8.57706628583023e-09	chr12	2.2694042403000278e-08
117460406.08163266	9.232143377157125e-09	chr12	2.442730955897022e-08
120190640.73469388	1.0007043081729012e-08	chr12	2.6477615125884068e-08
122920875.38775511	1.1037196425456394e-08	chr12	2.9203295782306648e-08
125651110.04081634	1.2052599277221256e-08	chr12	3.1889948141767646e-08
128381344.69387756	1.2255505426149016e-08	chr12	3.2426817112362336e-08
131111579.34693879	1.0945879747090119e-08	chr12	2.896168116701925e-08
133841814.0	8.26733362193027e-09	chr12	2.1874521371694695e-08
19020094.0	8.7264735482605e-09	chr13	2.3089358777610823e-08
20981109.448979594	1.2037473216395207e-08	chr13	3.1849926127906826e-08
22942124.897959184	1.4557691071908642e-08	chr13	3.851816547360335e-08
24903140.346938774	1.5806156857199966e-08	chr13	4.1821478579263215e-08
26864155.795918368	1.5831275032476857e-08	chr13	4.188793870861554e-08
28825171.24489796	1.5023912137586703e-08	chr13	3.97517388518515e-08
30786186.69387755	1.3824887070920249e-08	chr13	3.6579240843978775e-08
32747202.14285714	1.2584459088517472e-08	chr13	3.329719494478565e-08
34708217.591836736	1.1547701286547913e-08	chr13	3.055403956560799e-08
36669233.04081633	1.0831900405478904e-08	chr13	2.866010345671704e-08
38630248.48979592	1.0395660384570106e-08	chr13	2.7505856864412464e-08
40591263.93877551	1.0081265909623925e-08	chr13	2.667400115665318e-08
42552279.3877551	9.721655673899936e-09	chr13	2.572250915856106e-08
44513294.8367347	9.220805880249628e-09	chr13	2.4397311698747584e-08
46474310.28571428	8.563802261214396e-09	chr13	2.265894714699608e-08
48435325.73469388	7.787865323849142e-09	chr13	2.0605897167924278e-08
50396341.18367347	6.953843654850797e-09	chr13	1.839916091446446e-08
52357356.632653065	6.140348132906317e-09	chr13	1.6246734752134543e-08
54318372.08163266	5.454440148625993e-09	chr13	1.4431892198622974e-08
56279387.530612245	5.005802423709803e-09	chr13	1.3244842546266457e-08
58240402.97959184	4.825393431339443e-09	chr13	1.2767498756875512e-08
60201418.42857143	4.830516645385355e-09	chr13	1.278105425859638e-08
62162433.87755102	4.929376479238649e-09	chr13	1.3042627293787523e-08
64123449.32653061	5.167160326391502e-09	chr13	1.367177909583787e-08
66084464.77551021	5.721436870106137e-09	chr13	1.5138338285992338e-08
68045480.22448981	6.709786753279555e-09	chr13	1.775341125036862e-08
70006495.6734694	7.979785039024211e-09	chr13	2.111369715559024e-08
71967511.12244898	9.097172000838578e-09	chr13	2.407018906633456e-08
73928526.57142857	9.595908035820288e-09	chr13	2.538979373634599e-08
75889542.02040817	9.300124520403168e-09	chr13	2.46071807289038e-08
77850557.46938775	8.421999547655777e-09	chr13	2.228375163292197e-08
79811572.91836736	7.360965427335152e-09	chr13	1.9476363591935696e-08
81772588.36734694	6.439039467094035e-09	chr13	1.7037041551402642e-08
83733603.81632653	5.816403650657235e-09	chr13	1.538961069929565e-08
85694619.26530613	5.574764174890147e-09	chr13	1.4750257297263939e-08
87655634.71428572	5.7900034745638135e-09	chr13	1.531975852656608e-08
89616650.16326532	6.494306188924814e-09	chr13	1.7183271659332967e-08
91577665.6122449	7.595424171973739e-09	chr13	2.0096717511943584e-08
93538681.06122449	8.878141825981206e-09	chr13	2.3490657568022417e-08
95499696.51020409	1.0116065323476809e-08	chr13	2.6766076855646155e-08
97460711.95918368	1.120092263634787e-08	chr13	2.9636498633798204e-08
99421727.40816326	1.21923313645997e-08	chr13	3.225966499020392e-08
101382742.85714287	1.3260872319888229e-08	chr13	3.50869153507056e-08
103343758.30612245	1.453214367243712e-08	chr13	3.845056966081933e-08
105304773.75510204	1.5889093383814118e-08	chr13	4.2040920167915567e-08
107265789.20408164	1.6886695789962977e-08	chr13	4.4680474364188856e-08
109226804.65306123	1.690945051634766e-08	chr13	4.47406810488796e-08
111187820.10204083	1.5511940044852152e-08	chr13	4.1043010908315214e-08
113148835.55102041	1.2732171900797585e-08	chr13	3.368802797715819e-08
115109851.0	9.162254127276457e-09	chr13	2.42423897335369e-08
19000058.0	1.1970130363741015e-08	chr14	3.1671743809764075e-08
20801882.020408165	1.558861812871947e-08	chr14	4.12458932959144e-08
22603706.040816326	1.7405243798928455e-08	chr14	4.605249949624306e-08
24405530.06122449	1.7134421416981884e-08	chr14	4.533593110155424e-08
26207354.08163265	1.5569569952885604e-08	chr14	4.11954937658574e-08
28009178.102040816	1.3958610547101313e-08	chr14	3.693305952015517e-08
29811002.12244898	1.3139357207405426e-08	chr14	3.476539875943874e-08
31612826.14285714	1.3068535156813764e-08	chr14	3.4578010838483774e-08
33414650.163265307	1.3027651966177985e-08	chr14	3.446983808675967e-08
35216474.18367347	1.2302899780106949e-08	chr14	3.255221773800062e-08
37018298.20408163	1.0755509967565581e-08	chr14	2.8457982150967926e-08
38820122.22448979	8.827924766010039e-09	chr14	2.3357788350231433e-08
40621946.24489796	7.121635690513843e-09	chr14	1.8843121523526525e-08
42423770.26530612	6.028758492543868e-09	chr14	1.5951479947551226e-08
44225594.28571428	5.6608967849014495e-09	chr14	1.4978155396536747e-08
46027418.30612245	5.948657718693966e-09	chr14	1.5739541471423797e-08
47829242.32653061	6.7179627203100186e-09	chr14	1.7775044025060055e-08
49631066.346938774	7.708862873980697e-09	chr14	2.0396864745006274e-08
51432890.36734694	8.616483152752535e-09	chr14	2.2798335411765527e-08
53234714.3877551	9.18649076443902e-09	chr14	2.4306517402968813e-08
55036538.408163264	9.302463340913683e-09	chr14	2.461336900937988e-08
56838362.42857143	9.010112910255968e-09	chr14	2.3839839593984976e-08
58640186.448979594	8.482371448871115e-09	chr14	2.244348952469903e-08
60442010.469387755	7.933349019833377e-09	chr14	2.0990832185981193e-08
62243834.48979592	7.513449671917554e-09	chr14	1.9879821347422487e-08
64045658.510204084	7.2780633404637766e-09	chr14	1.9257013127329357e-08
65847482.530612245	7.251531094106863e-09	chr14	1.9186811510155736e-08
67649306.55102041	7.46822295579312e-09	chr14	1.9760156070360095e-08
69451130.57142857	7.921986812777426e-09	chr14	2.0960768945226552e-08
71252954.59183674	8.512353283670251e-09	chr14	2.2522818400981054e-08
73054778.6122449	9.063234366656374e-09	chr14	2.3980393548435764e-08
74856602.63265306	9.380758448103668e-09	chr14	2.4820529875730228e-08
76658426.65306123	9.328295136659651e-09	chr14	2.46817173056934e-08
78460250.6734694	8.92529075163523e-09	chr14	2.3615408815405923e-08
80262074.69387755	8.390119192193654e-09	chr14	2.2199399464643246e-08
82063898.71428572	8.04085435777687e-09	chr14	2.1275280343024015e-08
83865722.73469388	8.134117173229346e-09	chr14	2.152204423850635e-08
85667546.75510204	8.785973898331645e-09	chr14	2.324679063397163e-08
87469370.7755102	9.980498269731795e-09	chr14	2.6407380261308084e-08
89271194.79591838	1.1589306786320743e-08	chr14	3.0664123473622375e-08
91073018.81632653	1.3384811996352718e-08	chr14	3.541484709092614e-08
92874842.8367347	1.5065966304934908e-08	chr14	3.986300988849951e-08
94676666.85714287	1.630907895755187e-08	chr14	4.315215915120277e-08
96478490.87755102	1.6863662680753937e-08	chr14	4.4619531106944075e-08
98280314.89795919	1.6657254202029305e-08	chr14	4.407339532899699e-08
100082138.91836736	1.579524956302255e-08	chr14	4.179261899157724e-08
101883962.93877551	1.4420929323889933e-08	chr14	3.815630784009381e-08
103685786.95918368	1.2576856167163414e-08	chr14	3.3277078390494735e-08
105487610.97959185	1.0243811623408905e-08	chr14	2.710408053322934e-08
107289435.0	7.544575072200305e-09	chr14	1.9962175981313338e-08
20000446.0	1.424335611831075e-08	chr15	3.7686467253259566e-08
21684535.285714287	1.8343610964011804e-08	chr15	4.853532328753936e-08
23368624.57142857	2.0462609045595973e-08	chr15	5.4141976041849114e-08
25052713.85714286	2.038473340138918e-08	chr15	5.3935925031760784e-08
26736803.14285714	1.8849714776307517e-08	chr15	4.9874422344699935e-08
28420892.42857143	1.6888393319276458e-08	chr15	4.4684965853578895e-08
30104981.714285716	1.523939432187068e-08	chr15	4.032188272905465e-08
31789071.0	1.415652349856687e-08	chr15	3.745671699964584e-08
33473160.285714284	1.3485540513589876e-08	chr15	3.568136447171727e-08
35157249.57142857	1.2866746652247938e-08	chr15	3.404409904085429e-08
36841338.85714286	1.1965623907549206e-08	chr15	3.165982018640662e-08
38525428.14285714	1.0634355199096097e-08	chr15	2.8137418993199815e-08
40209517.42857143	8.972884679091665e-09	chr15	2.3741337492161753e-08
41893606.71428572	7.2898139934760535e-09	chr15	1.9288104156457127e-08
43577696.0	5.945590163217708e-09	chr15	1.5731425032570247e-08
45261785.28571428	5.149432125510582e-09	chr15	1.362487208484914e-08
46945874.57142857	4.883519195069856e-09	chr15	1.292129359800715e-08
48629963.85714286	5.01553901590202e-09	chr15	1.3270604575928735e-08
50314053.14285714	5.450201133923933e-09	chr15	1.4420676198164354e-08
51998142.42857143	6.162050661027277e-09	chr15	1.6304157427559476e-08
53682231.71428572	7.126668887589816e-09	chr15	1.8856438849528016e-08
55366321.0	8.250931110443769e-09	chr15	2.1831121999603414e-08
57050410.28571428	9.339324596613047e-09	chr15	2.471090013155987e-08
58734499.57142857	1.0111862086020607e-08	chr15	2.6754955518130258e-08
60418588.85714286	1.032498779216303e-08	chr15	2.7318864394566946e-08
62102678.14285714	9.961312943539048e-09	chr15	2.6356617845392882e-08
63786767.428571425	9.297992230238893e-09	chr15	2.4601538906654682e-08
65470856.71428572	8.716462305496592e-09	chr15	2.3062870050554325e-08
67154946.0	8.39856646406827e-09	chr15	2.2221750084275148e-08
68839035.28571428	8.214792832092725e-09	chr15	2.173550380173255e-08
70523124.57142857	7.919753065517307e-09	chr15	2.0954858677851975e-08
72207213.85714287	7.4491925497276785e-09	chr15	1.9709803557297568e-08
73891303.14285713	7.019062202706284e-09	chr15	1.857172253882076e-08
75575392.42857143	6.929469682444443e-09	chr15	1.8334669869987728e-08
77259481.71428572	7.263591010450992e-09	chr15	1.921872081851009e-08
78943571.0	7.792297251433078e-09	chr15	2.0617623596188334e-08
80627660.28571428	8.215216395486227e-09	chr15	2.173662450726194e-08
82311749.57142857	8.503238239507544e-09	chr15	2.2498700923997645e-08
83995838.85714287	8.959074914169262e-09	chr15	2.3704798262980064e-08
85679928.14285713	9.93625831179525e-09	chr15	2.6290325845746725e-08
87364017.42857143	1.1555784615221717e-08	chr15	3.0575427228658206e-08
89048106.71428572	1.3674582461473442e-08	chr15	3.6181550180705316e-08
90732196.0	1.5984861833088276e-08	chr15	4.229431371487787e-08
92416285.28571428	1.8069443466684522e-08	chr15	4.7809904058805076e-08
94100374.57142857	1.9468174679390968e-08	chr15	5.151080415607971e-08
95784463.85714285	1.981496734700621e-08	chr15	5.242838217654013e-08
97468553.14285713	1.892586472582706e-08	chr15	5.007590734269252e-08
99152642.42857143	1.6788452208041042e-08	chr15	4.4420531868741155e-08
100836731.71428572	1.3592948093503232e-08	chr15	3.5965553970985134e-08
102520821.0	9.82459353170487e-09	chr15	2.599487222910868e-08
60179.0	8.842555783629458e-09	chr16	2.3396500530269343e-08
1901660.7959183673	1.2078578725731875e-08	chr16	3.1958687112233644e-08
3743142.5918367347	1.4836023836139288e-08	chr16	3.925460557364429e-08
5584624.387755102	1.6664315220118026e-08	chr16	4.409207806253008e-08
7426106.183673469	1.734877503180129e-08	chr16	4.590308889908513e-08
9267587.979591837	1.6959799378819435e-08	chr16	4.4873899002641366e-08
11109069.775510203	1.5820053946069633e-08	chr16	4.185824885870101e-08
12950551.57142857	1.4371749009962076e-08	chr16	3.802618174656979e-08
14792033.367346939	1.3013998178094897e-08	chr16	3.443371155638283e-08
16633515.163265307	1.200256407316633e-08	chr16	3.1757560096179014e-08
18474996.959183674	1.1441125709723879e-08	chr16	3.027205146163769e-08
20316478.755102042	1.130603759180615e-08	chr16	2.991462208263999e-08
22157960.551020406	1.1422545813559098e-08	chr16	3.022289095181355e-08
23999442.346938774	1.143587586455845e-08	chr16	3.025816090689285e-08
25840924.14285714	1.0933277463173327e-08	chr16	2.892833680939725e-08
27682405.93877551	9.71213867239763e-09	chr16	2.5697328143462748e-08
29523887.734693877	7.932153936087335e-09	chr16	2.0987670116305617e-08
31365369.530612245	5.972098978407586e-09	chr16	1.5801564653266224e-08
33206851.326530613	4.163168038799998e-09	chr16	1.101531792513102e-08
35048333.12244898	2.673754761807419e-09	chr16	7.0744823366848944e-09
36889814.91836735	1.5678085535708115e-09	chr16	4.148261492778999e-09
38731296.71428572	8.785599938327378e-10	chr16	2.3245801173949865e-09
40572778.510204084	6.32507020218134e-10	chr16	1.673549050301674e-09
42414260.30612245	8.678421188117891e-10	chr16	2.296221713473438e-09
44255742.10204081	1.648143444390038e-09	chr16	4.360819418523821e-09
46097223.89795918	3.0177488802030156e-09	chr16	7.984655681404093e-09
47938705.69387755	4.9020389983633874e-09	chr16	1.2970295108224339e-08
49780187.489795916	7.039839877509213e-09	chr16	1.8626698146715085e-08
51621669.28571428	9.02266794696778e-09	chr16	2.3873058940322522e-08
53463151.08163265	1.042844620696372e-08	chr16	2.7592604805820722e-08
55304632.87755102	1.0983231146848807e-08	chr16	2.9060509160378175e-08
57146114.67346939	1.0677074118637134e-08	chr16	2.8250448896335372e-08
58987596.469387755	9.758689392403438e-09	chr16	2.5820496599727012e-08
60829078.26530612	8.587568153908792e-09	chr16	2.2721829274588218e-08
62670560.06122449	7.451334307641388e-09	chr16	1.9715470430245835e-08
64512041.85714286	6.509654631195106e-09	chr16	1.722388207180902e-08
66353523.653061226	5.889733980784532e-09	chr16	1.5583635272019796e-08
68195005.44897959	5.7805283541856795e-09	chr16	1.529468832464982e-08
70036487.24489796	6.390141396888632e-09	chr16	1.6907662245975145e-08
71877969.04081632	7.822554760100217e-09	chr16	2.069768187740223e-08
73719450.8367347	1.00227316330089e-08	chr16	2.6519125432103297e-08
75560932.63265306	1.2813526966993012e-08	chr16	3.390328518287526e-08
77402414.42857143	1.5926412065189845e-08	chr16	4.213966159177094e-08
79243896.2244898	1.8985503174806103e-08	chr16	5.023370459467547e-08
81085378.02040817	2.1487468457445734e-08	chr16	5.68536494945839e-08
82926859.81632653	2.281856252283349e-08	chr16	6.037558860005599e-08
84768341.6122449	2.2382005532382875e-08	chr16	5.9220503338679416e-08
86609823.40816326	1.990277778638298e-08	chr16	5.2660719641150225e-08
88451305.20408162	1.5747685498919292e-08	chr16	4.166676933020741e-08
90292787.0	1.0906158238904964e-08	chr16	2.8856582108550476e-08
51.0	1.1792771052138976e-08	chr17	3.120246916457297e-08
1656995.2857142857	1.5131123990437453e-08	chr17	4.00354104772788e-08
3313939.5714285714	1.7334175358041596e-08	chr17	4.5864459651702514e-08
4970883.857142857	1.8404831337757684e-08	chr17	4.869730615107532e-08
6627828.142857143	1.8803701139700887e-08	chr17	4.975267495631934e-08
8284772.428571428	1.895162253511759e-08	chr17	5.0144059878392686e-08
9941716.714285715	1.8904969834222113e-08	chr17	5.0020621591097935e-08
11598661.0	1.8400064992898645e-08	chr17	4.8684694888816914e-08
13255605.285714285	1.7141692033643477e-08	chr17	4.5355168411528944e-08
14912549.57142857	1.5101751259488453e-08	chr17	3.9957693227646515e-08
16569493.857142856	1.2608401883595047e-08	chr17	3.3360545138036976e-08
18226438.14285714	1.014524457608071e-08	chr17	2.6843282181314997e-08
19883382.42857143	8.05573297659559e-09	chr17	2.1314647650576237e-08
21540326.714285713	6.457622395300031e-09	chr17	1.7086210083698524e-08
23197271.0	5.402188250900494e-09	chr17	1.4293639007717977e-08
24854215.285714284	5.0193062401644645e-09	chr17	1.3280572267013828e-08
26511159.57142857	5.462439520132586e-09	chr17	1.4453057719573638e-08
28168103.85714286	6.719798904236445e-09	chr17	1.77799023804111e-08
29825048.14285714	8.462280040144344e-09	chr17	2.2390329706832798e-08
31481992.42857143	1.0076611059669779e-08	chr17	2.6661684898538965e-08
33138936.714285713	1.0936296252977462e-08	chr17	2.8936324219257187e-08
34795881.0	1.0752422317320762e-08	chr17	2.8449812543406734e-08
36452825.28571428	9.718841373122543e-09	chr17	2.5715062805804938e-08
38109769.57142857	8.341059330863266e-09	chr17	2.206959207640416e-08
39766713.85714286	7.1271706319688065e-09	chr17	1.8857766413969377e-08
41423658.14285714	6.3893887621141924e-09	chr17	1.6905670851142007e-08
43080602.428571425	6.224051936882051e-09	chr17	1.6468206478411854e-08
44737546.71428572	6.559646533562422e-09	chr17	1.735615554554966e-08
46394491.0	7.199131954354978e-09	chr17	1.9048168731869812e-08
48051435.28571428	7.911170602180015e-09	chr17	2.0932150355401386e-08
49708379.57142857	8.560535640222358e-09	chr17	2.2650304001095447e-08
51365323.85714286	9.112731894574106e-09	chr17	2.4111358957816408e-08
53022268.14285714	9.484087995058688e-09	chr17	2.509392931581081e-08
54679212.428571425	9.498226567604654e-09	chr17	2.5131338536421142e-08
56336156.71428572	9.093840807525336e-09	chr17	2.4061375068659366e-08
57993101.0	8.511293798211485e-09	chr17	2.2520015110540556e-08
59650045.28571428	8.169371072940104e-09	chr17	2.161532246071489e-08
61306989.57142857	8.367602597220657e-09	chr17	2.213982285137484e-08
62963933.85714286	9.145452716589629e-09	chr17	2.4197934914855247e-08
64620878.14285714	1.0382963266911162e-08	chr17	2.7472261586383194e-08
66277822.428571425	1.195461496343774e-08	chr17	3.163069164336497e-08
67934766.71428572	1.3753175078655965e-08	chr17	3.638949822814544e-08
69591711.0	1.5614547727553182e-08	chr17	4.131450036922071e-08
71248655.28571428	1.7309512032489882e-08	chr17	4.579920300832152e-08
72905599.57142857	1.8608834224117653e-08	chr17	4.923707697703198e-08
74562543.85714285	1.9250467000691652e-08	chr17	5.0934771847687355e-08
76219488.14285713	1.884742973265398e-08	chr17	4.986837635230137e-08
77876432.42857143	1.7030759528226116e-08	chr17	4.5061652318972714e-08
79533376.71428572	1.383598700739938e-08	chr17	3.660861014354268e-08
81190321.0	9.8926969509991e-09	chr17	2.617506692899177e-08
10718.0	1.3378466983899617e-08	chr18	3.53980588352616e-08
1602684.4081632653	1.8226728338617307e-08	chr18	4.822606378452505e-08
3194650.8163265307	2.2083522551283295e-08	chr18	5.8430747820427395e-08
4786617.224489796	2.4267979592874236e-08	chr18	6.42105983051201e-08
6378583.632653061	2.467366477659373e-08	chr18	6.52839999152731e-08
7970550.040816327	2.3591005126321697e-08	chr18	6.241939292816355e-08
9562516.448979592	2.137807383948429e-08	chr18	5.656420249534846e-08
11154482.857142858	1.8311666846016645e-08	chr18	4.845080241010296e-08
12746449.265306123	1.4713993739538868e-08	chr18	3.893172638693831e-08
14338415.673469387	1.1131781084349908e-08	chr18	2.945355714068613e-08
15930382.081632653	8.280184447456974e-09	chr18	2.1908523345061557e-08
17522348.48979592	6.717642091696904e-09	chr18	1.7774195674458676e-08
19114314.897959184	6.511821852001955e-09	chr18	1.722961631697494e-08
20706281.30612245	7.192238693115981e-09	chr18	1.9029929865847385e-08
22298247.714285716	8.041862780933566e-09	chr18	2.1277948527822354e-08
23890214.12244898	8.503842305214226e-09	chr18	2.250029922023377e-08
25482180.530612245	8.415791470741772e-09	chr18	2.22673256947244e-08
27074146.93877551	7.955727404338567e-09	chr18	2.1050043108451316e-08
28666113.346938774	7.41474885657511e-09	chr18	1.9618669058988783e-08
30258079.755102042	6.999214983317725e-09	chr18	1.8519208821032462e-08
31850046.163265307	6.7673215294674435e-09	chr18	1.790564239875232e-08
33442012.57142857	6.674493347733447e-09	chr18	1.7660028499749928e-08
35033978.97959184	6.662083082694342e-09	chr18	1.7627192204489484e-08
36625945.3877551	6.732229569761457e-09	chr18	1.7812792653276098e-08
38217911.79591837	6.962573480432142e-09	chr18	1.8422259142379655e-08
39809878.20408163	7.44861361926578e-09	chr18	1.970827176635497e-08
41401844.6122449	8.203295623103446e-09	chr18	2.1705083359634547e-08
42993811.02040816	9.072593032359273e-09	chr18	2.4005155623161473e-08
44585777.42857143	9.752180165308698e-09	chr18	2.580327384887305e-08
46177743.8367347	9.958791495687477e-09	chr18	2.6349946351603096e-08
47769710.24489796	9.66885303180319e-09	chr18	2.5582798754233923e-08
49361676.653061226	9.212498691393773e-09	chr18	2.4375331724492758e-08
50953643.06122449	9.086851085289932e-09	chr18	2.404288097668091e-08
52545609.469387755	9.596561234933057e-09	chr18	2.5391522034562276e-08
54137575.87755102	1.0610711783168571e-08	chr18	2.807486092663835e-08
55729542.28571428	1.1655980146111796e-08	chr18	3.084053438194756e-08
57321508.69387755	1.2275932440497138e-08	chr18	3.2480864908465866e-08
58913475.10204082	1.2343728236511698e-08	chr18	3.266024566853313e-08
60505441.510204084	1.2089339130576449e-08	chr18	3.1987158045729824e-08
62097407.91836735	1.1895409702478422e-08	chr18	3.147404056269055e-08
63689374.32653061	1.2074240660178473e-08	chr18	3.1947209033327046e-08
65281340.73469388	1.2757827905801754e-08	chr18	3.37559111491022e-08
66873307.14285714	1.3898805993511913e-08	chr18	3.677482277231838e-08
68465273.55102041	1.5311274212515516e-08	chr18	4.051206958687477e-08
70057239.95918368	1.668622034599664e-08	chr18	4.4150036790953754e-08
71649206.36734694	1.7590309419489993e-08	chr18	4.6542164248782e-08
73241172.7755102	1.7525721913216632e-08	chr18	4.63712722960763e-08
74833139.18367347	1.611317983063047e-08	chr18	4.263383004601565e-08
76425105.59183674	1.3351481917812935e-08	chr18	3.532665910327741e-08
78017072.0	9.755964316229194e-09	chr18	2.5813286326168575e-08
64704.0	1.798324062950981e-08	chr19	4.7581820145622114e-08
1269889.2653061224	2.316175482004348e-08	chr19	6.128364040771585e-08
2475074.5306122447	2.665375025162517e-08	chr19	7.05231040838121e-08
3680259.795918367	2.8129445787953332e-08	chr19	7.442764392987531e-08
4885445.0612244895	2.797961014105443e-08	chr19	7.40311940936624e-08
6090630.326530612	2.6763776871363524e-08	chr19	7.08142232952756e-08
7295815.591836734	2.4781806454754583e-08	chr19	6.557013176361481e-08
8501000.857142856	2.217869648980263e-08	chr19	5.8682568352581446e-08
9706186.122448979	1.9321698037931362e-08	chr19	5.112324190559028e-08
10911371.387755102	1.687647630083774e-08	chr19	4.465343463850452e-08
12116556.653061224	1.5421573966106487e-08	chr19	4.080391148264854e-08
13321741.918367347	1.502007632143264e-08	chr19	3.9741589673618586e-08
14526927.183673467	1.5188705456962175e-08	chr19	4.0187765163530646e-08
15732112.44897959	1.5238848136246453e-08	chr19	4.0320437577612066e-08
16937297.714285713	1.465578231443335e-08	chr19	3.8777704894546886e-08
18142482.979591835	1.3289692900810915e-08	chr19	3.5163171667695836e-08
19347668.244897958	1.1339206168885791e-08	chr19	3.000238275390075e-08
20552853.51020408	9.185389093255585e-09	chr19	2.4303602493404417e-08
21758038.775510203	7.1830424747256205e-09	chr19	1.900559761013859e-08
22963224.040816326	5.5598522452963705e-09	chr19	1.4710801852799112e-08
24168409.30612245	4.473355539577495e-09	chr19	1.1836042408414385e-08
25373594.57142857	4.090725580161882e-09	chr19	1.0823642569791048e-08
26578779.836734693	4.537347551866426e-09	chr19	1.2005358744786588e-08
27783965.102040816	5.750606035005916e-09	chr19	1.521551692062517e-08
28989150.367346935	7.426071310447528e-09	chr19	1.9648627116875217e-08
30194335.632653058	9.150680008928631e-09	chr19	2.4211765797122087e-08
31399520.89795918	1.0592927950004626e-08	chr19	2.8027806718304062e-08
32604706.163265303	1.1562123956519219e-08	chr19	3.059220047902357e-08
33809891.428571425	1.194819477290014e-08	chr19	3.161370447415814e-08
35015076.69387755	1.1720569998972421e-08	chr19	3.101143254348377e-08
36220261.95918367	1.102714036602116e-08	chr19	2.917668847490979e-08
37425447.22448979	1.0205263888610632e-08	chr19	2.700208715939978e-08
38630632.489795916	9.598364262230054e-09	chr19	2.5396292660854326e-08
39835817.75510204	9.364922281123581e-09	chr19	2.477862899342729e-08
41041003.02040816	9.494798010281997e-09	chr19	2.5122266923509623e-08
42246188.28571428	9.958700939068672e-09	chr19	2.634970674802787e-08
43451373.551020406	1.0771474802965312e-08	chr19	2.8500223476783135e-08
44656558.81632653	1.1943159722457528e-08	chr19	3.1600382244337593e-08
45861744.08163265	1.3470033808616588e-08	chr19	3.5640335312274265e-08
47066929.346938774	1.5412873107186573e-08	chr19	4.078088989756446e-08
48272114.6122449	1.7929998123839742e-08	chr19	4.744094590715264e-08
49477299.87755102	2.115044004498561e-08	chr19	5.596190669716357e-08
50682485.14285714	2.4935913231547135e-08	chr19	6.597788257380706e-08
51887670.408163264	2.869559832951862e-08	chr19	7.592562579881283e-08
53092855.67346939	3.142085722769169e-08	chr19	8.313638282612744e-08
54298040.93877551	3.2019531064594644e-08	chr19	8.472041272486891e-08
55503226.20408163	2.984575133519352e-08	chr19	7.89688133189846e-08
56708411.469387755	2.5114027266046843e-08	chr19	6.644915413879236e-08
57913596.73469387	1.8880914979136108e-08	chr19	4.9956974898496095e-08
59118782.0	1.2569296935580175e-08	chr19	3.32570774348804e-08
11007.0	4.187995734541768e-09	chr1	1.1081009475266682e-08
5097323.959183673	5.70997979370347e-09	chr1	1.5108024030624383e-08
10183640.918367347	6.597161144339056e-09	chr1	1.74554153786121e-08
15269957.87755102	6.646187064435897e-09	chr1	1.7585132961809737e-08
20356274.836734693	6.009865294321902e-09	chr1	1.5901490472445277e-08
25442591.795918368	5.104479816980316e-09	chr1	1.3505932862287232e-08
30528908.75510204	4.336738163629518e-09	chr1	1.1474566768675884e-08
35615225.71428572	3.842811074566967e-09	chr1	1.0167686078981992e-08
40701542.67346939	3.549784272409075e-09	chr1	9.392367053597653e-09
45787859.63265306	3.4244062274005387e-09	chr1	9.06062953694471e-09
50874176.591836736	3.495032276745311e-09	chr1	9.247498858595465e-09
55960493.551020406	3.6663880793265595e-09	chr1	9.700888831365458e-09
61046810.51020408	3.721451129649515e-09	chr1	9.84658004526363e-09
66133127.469387755	3.5639916637376977e-09	chr1	9.429958361686345e-09
71219444.42857143	3.3338072211607616e-09	chr1	8.820913808890713e-09
76305761.3877551	3.22432793834324e-09	chr1	8.531242795083176e-09
81392078.34693877	3.2639297631761437e-09	chr1	8.636025183611388e-09
86478395.30612245	3.3337669325425314e-09	chr1	8.820807209316919e-09
91564712.26530612	3.349622038052755e-09	chr1	8.862758201038587e-09
96651029.2244898	3.350210186914928e-09	chr1	8.864314382927897e-09
101737346.18367347	3.398037782763551e-09	chr1	8.99086132241178e-09
106823663.14285713	3.4300971587461072e-09	chr1	9.075687160724797e-09
111909980.10204081	3.2505007252115693e-09	chr1	8.60049331912026e-09
116996297.06122449	2.7191522580771593e-09	chr1	7.194599480589631e-09
122082614.02040815	1.957681884905882e-09	chr1	5.179826554568728e-09
127168930.97959183	1.331339130245637e-09	chr1	3.522587522085757e-09
132255247.93877551	1.201152536946361e-09	chr1	3.1781270771995084e-09
137341564.89795917	1.661323151627384e-09	chr1	4.395691579346175e-09
142427881.85714287	2.4712116003979288e-09	chr1	6.538573794033382e-09
147514198.81632653	3.2621736581203113e-09	chr1	8.63137870878269e-09
152600515.7755102	3.830581625252877e-09	chr1	1.0135328203684026e-08
157686832.73469388	4.170051443863098e-09	chr1	1.1033530712717504e-08
162773149.69387755	4.274484544589944e-09	chr1	1.1309850043499314e-08
167859466.6530612	4.095034345909237e-09	chr1	1.0835043124399866e-08
172945783.6122449	3.6867079576233517e-09	chr1	9.754653156406648e-09
178032100.57142857	3.2296708652496622e-09	chr1	8.545379634618948e-09
183118417.53061223	2.895908413525404e-09	chr1	7.662278236128768e-09
188204734.48979592	2.791527618448964e-09	chr1	7.386097300761972e-09
193291051.4489796	2.9688433214603627e-09	chr1	7.855256562070977e-09
198377368.40816325	3.3644697151869206e-09	chr1	8.902043640049997e-09
203463685.36734694	3.768830816128577e-09	chr1	9.971941862249124e-09
208550002.3265306	3.985500922603899e-09	chr1	1.0545228860384707e-08
213636319.28571427	4.0244277654033835e-09	chr1	1.0648225315310778e-08
218722636.24489796	4.0971485391465355e-09	chr1	1.0840637064026363e-08
223808953.20408162	4.435640021548004e-09	chr1	1.1736250995256437e-08
228895270.1632653	5.0663514183748925e-09	chr1	1.3405049009245374e-08
233981587.12244898	5.677002898529507e-09	chr1	1.5020770530131613e-08
239067904.08163264	5.751452888008825e-09	chr1	1.5217757607279173e-08
244154221.0408163	4.968615418775404e-09	chr1	1.3146449524841865e-08
249240538.0	3.5227691442313433e-09	chr1	9.320887780387328e-09
61097.0	1.4774411377330645e-08	chr20	3.909158529303081e-08
1344811.3673469387	1.876107602285976e-08	chr20	4.963989324555846e-08
2628525.7346938774	2.1466827698185132e-08	chr20	5.679903615124714e-08
3912240.102040816	2.270554274914087e-08	chr20	6.007654980857608e-08
5195954.469387755	2.273470558191553e-08	chr20	6.015371168905182e-08
6479668.8367346935	2.1993115882201114e-08	chr20	5.8191540996871125e-08
7763383.204081632	2.0901159844296843e-08	chr20	5.530233671645754e-08
9047097.57142857	1.9743509637058635e-08	chr20	5.2239312365776205e-08
10330811.93877551	1.8651563676107843e-08	chr20	4.935013474795353e-08
11614526.306122448	1.7708497980672044e-08	chr20	4.685487912466516e-08
12898240.673469387	1.703856392735578e-08	chr20	4.508230196290413e-08
14181955.040816326	1.6722090948161426e-08	chr20	4.4244946744942766e-08
15465669.408163264	1.6631331149001597e-08	chr20	4.40048055752256e-08
16749383.775510203	1.6429000093949742e-08	chr20	4.3469458244358355e-08
18033098.14285714	1.5774310650565484e-08	chr20	4.173721676529873e-08
19316812.51020408	1.4534363285784391e-08	chr20	3.845644253130239e-08
20600526.87755102	1.2818089676352688e-08	chr20	3.391535764637622e-08
21884241.244897958	1.0847786521483064e-08	chr20	2.8702136499042128e-08
23167955.612244897	8.819827725790082e-09	chr20	2.3336364407828882e-08
24451669.979591835	6.882804252805511e-09	chr20	1.8211197903736317e-08
25735384.346938774	5.20921515723525e-09	chr20	1.3783051888027403e-08
27019098.714285713	4.011458253139501e-09	chr20	1.0613909308945172e-08
28302813.08163265	3.4294885018349334e-09	chr20	9.074076716629957e-09
29586527.44897959	3.4140466970070004e-09	chr20	9.033219276350767e-09
30870241.81632653	3.767432481708023e-09	chr20	9.968242012023404e-09
32153956.183673467	4.317356238738609e-09	chr20	1.1423284172661357e-08
33437670.551020406	5.036507002110161e-09	chr20	1.3326083728386633e-08
34721384.91836734	5.994055949661315e-09	chr20	1.5859660559263455e-08
36005099.28571428	7.227301027778705e-09	chr20	1.9122701226481333e-08
37288813.653061226	8.680369115423144e-09	chr20	2.29673711516663e-08
38572528.02040816	1.022746480230367e-08	chr20	2.7060828512205632e-08
39856242.387755096	1.1709259648131493e-08	chr20	3.098150650898397e-08
41139956.75510204	1.297123613496221e-08	chr20	3.432056755262302e-08
42423671.12244898	1.3929712304730268e-08	chr20	3.6856597718895204e-08
43707385.489795916	1.4616648846658955e-08	chr20	3.867416173101605e-08
44991099.85714285	1.5141395619314535e-08	chr20	4.006258815942747e-08
46274814.22448979	1.5618896216829326e-08	chr20	4.132600602823431e-08
47558528.591836736	1.6148747132001065e-08	chr20	4.272793749704446e-08
48842242.95918367	1.682738606720353e-08	chr20	4.452354688824796e-08
50125957.326530606	1.7735270646409653e-08	chr20	4.6925716866993724e-08
51409671.69387755	1.891149271255002e-08	chr20	5.003788046172223e-08
52693386.06122449	2.0343703158614216e-08	chr20	5.382736319507791e-08
53977100.428571425	2.19476621092803e-08	chr20	5.807127495068871e-08
55260814.79591836	2.35226981992196e-08	chr20	6.22386597673817e-08
56544529.1632653	2.4724079966910333e-08	chr20	6.541739336574584e-08
57828243.530612245	2.5086227583831898e-08	chr20	6.637559901563583e-08
59111957.89795918	2.4117493578024305e-08	chr20	6.381242766165604e-08
60395672.265306115	2.1509890620909664e-08	chr20	5.691297625171274e-08
61679386.63265306	1.741605971589962e-08	chr20	4.608111730916313e-08
62963101.0	1.2552169465507708e-08	chr20	3.3211759896327286e-08
9411244.0	1.9659400769537452e-08	chr21	5.201676888268019e-08
10201211.122448979	2.0781929978121038e-08	chr21	5.4986866653789625e-08
10991178.24489796	1.838513619074396e-08	chr21	4.864519480127718e-08
11781145.367346939	1.4364158081712575e-08	chr21	3.8006096924810054e-08
12571112.48979592	1.1505753977035995e-08	chr21	3.0443051263893693e-08
13361079.612244898	1.1643082937178945e-08	chr21	3.080640968281984e-08
14151046.734693877	1.4750346408884147e-08	chr21	3.902791184150882e-08
14941013.857142858	1.9358251860751987e-08	chr21	5.1219959591735895e-08
15730980.979591837	2.371129714923025e-08	chr21	6.273767334919043e-08
16520948.102040816	2.6774562697366205e-08	chr21	7.084276149056279e-08
17310915.224489797	2.84501854319028e-08	chr21	7.527628830751497e-08
18100882.346938774	2.910243903985624e-08	chr21	7.700208481451636e-08
18890849.469387755	2.9066452977509183e-08	chr21	7.690686936466374e-08
19680816.591836736	2.8556862321137733e-08	chr21	7.555854447378912e-08
20470783.714285716	2.775087741837886e-08	chr21	7.34259906436286e-08
21260750.836734697	2.6731390421039542e-08	chr21	7.072853205162165e-08
22050717.959183674	2.540986729706959e-08	chr21	6.72319166807616e-08
22840685.08163265	2.3684309948786543e-08	chr21	6.266626796991529e-08
23630652.204081632	2.1709414128624655e-08	chr21	5.7440895098738546e-08
24420619.326530613	1.9943108000799315e-08	chr21	5.276742927420954e-08
25210586.448979594	1.8924044078230238e-08	chr21	5.007109009488468e-08
26000553.571428575	1.898599570663523e-08	chr21	5.023500778364972e-08
26790520.69387755	2.000536548363094e-08	chr21	5.293215622258572e-08
27580487.816326533	2.126625287316343e-08	chr21	5.626833562587791e-08
28370454.93877551	2.1733351830695693e-08	chr21	5.750423181641414e-08
29160422.06122449	2.079133632559057e-08	chr21	5.501175488960559e-08
29950389.18367347	1.8830193378484926e-08	chr21	4.982277071753651e-08
30740356.306122452	1.699259007026536e-08	chr21	4.496065982706532e-08
31530323.42857143	1.6285422361746376e-08	chr21	4.308956621202875e-08
32320290.55102041	1.6938806232292024e-08	chr21	4.481835327854541e-08
33110257.67346939	1.8508122222311187e-08	chr21	4.897060329438564e-08
33900224.79591837	2.0391890861789922e-08	chr21	5.395486294181291e-08
34690191.91836735	2.218635406034949e-08	chr21	5.870282950306148e-08
35480159.04081633	2.3699100793170838e-08	chr21	6.270540303526833e-08
36270126.1632653	2.4864180392907123e-08	chr21	6.57880848005902e-08
37060093.28571428	2.577752103780659e-08	chr21	6.820469097256009e-08
37850060.408163264	2.676726007595169e-08	chr21	7.082343949927681e-08
38640027.530612245	2.8298500668092966e-08	chr21	7.487494589659336e-08
39429994.653061226	3.070318169626232e-08	chr21	8.123748658362541e-08
40219961.77551021	3.391828829017056e-08	chr21	8.97443306420489e-08
41009928.89795919	3.7401820414859084e-08	chr21	9.896140127148998e-08
41799896.02040817	4.0274800583050296e-08	chr21	1.0656301370948912e-07
42589863.14285715	4.1657433192035706e-08	chr21	1.1022131854361675e-07
43379830.26530612	4.10925774537308e-08	chr21	1.0872676788381282e-07
44169797.3877551	3.878577892495363e-08	chr21	1.0262321430469059e-07
44959764.510204084	3.5360365040967385e-08	chr21	9.355991861121617e-08
45749731.632653065	3.1261928785429256e-08	chr21	8.271587438098403e-08
46539698.755102046	2.6459971386527998e-08	chr21	7.00103849751134e-08
47329665.87755102	2.0834196031644333e-08	chr21	5.512515729949149e-08
48119633.0	1.4762900991099845e-08	chr21	3.9061129985296014e-08
16050606.0	1.8533373836710578e-08	chr22	4.9037416490043306e-08
16768843.346938776	2.6624739221998724e-08	chr22	7.044634385898034e-08
17487080.69387755	3.420887385618263e-08	chr22	9.051319040563409e-08
18205318.040816326	3.9767598016876205e-08	chr22	1.0522100746165573e-07
18923555.387755103	4.2608632048509276e-08	chr22	1.1273809368130674e-07
19641792.734693877	4.317940933946684e-08	chr22	1.1424831216534247e-07
20360030.08163265	4.24595623535367e-08	chr22	1.1234367047575232e-07
21078267.42857143	4.105408879188842e-08	chr22	1.0862493081099824e-07
21796504.775510203	3.897536981788612e-08	chr22	1.0312485246627746e-07
22514742.12244898	3.620406467457608e-08	chr22	9.579226177173754e-08
23232979.469387755	3.321768776528454e-08	chr22	8.789061312495401e-08
23951216.81632653	3.0906410949383674e-08	chr22	8.177521045495488e-08
24669454.163265307	3.00341986631888e-08	chr22	7.946742572440836e-08
25387691.510204084	3.067156571445706e-08	chr22	8.115383392107267e-08
26105928.85714286	3.192936009142962e-08	chr22	8.448182952866491e-08
26824166.204081632	3.2254760599315114e-08	chr22	8.534280607680132e-08
27542403.551020406	3.031854065049707e-08	chr22	8.021976561568188e-08
28260640.897959184	2.5970298696008186e-08	chr22	6.87147609899512e-08
28978878.24489796	2.0441942332695e-08	chr22	5.408729402782759e-08
29697115.591836736	1.5559785199612862e-08	chr22	4.1169604306889205e-08
30415352.93877551	1.266732198599816e-08	chr22	3.3516441718262134e-08
31133590.285714284	1.210121646888972e-08	chr22	3.201858427124022e-08
31851827.63265306	1.3342222551074692e-08	chr22	3.5302159763482195e-08
32570064.97959184	1.545493151312488e-08	chr22	4.089217214908948e-08
33288302.326530613	1.756588277978053e-08	chr22	4.6477533851994086e-08
34006539.67346939	1.9272613278902935e-08	chr22	5.099336864058212e-08
34724777.02040817	2.0728293069305684e-08	chr22	5.484494886483276e-08
35443014.36734694	2.2228770154796237e-08	chr22	5.881505816189024e-08
36161251.71428572	2.3642582067791846e-08	chr22	6.255586025367255e-08
36879489.06122449	2.4309899951267616e-08	chr22	6.432151529692417e-08
37597726.408163264	2.3570326061811928e-08	chr22	6.236467823304521e-08
38315963.75510204	2.1360709701540422e-08	chr22	5.6518258757751294e-08
39034201.10204081	1.8278792526702902e-08	chr22	4.8363820314872055e-08
39752438.44897959	1.519225345284555e-08	chr22	4.0197152798689304e-08
40470675.79591837	1.2927842006772082e-08	chr22	3.420575111628337e-08
41188913.14285714	1.2234400463507105e-08	chr22	3.2370975534234335e-08
41907150.48979592	1.3718890630074534e-08	chr22	3.629878507472656e-08
42625387.8367347	1.753842718217636e-08	chr22	4.6404889141615894e-08
43343625.18367347	2.3059576018608053e-08	chr22	6.101328572288683e-08
44061862.530612245	2.888752282399394e-08	chr22	7.64334384320197e-08
44780099.87755102	3.346790583859796e-08	chr22	8.85526646209478e-08
45498337.22448979	3.5990478106127954e-08	chr22	9.522713350065483e-08
46216574.57142857	3.688446646587337e-08	chr22	9.759253550033021e-08
46934811.91836734	3.7336096943229746e-08	chr22	9.878750367033786e-08
47653049.26530612	3.8099408303534535e-08	chr22	1.0080714766050576e-07
48371286.6122449	3.863572266297357e-08	chr22	1.0222618074347897e-07
49089523.95918368	3.7432595658942004e-08	chr22	9.904282942779726e-08
49807761.30612245	3.3288326623225294e-08	chr22	8.807751633684305e-08
50525998.653061226	2.6415263168986898e-08	chr22	6.989209159240788e-08
51244236.0	1.8394098240918716e-08	chr22	4.866890747177615e-08
10180.0	3.834683534270289e-09	chr2	1.0146181436487902e-08
4972951.693877551	5.272371439843267e-09	chr2	1.3950156968920859e-08
9935723.387755102	5.95006171419373e-09	chr2	1.574325630028759e-08
14898495.081632651	5.8170171009875334e-09	chr2	1.5391233826288492e-08
19861266.775510203	5.322439523812455e-09	chr2	1.408263201140839e-08
24824038.469387755	4.963746130519474e-09	chr2	1.3133565884857052e-08
29786810.163265303	4.924123288911832e-09	chr2	1.3028727888086908e-08
34749581.85714286	5.059379979345285e-09	chr2	1.3386603292764294e-08
39712353.551020406	5.1245138144841055e-09	chr2	1.3558940775914261e-08
44675125.244897954	4.978695796320973e-09	chr2	1.3173121175477854e-08
49637896.93877551	4.647682632121589e-09	chr2	1.2297294111309961e-08
54600668.63265306	4.2911263048453915e-09	chr2	1.135388244342627e-08
59563440.326530606	4.0913472479085606e-09	chr2	1.0825287439229332e-08
64526212.02040816	4.102679434323269e-09	chr2	1.08552712484298e-08
69488983.71428572	4.1969880043884824e-09	chr2	1.1104802103934796e-08
74451755.40816326	4.165537603640546e-09	chr2	1.1021587551967981e-08
79414527.10204081	3.883399247916274e-09	chr2	1.0275078245062278e-08
84377298.79591836	3.3977488511049063e-09	chr2	8.990096838718365e-09
89340070.48979591	2.8833221828167457e-09	chr2	7.628976353657822e-09
94302842.18367347	2.5315029081441055e-09	chr2	6.6980984437127836e-09
99265613.87755102	2.4441053219316044e-09	chr2	6.466853346458136e-09
104228385.57142857	2.5748777200310704e-09	chr2	6.812863771084818e-09
109191157.26530612	2.7960296133745714e-09	chr2	7.398009120064175e-09
114153928.95918366	3.0317313770440996e-09	chr2	8.021651941621367e-09
119116700.65306121	3.2732910191328173e-09	chr2	8.660794111884342e-09
124079472.34693877	3.4873007334480353e-09	chr2	9.227041983764162e-09
129042244.04081632	3.5838802016451236e-09	chr2	9.482581404060456e-09
134005015.73469387	3.489336908621878e-09	chr2	9.232429495553768e-09
138967787.42857143	3.2363792287327622e-09	chr2	8.563129280041618e-09
143930559.12244898	2.9644457974096276e-09	chr2	7.843621162046092e-09
148893330.81632653	2.8132030833922646e-09	chr2	7.443448369779668e-09
153856102.51020408	2.8380381316592135e-09	chr2	7.509159373946887e-09
158818874.20408162	3.0384739005375588e-09	chr2	8.039491970946612e-09
163781645.89795917	3.378536441462642e-09	chr2	8.939262762758656e-09
168744417.59183672	3.7095990652853826e-09	chr2	9.815220692044329e-09
173707189.28571427	3.7941209495978624e-09	chr2	1.0038856975436212e-08
178669960.97959182	3.539187067664051e-09	chr2	9.364327930916025e-09
183632732.67346936	3.131673506268975e-09	chr2	8.286088619955362e-09
188595504.36734694	2.8534872221152583e-09	chr2	7.550036091254818e-09
193558276.0612245	2.839510511374002e-09	chr2	7.51305514046742e-09
198521047.75510204	3.058800627320164e-09	chr2	8.093274416382615e-09
203483819.4489796	3.4184340302476448e-09	chr2	9.044827712531769e-09
208446591.14285713	3.820617173688147e-09	chr2	1.0108963281367146e-08
213409362.83673468	4.193805306790578e-09	chr2	1.1096381010773595e-08
218372134.53061223	4.52440885683227e-09	chr2	1.1971124277667019e-08
223334906.22448978	4.84219972308527e-09	chr2	1.2811966490341335e-08
228297677.91836733	5.1187444857427355e-09	chr2	1.3543675720622593e-08
233260449.61224487	5.141382941785662e-09	chr2	1.3603574765850377e-08
238223221.30612242	4.599870740872356e-09	chr2	1.2170788724593961e-08
243185993.0	3.4422519301067223e-09	chr2	9.107847445776141e-09
60196.0	5.731201264708532e-09	chr3	1.5164173877995686e-08
4099016.0816326533	7.496461099064733e-09	chr3	1.9834871316742962e-08
8137836.1632653065	8.232026436634207e-09	chr3	2.1781102161263368e-08
12176656.24489796	7.952825458821903e-09	chr3	2.104236485665616e-08
16215476.326530613	7.1958770380922264e-09	chr3	1.9039556555488814e-08
20254296.408163264	6.488664352035591e-09	chr3	1.7168343934476002e-08
24293116.48979592	5.993167839069843e-09	chr3	1.585731070923901e-08
28331936.571428575	5.569323955706926e-09	chr3	1.4735863032289025e-08
32370756.653061226	5.052352197943862e-09	chr3	1.3368008500115159e-08
36409576.73469388	4.430402000880941e-09	chr3	1.1722391726928001e-08
40448396.81632653	3.835469787396045e-09	chr3	1.0148261782049049e-08
44487216.89795919	3.4769955510568148e-09	chr3	9.199775522440043e-09
48526036.97959184	3.5705074827812412e-09	chr3	9.447198554164366e-09
52564857.06122449	4.190135661550547e-09	chr3	1.1086671503827283e-08
56603677.14285715	5.126157470943414e-09	chr3	1.3563289723228e-08
60642497.2244898	5.960141975785364e-09	chr3	1.5769927644121296e-08
64681317.30612245	6.332690543938819e-09	chr3	1.6755653149917963e-08
68720137.38775511	6.119178206755466e-09	chr3	1.6190721287189134e-08
72758957.46938775	5.387951571680202e-09	chr3	1.4255970206855732e-08
76797777.55102041	4.315211743514244e-09	chr3	1.1417610057068338e-08
80836597.63265306	3.164340606956353e-09	chr3	8.37252243584031e-09
84875417.71428572	2.2247870961464737e-09	chr3	5.886559694776654e-09
88914237.79591838	1.6950772222066765e-09	chr3	4.485001406677908e-09
92953057.87755102	1.6279021574436362e-09	chr3	4.3072630381782685e-09
96991877.95918368	1.9501080936646305e-09	chr3	5.1597870755845924e-09
101030698.04081634	2.5007935249356126e-09	chr3	6.616844548560443e-09
105069518.12244898	3.0939428267552254e-09	chr3	8.186257091056765e-09
109108338.20408164	3.5947371008885643e-09	chr3	9.511307651892164e-09
113147158.2857143	3.946278802477849e-09	chr3	1.0441451131775259e-08
117185978.36734694	4.144737423714316e-09	chr3	1.0966552397813265e-08
121224798.4489796	4.21663667045456e-09	chr3	1.1156790469887222e-08
125263618.53061225	4.207100121298319e-09	chr3	1.1131557733690747e-08
129302438.6122449	4.167636107575357e-09	chr3	1.1027139979300639e-08
133341258.69387756	4.150796636876872e-09	chr3	1.0982584457710836e-08
137380078.77551022	4.193674336133198e-09	chr3	1.1096034475775137e-08
141418898.85714287	4.272093912289903e-09	chr3	1.130352467431373e-08
145457718.9387755	4.2781758825383076e-09	chr3	1.131961694713889e-08
149496539.02040818	4.097171999249633e-09	chr3	1.0840699137065875e-08
153535359.10204083	3.750600526952514e-09	chr3	9.923706376851975e-09
157574179.18367347	3.452399220730472e-09	chr3	9.13469614159086e-09
161612999.26530612	3.47744068095859e-09	chr3	9.200953290750217e-09
165651819.3469388	3.929320432602384e-09	chr3	1.039658101509266e-08
169690639.42857143	4.630427454617951e-09	chr3	1.2251638671922046e-08
173729459.51020408	5.299699158644541e-09	chr3	1.4022463325032148e-08
177768279.59183675	5.855044830704065e-09	chr3	1.5491851319720076e-08
181807099.6734694	6.41903263941013e-09	chr3	1.6984105526347298e-08
185845919.75510204	6.962889938499905e-09	chr3	1.842309645814349e-08
189884739.8367347	7.09783729851524e-09	chr3	1.8780153406090874e-08
193923559.91836736	6.384094294577807e-09	chr3	1.6891662230155767e-08
197962380.0	4.8311203608045354e-09	chr3	1.2782651628007512e-08
10455.0	5.511023924582325e-09	chr4	1.4581607097410256e-08
3909096.326530612	7.524813600738869e-09	chr4	1.9909889143792633e-08
7807737.653061224	8.525679232485333e-09	chr4	2.2558077502099264e-08
11706378.979591835	8.343849676061435e-09	chr4	2.2076975045141484e-08
15605020.306122448	7.51194214212152e-09	chr4	1.9875832577372813e-08
19503661.63265306	6.688188061990876e-09	chr4	1.7696263316608987e-08
23402302.95918367	6.147153283493069e-09	chr4	1.6264740486359737e-08
27300944.285714284	5.814065574121222e-09	chr4	1.538342438730021e-08
31199585.612244897	5.563259856355681e-09	chr4	1.471981804403465e-08
35098226.93877551	5.3338646794952744e-09	chr4	1.4112861807808022e-08
38996868.26530612	5.069859951698775e-09	chr4	1.3414332230497385e-08
42895509.591836736	4.74571557613873e-09	chr4	1.2556679280349797e-08
46794150.91836734	4.4475755090313844e-09	chr4	1.176783107753886e-08
50692792.244897954	4.291151957117758e-09	chr4	1.1353950316722036e-08
54591433.57142857	4.253948101069144e-09	chr4	1.1255512708968297e-08
58490074.89795918	4.191141786790361e-09	chr4	1.108933360857198e-08
62388716.22448979	4.020324427367211e-09	chr4	1.0637368301469042e-08
66287357.551020406	3.806697711222707e-09	chr4	1.0072133803677376e-08
70185998.87755102	3.660851059348333e-09	chr4	9.686238441362093e-09
74084640.20408162	3.6201259413579515e-09	chr4	9.57848393373193e-09
77983281.53061225	3.638862512858543e-09	chr4	9.628058990511394e-09
81881922.85714285	3.649888694916472e-09	chr4	9.657233143400855e-09
85780564.18367347	3.6228617938985837e-09	chr4	9.585722720456481e-09
89679205.51020408	3.5782708477212024e-09	chr4	9.467739625815929e-09
93577846.83673468	3.555596918100812e-09	chr4	9.407746721121014e-09
97476488.1632653	3.5787822879271904e-09	chr4	9.469092844426407e-09
101375129.48979591	3.6491180646393946e-09	chr4	9.655194134303546e-09
105273770.81632653	3.7409111393582015e-09	chr4	9.898069245740175e-09
109172412.14285713	3.798006871825901e-09	chr4	1.0049138729229296e-08
113071053.46938775	3.7745039357786516e-09	chr4	9.986952358099992e-09
116969694.79591836	3.691536887685569e-09	chr4	9.767430012728037e-09
120868336.12244898	3.623508912928896e-09	chr4	9.587434931394847e-09
124766977.44897959	3.631230453937362e-09	chr4	9.607865341190343e-09
128665618.77551019	3.733156475836446e-09	chr4	9.87755119715351e-09
132564260.10204081	3.910633836623532e-09	chr4	1.0347138188445467e-08
136462901.42857143	4.0985270348238875e-09	chr4	1.0844284422961418e-08
140361542.75510204	4.209414331076343e-09	chr4	1.1137680896679318e-08
144260184.08163264	4.224665864049708e-09	chr4	1.1178034897041903e-08
148158825.40816325	4.229474444256201e-09	chr4	1.1190757909721035e-08
152057466.73469388	4.3098444608368e-09	chr4	1.1403408774647095e-08
155956108.0612245	4.457954813519437e-09	chr4	1.1795293658369634e-08
159854749.3877551	4.623260728187503e-09	chr4	1.2232676244900583e-08
163753390.7142857	4.821878591418633e-09	chr4	1.27581988490114e-08
167652032.0408163	5.171449345574003e-09	chr4	1.3683127403050531e-08
171550673.36734694	5.8152101423199095e-09	chr4	1.5386452797990826e-08
175449314.69387755	6.742620259223788e-09	chr4	1.7840285357587374e-08
179347956.02040815	7.62229603556828e-09	chr4	2.0167817721681925e-08
183246597.34693876	7.879999459747269e-09	chr4	2.0849674692448035e-08
187145238.67346936	7.088520415363986e-09	chr4	1.875550188373437e-08
191043880.0	5.362691734113471e-09	chr4	1.4189135253536164e-08
10042.0	5.851567093752605e-09	chr5	1.5482649582527806e-08
3701171.7551020407	7.579343599359176e-09	chr5	2.0054169957264862e-08
7392301.510204081	8.297278153140805e-09	chr5	2.1953751546486807e-08
11083431.265306123	7.974431526510384e-09	chr5	2.1099532307617164e-08
14774561.020408163	7.047381565109048e-09	chr5	1.8646652682739085e-08
18465690.775510203	6.0549109110605074e-09	chr5	1.6020676579007616e-08
22156820.530612245	5.3908441819311975e-09	chr5	1.4263623758490267e-08
25847950.285714284	5.187689594485495e-09	chr5	1.3726097444921556e-08
29539080.040816326	5.251436673667601e-09	chr5	1.3894765713279947e-08
33230209.795918368	5.1734068040435335e-09	chr5	1.3688306638470809e-08
36921339.551020406	4.669507726363683e-09	chr5	1.2355041084187834e-08
40612469.306122445	3.861007960909069e-09	chr5	1.0215833183888069e-08
44303599.06122449	3.1813656081971754e-09	chr5	8.417568852318244e-09
47994728.81632653	2.982763024818884e-09	chr5	7.892086677139266e-09
51685858.57142857	3.2371506821155883e-09	chr5	8.565170466992768e-09
55376988.32653061	3.622469637146367e-09	chr5	9.584685113695982e-09
59068118.08163265	3.87200707822824e-09	chr5	1.0244935726239785e-08
62759247.83673469	3.992421683548027e-09	chr5	1.0563540487821531e-08
66450377.591836736	4.154810515912762e-09	chr5	1.0993204772163981e-08
70141507.34693877	4.447005920559442e-09	chr5	1.1766324004548661e-08
73832637.10204081	4.7524594623954315e-09	chr5	1.257452291540756e-08
77523766.85714285	4.838596514537551e-09	chr5	1.2802432768105345e-08
81214896.61224489	4.569726515136448e-09	chr5	1.2091030178459547e-08
84906026.36734694	4.0545364277121826e-09	chr5	1.0727889764245063e-08
88597156.12244898	3.569486850548409e-09	chr5	9.444498065396075e-09
92288285.87755102	3.3331692649444564e-09	chr5	8.819225841823465e-09
95979415.63265306	3.3838396894916626e-09	chr5	8.953294616032665e-09
99670545.3877551	3.6548335109875002e-09	chr5	9.670316622279448e-09
103361675.14285713	4.079763458270337e-09	chr5	1.0794637913566742e-08
107052804.89795919	4.5924711285144645e-09	chr5	1.2151210105166338e-08
110743934.65306123	5.089598914358882e-09	chr5	1.3466559512026006e-08
114435064.40816326	5.445614835666835e-09	chr5	1.440854132084723e-08
118126194.1632653	5.564040424630553e-09	chr5	1.4721883348060299e-08
121817323.91836734	5.419852090757382e-09	chr5	1.4340375726002908e-08
125508453.67346938	5.082415684513529e-09	chr5	1.3447553418652303e-08
129199583.42857142	4.707024943762707e-09	chr5	1.2454307814107202e-08
132890713.18367347	4.46827684681378e-09	chr5	1.1822604705464372e-08
136581842.9387755	4.465152257283928e-09	chr5	1.1814337360323345e-08
140272972.69387755	4.6714988219442e-09	chr5	1.2360309319972293e-08
143964102.4489796	4.955762884768907e-09	chr5	1.3112443031011765e-08
147655232.20408162	5.166744779078295e-09	chr5	1.367067960003918e-08
151346361.95918366	5.266852258383392e-09	chr5	1.3935553777817256e-08
155037491.7142857	5.408403178553182e-09	chr5	1.4310083072271224e-08
158728621.46938774	5.839313850595995e-09	chr5	1.545022875114986e-08
162419751.22448978	6.6778098875460374e-09	chr5	1.7668803725757276e-08
166110880.97959185	7.72989546929898e-09	chr5	2.0452514846578513e-08
169802010.73469388	8.504818391593085e-09	chr5	2.250288184521679e-08
173493140.48979592	8.458845255592814e-09	chr5	2.238124161730895e-08
177184270.24489796	7.342795928010551e-09	chr5	1.942828895028404e-08
180875400.0	5.415832434337438e-09	chr5	1.4329740125180934e-08
63978.0	6.1629076565330955e-09	chr6	1.6306424950241487e-08
3553558.1428571427	7.888433886803889e-09	chr6	2.0871991326001882e-08
7043138.285714285	8.706644787601386e-09	chr6	2.303689389973757e-08
10532718.42857143	8.652733680762887e-09	chr6	2.2894250610783772e-08
14022298.57142857	8.141651116556922e-09	chr6	2.1541978283975983e-08
17511878.714285713	7.576995485437336e-09	chr6	2.004795708737048e-08
21001458.85714286	7.168232851392702e-09	chr6	1.8966412857603222e-08
24491039.0	7.006558869598463e-09	chr6	1.8538639994944834e-08
27980619.14285714	7.1110854660070416e-09	chr6	1.8815206705762545e-08
31470199.285714284	7.349758023426018e-09	chr6	1.944670994451529e-08
34959779.428571425	7.456455322812924e-09	chr6	1.9729020113969422e-08
38449359.57142857	7.215701713977091e-09	chr6	1.9092010625466108e-08
41938939.71428572	6.593160535478022e-09	chr6	1.744483017568787e-08
45428519.85714286	5.705683027067172e-09	chr6	1.509665522443933e-08
48918100.0	4.730743423907859e-09	chr6	1.251706449293083e-08
52407680.14285714	3.825920037682205e-09	chr6	1.0122994118523824e-08
55897260.28571428	3.098442170911268e-09	chr6	8.198161896693118e-09
59386840.428571425	2.6347683239118566e-09	chr6	6.971328199214195e-09
62876420.57142857	2.494103149123614e-09	chr6	6.599142496680497e-09
66366000.71428571	2.6309661541684746e-09	chr6	6.961268045951504e-09
69855580.85714285	2.881177153410022e-09	chr6	7.623300824672779e-09
73345161.0	3.0813238526476445e-09	chr6	8.152868572892586e-09
76834741.14285713	3.1918400856734763e-09	chr6	8.445283251166851e-09
80324321.28571428	3.2878895465374747e-09	chr6	8.69942032612848e-09
83813901.42857143	3.444730564601591e-09	chr6	9.114405659791697e-09
87303481.57142857	3.6483086447515222e-09	chr6	9.653052491853195e-09
90793061.71428572	3.8260058893002914e-09	chr6	1.0123221273147127e-08
94282641.85714285	3.9554953669479774e-09	chr6	1.0465837221135512e-08
97772222.0	4.097561769513795e-09	chr6	1.0841730429422441e-08
101261802.14285713	4.287583467479562e-09	chr6	1.1344508457178792e-08
104751382.28571428	4.434118722566447e-09	chr6	1.1732225793346533e-08
108240962.42857142	4.391328060197994e-09	chr6	1.1619006066008477e-08
111730542.57142857	4.139084258738807e-09	chr6	1.095159469999562e-08
115220122.71428572	3.846146666490393e-09	chr6	1.0176511714931011e-08
118709702.85714285	3.731986476269597e-09	chr6	9.874455497657116e-09
122199283.0	3.888993340117942e-09	chr6	1.0289879642346647e-08
125688863.14285713	4.2462794329420636e-09	chr6	1.1235222195423123e-08
129178443.28571428	4.656807829891673e-09	chr6	1.2321438453702669e-08
132668023.42857142	4.989585856350955e-09	chr6	1.3201935163367855e-08
136157603.57142857	5.200749752884253e-09	chr6	1.376065329171278e-08
139647183.7142857	5.38682692140877e-09	chr6	1.4252994496968706e-08
143136763.85714287	5.735138902935361e-09	chr6	1.5174592467045762e-08
146626344.0	6.347882402777563e-09	chr6	1.6795849258607995e-08
150115924.14285713	7.124547212785194e-09	chr6	1.8850825114437614e-08
153605504.28571427	7.862434934705225e-09	chr6	2.080320075103158e-08
157095084.42857143	8.42101006587345e-09	chr6	2.2281133565067904e-08
160584664.57142857	8.689316801157443e-09	chr6	2.2991045815321213e-08
164074244.7142857	8.439257411587943e-09	chr6	2.2329414180325715e-08
167563824.85714287	7.409130875428612e-09	chr6	1.9603804453993426e-08
171053405.0	5.635890137303582e-09	chr6	1.491199035804562e-08
16863.0	5.439864015335498e-09	chr7	1.4393325236920376e-08
3264040.612244898	7.495213424285676e-09	chr7	1.9831570096559103e-08
6511218.224489796	8.908615085746376e-09	chr7	2.3571286704631854e-08
9758395.836734693	9.46136789647667e-09	chr7	2.5033814252753356e-08
13005573.448979592	9.348831192808602e-09	chr7	2.473605361527802e-08
16252751.06122449	8.921054648206743e-09	chr7	2.360420051788018e-08
19499928.673469387	8.42675600315611e-09	chr7	2.2296336728946103e-08
22747106.285714287	7.973969010612156e-09	chr7	2.1098308537734006e-08
25994283.897959184	7.603962284426344e-09	chr7	2.0119308486477748e-08
29241461.51020408	7.314589920302307e-09	chr7	1.935365873132354e-08
32488639.12244898	7.052427712805869e-09	chr7	1.866000427476218e-08
35735816.73469388	6.753136173919522e-09	chr7	1.7868109395091385e-08
38982994.346938774	6.398129983681446e-09	chr7	1.6928799231673352e-08
42230171.95918367	6.013301133511827e-09	chr7	1.5910581352434727e-08
45477349.571428575	5.61208922616771e-09	chr7	1.4849015575229747e-08
48724527.18367347	5.159990509337563e-09	chr7	1.3652808491341942e-08
51971704.79591837	4.620186237871928e-09	chr7	1.2224541457169663e-08
55218882.408163264	4.0420136865403314e-09	chr7	1.0694755868611625e-08
58466060.02040816	3.5880240495413286e-09	chr7	9.493545602859225e-09
61713237.632653065	3.4436415220551745e-09	chr7	9.11152416431254e-09
64960415.24489796	3.6784242189112574e-09	chr7	9.732735228839945e-09
68207592.85714285	4.1863216978321815e-09	chr7	1.1076580144909949e-08
71454770.46938775	4.740352067597682e-09	chr7	1.254248798390844e-08
74701948.08163266	5.097067960765833e-09	chr7	1.3486321846864125e-08
77949125.69387755	5.107198067743435e-09	chr7	1.3513125076504128e-08
81196303.30612245	4.8086563082516865e-09	chr7	1.2723214036622705e-08
84443480.91836734	4.4176985052716776e-09	chr7	1.1688779573492829e-08
87690658.53061225	4.173744781201916e-09	chr7	1.1043302906540253e-08
90937836.14285715	4.177049420766791e-09	chr7	1.1052046645706151e-08
94185013.75510204	4.383446694219612e-09	chr7	1.1598152775647126e-08
97432191.36734694	4.6965503757065496e-09	chr7	1.2426593175593535e-08
100679368.97959183	4.995585612906673e-09	chr7	1.3217809907149195e-08
103926546.59183674	5.1167518819043925e-09	chr7	1.3538403494141793e-08
107173724.20408164	4.9199459403222066e-09	chr7	1.3017675049870921e-08
110420901.81632653	4.418104514829844e-09	chr7	1.1689853833364678e-08
113668079.42857143	3.8102497623170304e-09	chr7	1.008153216851051e-08
116915257.04081632	3.3716413762766803e-09	chr7	8.921019123676588e-09
120162434.65306123	3.3121084937741424e-09	chr7	8.763501189821112e-09
123409612.26530613	3.6938366628173207e-09	chr7	9.77351498311512e-09
126656789.87755102	4.411360563259758e-09	chr7	1.1672010025494362e-08
129903967.48979592	5.235691217008644e-09	chr7	1.3853104841232906e-08
133151145.10204081	5.934902081217952e-09	chr7	1.570314545794344e-08
136398322.7142857	6.418639225541777e-09	chr7	1.6983064593385743e-08
139645500.3265306	6.814738833642266e-09	chr7	1.8031103748323226e-08
142892677.9387755	7.399270619763993e-09	chr7	1.9577715223398696e-08
146139855.5510204	8.327020671226771e-09	chr7	2.2032447215159675e-08
149387033.16326532	9.302249347233081e-09	chr7	2.461280280393157e-08
152634210.7755102	9.593456654811064e-09	chr7	2.5383307632273185e-08
155881388.3877551	8.591300269090359e-09	chr7	2.273170407062696e-08
159128566.0	6.4250551886494225e-09	chr7	1.7000040577244182e-08
11739.0	9.831402781140571e-09	chr8	2.6012888808470052e-08
2997291.0	1.3232315854298908e-08	chr8	3.501135785594373e-08
5982843.0	1.52377697423684e-08	chr8	4.031758425742308e-08
8968395.0	1.549827549660471e-08	chr8	4.1006855907641193e-08
11953947.0	1.4518927605841774e-08	chr8	3.8415601296844906e-08
14939499.0	1.3083788875102895e-08	chr8	3.461837062096894e-08
17925051.0	1.16585391791212e-08	chr8	3.084730532223072e-08
20910603.0	1.0309306584012238e-08	chr8	2.7277373517518198e-08
23896155.0	8.975966345867208e-09	chr8	2.3749491268073643e-08
26881707.0	7.667106622052077e-09	chr8	2.0286381962166648e-08
29867259.0	6.459492722982815e-09	chr8	1.7091158779945716e-08
32852811.0	5.4343309951098866e-09	chr8	1.4378685429854394e-08
35838363.0	4.613569708494941e-09	chr8	1.2207034795423313e-08
38823915.0	3.93033633312393e-09	chr8	1.0399268984235594e-08
41809467.0	3.3188150510394376e-09	chr8	8.781246056175731e-09
44795019.0	2.8528802370123692e-09	chr8	7.54843007059415e-09
47780571.0	2.7098304622461423e-09	chr8	7.1699349597836414e-09
50766123.0	2.955590260147127e-09	chr8	7.820190313847034e-09
53751675.0	3.429410956520388e-09	chr8	9.073871539638455e-09
56737227.0	3.8820434954601005e-09	chr8	1.0271491062370312e-08
59722779.0	4.196261266025924e-09	chr8	1.110287922836567e-08
62708331.0	4.445358665018387e-09	chr8	1.1761965534431782e-08
65693883.0	4.742713968729958e-09	chr8	1.2548737333355126e-08
68679435.0	5.050683814464186e-09	chr8	1.3363594127628055e-08
71664987.0	5.170888511021584e-09	chr8	1.368164349203836e-08
74650539.0	4.9482853169206865e-09	chr8	1.309265814930936e-08
77636091.0	4.450583189915461e-09	chr8	1.1775789094329602e-08
80621643.0	3.9142218448307125e-09	chr8	1.0356631692131055e-08
83607195.0	3.5626181898510288e-09	chr8	9.42632428989714e-09
86592747.0	3.5130594991346476e-09	chr8	9.295197049990789e-09
89578299.0	3.782192681533527e-09	chr8	1.0007295995000093e-08
92563851.0	4.282999288654512e-09	chr8	1.1332379187662656e-08
95549403.0	4.819125958253692e-09	chr8	1.2750915662466803e-08
98534955.0	5.151322528970283e-09	chr8	1.3629873899554025e-08
101520507.0	5.1193011942327655e-09	chr8	1.3545148714494604e-08
104506059.0	4.732451163384274e-09	chr8	1.2521582997370403e-08
107491611.0	4.184926098056685e-09	chr8	1.1072887530276079e-08
110477163.0	3.7902875363670306e-09	chr8	1.0028714155093033e-08
113462715.0	3.838249192785026e-09	chr8	1.0155615805167286e-08
116448267.0	4.434027380590447e-09	chr8	1.1731984111796287e-08
119433819.0	5.4370362597949105e-09	chr8	1.4385843284233425e-08
122419371.0	6.550510295655147e-09	chr8	1.7331981992080206e-08
125404923.0	7.490213737798092e-09	chr8	1.981834143615591e-08
128390475.0	8.11772618851329e-09	chr8	2.1478675365073757e-08
131376027.0	8.453856508162e-09	chr8	2.236804190053402e-08
134361579.0	8.552980393913275e-09	chr8	2.263031359010997e-08
137347131.0	8.342207325987129e-09	chr8	2.207262955438919e-08
140332683.0	7.616529953677702e-09	chr8	2.0152561257226225e-08
143318235.0	6.257081409479021e-09	chr8	1.6555599093402215e-08
146303787.0	4.4594851388558385e-09	chr8	1.1799342743093634e-08
10468.0	6.854881639825857e-09	chr9	1.8137317518317153e-08
2890798.897959184	9.017420982315695e-09	chr9	2.3859176007122136e-08
5771129.795918368	1.0286431242550957e-08	chr9	2.7216847697639313e-08
8651460.693877552	1.0631127636343287e-08	chr9	2.8128879191415653e-08
11531791.591836736	1.038993124198356e-08	chr9	2.7490698137586874e-08
14412122.48979592	9.886840912248677e-09	chr9	2.615957244786187e-08
17292453.387755103	9.28187430020773e-09	chr9	2.4558892508062647e-08
20172784.285714287	8.650216005283311e-09	chr9	2.2887589098305444e-08
23053115.18367347	8.03465423661894e-09	chr9	2.1258875454945408e-08
25933446.081632655	7.4419830230816785e-09	chr9	1.9690727885272018e-08
28813776.97959184	6.914043660454063e-09	chr9	1.8293854189486615e-08
31694107.877551023	6.5992041015875116e-09	chr9	1.7460820835079257e-08
34574438.77551021	6.624772509551155e-09	chr9	1.752847223419025e-08
37454769.673469394	6.85144978693089e-09	chr9	1.81282371856575e-08
40335100.571428575	6.84578370515148e-09	chr9	1.8113245311294442e-08
43215431.469387755	6.1911773000025734e-09	chr9	1.6381223542934412e-08
46095762.36734694	4.849017126476773e-09	chr9	1.2830004644237933e-08
48976093.26530613	3.210568479689853e-09	chr9	8.49483667115731e-09
51856424.16326531	1.8141222815432708e-09	chr9	4.799982489302344e-09
54736755.06122449	1.036609778437695e-09	chr9	2.742763724012965e-09
57617085.95918368	1.0181959545384578e-09	chr9	2.694042624461591e-09
60497416.857142866	1.735374964561417e-09	chr9	4.5916251219748846e-09
63377747.755102046	3.0016578668876825e-09	chr9	7.942080501696237e-09
66258078.653061226	4.4378777405580084e-09	chr9	1.1742171771476034e-08
69138409.55102041	5.633312345609833e-09	chr9	1.4905169784197348e-08
72018740.4489796	6.42450809999517e-09	chr9	1.699859303647627e-08
74899071.34693879	6.93328108281685e-09	chr9	1.8344754446553157e-08
77779402.24489796	7.307210857272124e-09	chr9	1.9334134483320695e-08
80659733.14285715	7.53576893571732e-09	chr9	1.9938875842537258e-08
83540064.04081634	7.543644383543222e-09	chr9	1.9959713474070887e-08
86420394.93877551	7.328539319593359e-09	chr9	1.9390567418799872e-08
89300725.8367347	6.944062566447975e-09	chr9	1.83732811523682e-08
92181056.73469388	6.445196942142635e-09	chr9	1.70533336022265e-08
95061387.63265307	5.920564840002036e-09	chr9	1.5665210580299604e-08
97941718.53061226	5.516929508599998e-09	chr9	1.459723267026294e-08
100822049.42857143	5.3649105794207845e-09	chr9	1.4195006091863841e-08
103702380.32653062	5.494224958900395e-09	chr9	1.4537158747962135e-08
106582711.22448981	5.831851021170319e-09	chr9	1.5430482865809968e-08
109463042.12244898	6.2449206438537356e-09	chr9	1.6523422948138056e-08
112343373.02040817	6.576765576561953e-09	chr9	1.7401450786927472e-08
115223703.91836736	6.6953665444697185e-09	chr9	1.7715256848935207e-08
118104034.81632654	6.570791960318354e-09	chr9	1.7385645207745293e-08
120984365.71428573	6.342062519235051e-09	chr9	1.6780450440469854e-08
123864696.6122449	6.312270913714994e-09	chr9	1.6701624891454034e-08
126745027.51020409	6.820100109143791e-09	chr9	1.804528913636981e-08
129625358.40816328	7.968865012542558e-09	chr9	2.1084803879526147e-08
132505689.30612245	9.342826201337047e-09	chr9	2.4720165020443413e-08
135386020.20408165	1.0051613086271443e-08	chr9	2.65955428110949e-08
138266351.10204083	9.314653914570591e-09	chr9	2.464562402365484e-08
141146682.0	7.163082475489393e-09	chr9	1.8952785488378596e-08
