pos	val	Chromosome	valScaled
158946.0	7.2029169956925836e-09	chr10	1.9785920941570224e-06
2920466.326530612	1.0025694608497011e-08	chr10	2.753989821438655e-06
5681986.653061224	1.1960848855347727e-08	chr10	3.2855634736246964e-06
8443506.979591835	1.2610130097991225e-08	chr10	3.463916595609458e-06
11205027.306122448	1.2130332399168301e-08	chr10	3.3321194453363847e-06
13966547.632653061	1.093950856669194e-08	chr10	3.00500827330976e-06
16728067.959183672	9.472740387598523e-09	chr10	2.602097074298188e-06
19489588.285714284	8.141914969974648e-09	chr10	2.236528423210237e-06
22251108.612244897	7.26196497029308e-09	chr10	1.994812169411311e-06
25012628.93877551	6.871302320900605e-09	chr10	1.8874998083175172e-06
27774149.265306123	6.677008013028687e-09	chr10	1.8341284892081925e-06
30535669.591836732	6.266636334331743e-09	chr10	1.7214021924007631e-06
33297189.918367345	5.423820114082951e-09	chr10	1.489886334143782e-06
36058710.244897954	4.277316646935229e-09	chr10	1.174949663711697e-06
38820230.57142857	3.1841912886603265e-09	chr10	8.746755951504891e-07
41581750.89795918	2.479465974464665e-09	chr10	6.81092365459837e-07
44343271.22448979	2.302883735636709e-09	chr10	6.325864307222195e-07
47104791.551020406	2.5934376891758373e-09	chr10	7.12399616927527e-07
49866311.87755102	3.1689758840632164e-09	chr10	8.704960274471205e-07
52627832.20408163	3.798988018571247e-09	chr10	1.0435560570581825e-06
55389352.530612245	4.289491247979399e-09	chr10	1.1782939434514075e-06
58150872.85714285	4.582007544864861e-09	chr10	1.258646171968795e-06
60912393.183673464	4.778232850849327e-09	chr10	1.3125479230686042e-06
63673913.51020408	5.0524199212854145e-09	chr10	1.3878652382909427e-06
66435433.83673469	5.512971264423691e-09	chr10	1.51437554613313e-06
69196954.1632653	6.105423647991787e-09	chr10	1.6771181687391267e-06
71958474.48979591	6.654144259032936e-09	chr10	1.827847972172414e-06
74719994.81632653	7.0204627549108386e-09	chr10	1.928473160595513e-06
77481515.14285713	7.177276212178306e-09	chr10	1.9715487460829467e-06
80243035.46938775	7.13178551817533e-09	chr10	1.9590527631963146e-06
83004555.79591836	6.889748285254756e-09	chr10	1.8925667887175484e-06
85766076.12244898	6.5240141817538745e-09	chr10	1.7921021288883161e-06
88527596.44897959	6.16781200293975e-09	chr10	1.6942558236560613e-06
91289116.77551019	5.898772683109164e-09	chr10	1.620352560359745e-06
94050637.10204081	5.68351058819803e-09	chr10	1.5612215333858746e-06
96812157.42857142	5.4440081001114675e-09	chr10	1.4954318359976645e-06
99573677.75510204	5.15675592068862e-09	chr10	1.4165256245870234e-06
102335198.08163264	4.910137407934801e-09	chr10	1.348781203833699e-06
105096718.40816326	4.884553352392442e-09	chr10	1.3417534385459888e-06
107858238.73469387	5.252138991562426e-09	chr10	1.4427267025753148e-06
110619759.06122449	6.064004410874263e-09	chr10	1.665740587245996e-06
113381279.3877551	7.212925706431827e-09	chr10	1.9813414186255975e-06
116142799.7142857	8.497443799720179e-09	chr10	2.3341897640531307e-06
118904320.04081632	9.741215451118389e-09	chr10	2.675845340240497e-06
121665840.36734693	1.085848252893718e-08	chr10	2.9827509742435197e-06
124427360.69387755	1.175812811836561e-08	chr10	3.2298774720014143e-06
127188881.02040815	1.2156706307377855e-08	chr10	3.3393641777561325e-06
129950401.34693877	1.1592924666691206e-08	chr10	3.1844972123641177e-06
132711921.67346938	9.802189648576132e-09	chr10	2.692594535755259e-06
135473442.0	7.10750472376982e-09	chr10	1.9523829948400607e-06
241489.0	6.357446886713551e-09	chr11	1.7463472307950867e-06
2990535.551020408	8.485340700833749e-09	chr11	2.3308651254677058e-06
5739582.102040816	9.866514879792066e-09	chr11	2.710264237351818e-06
8488628.653061224	1.0375453248076866e-08	chr11	2.8500661304603554e-06
11237675.204081632	1.0313448902384125e-08	chr11	2.8330339602625867e-06
13986721.75510204	1.0085674273275388e-08	chr11	2.7704658256202462e-06
16735768.306122448	9.866100688172496e-09	chr11	2.7101504617433477e-06
19484814.85714286	9.527516552055815e-09	chr11	2.6171437124877238e-06
22233861.408163264	8.896272903709743e-09	chr11	2.443745394438068e-06
24982907.95918367	8.062620327116377e-09	chr11	2.214746726494559e-06
27731954.51020408	7.363180052934026e-09	chr11	2.022615261192403e-06
30481001.06122449	7.030556285939123e-09	chr11	1.9312457846180633e-06
33230047.612244897	6.942077836846449e-09	chr11	1.9069413590662031e-06
35979094.1632653	6.77057370888828e-09	chr11	1.8598303466949301e-06
38728140.71428572	6.303942993982245e-09	chr11	1.7316500769575382e-06
41477187.26530612	5.533347501806199e-09	chr11	1.5199727593479715e-06
44226233.81632653	4.5341082598587695e-09	chr11	1.2454885655871718e-06
46975280.367346935	3.4409281644407254e-09	chr11	9.451994611066631e-07
49724326.91836734	2.5202254949970155e-09	chr11	6.922887273136758e-07
52473373.469387755	2.092194694798416e-09	chr11	5.747115904627157e-07
55222420.02040816	2.300337939612604e-09	chr11	6.318871179452371e-07
57971466.57142857	2.9913946534952754e-09	chr11	8.217156765028404e-07
60720513.12244898	3.846359151689987e-09	chr11	1.0565685837242606e-06
63469559.67346939	4.62005330177052e-09	chr11	1.269097081492641e-06
66218606.22448979	5.2504678471993394e-09	chr11	1.4422676506346946e-06
68967652.7755102	5.773172056343096e-09	chr11	1.585850926189988e-06
71716699.3265306	6.1906590032357216e-09	chr11	1.7005317385649578e-06
74465745.87755102	6.431088088535357e-09	chr11	1.7665759658778288e-06
77214792.42857143	6.393948831665212e-09	chr11	1.7563740657212563e-06
79963838.97959183	6.045890709751001e-09	chr11	1.6607648772857339e-06
82712885.53061225	5.509478591760202e-09	chr11	1.5134161328116116e-06
85461932.08163264	5.036247162362275e-09	chr11	1.3834226918940916e-06
88210978.63265306	4.844644619216358e-09	chr11	1.3307907821670186e-06
90960025.18367347	4.9650650396034764e-09	chr11	1.3638694490314988e-06
93709071.73469387	5.233564123164086e-09	chr11	1.4376243131149142e-06
96458118.28571428	5.435560885204766e-09	chr11	1.4931114437674e-06
99207164.83673468	5.482443105617951e-09	chr11	1.5059896694531224e-06
101956211.3877551	5.483926207931351e-09	chr11	1.5063970675272464e-06
104705257.93877551	5.666359504221929e-09	chr11	1.556510247780108e-06
107454304.48979591	6.209773930943495e-09	chr11	1.7057824786284072e-06
110203351.04081632	7.12772848553631e-09	chr11	1.9579383240447733e-06
112952397.59183674	8.267409047395398e-09	chr11	2.2710007890026946e-06
115701444.14285713	9.411026024499492e-09	chr11	2.585144560337983e-06
118450490.69387755	1.0390675358367705e-08	chr11	2.854247540171983e-06
121199537.24489796	1.1138511819817707e-08	chr11	3.059673107512575e-06
123948583.79591836	1.1639236096247312e-08	chr11	3.1972186457005863e-06
126697630.34693877	1.1795774647851347e-08	chr11	3.24021871648021e-06
129446676.89795917	1.13311226981587e-08	chr11	3.1125820000295966e-06
132195723.44897959	9.937655487665371e-09	chr11	2.729806076358962e-06
134944770.0	7.6465609202381e-09	chr11	2.1004580496097204e-06
191619.0	7.173794474306943e-09	chr12	1.9705923364741275e-06
2917180.93877551	9.617565101626377e-09	chr12	2.641879433915191e-06
5642742.87755102	1.1080169892495594e-08	chr12	3.043646978622509e-06
8368304.816326531	1.1348761622718922e-08	chr12	3.1174272921112848e-06
11093866.75510204	1.0745547712116537e-08	chr12	2.9517285515431022e-06
13819428.69387755	9.776510694213643e-09	chr12	2.685540702409932e-06
16544990.632653061	8.847478820630075e-09	chr12	2.4303419931381774e-06
19270552.57142857	8.159929305924994e-09	chr12	2.2414768382362825e-06
21996114.51020408	7.672198137444618e-09	chr12	2.1075004180434174e-06
24721676.44897959	7.151881917801226e-09	chr12	1.964573106891042e-06
27447238.3877551	6.361822436115762e-09	chr12	1.7475491643256251e-06
30172800.32653061	5.256137042664065e-09	chr12	1.443824939901452e-06
32898362.265306123	4.045400039610504e-09	chr12	1.1112437559481027e-06
35623924.20408163	3.0947140550064193e-09	chr12	8.500968103025542e-07
38349486.14285714	2.706747502555442e-09	chr12	7.43525048621015e-07
41075048.08163265	2.9405047024600275e-09	chr12	8.077365545928429e-07
43800610.02040816	3.6120556533913664e-09	chr12	9.922070133154644e-07
46526171.95918367	4.432137877507776e-09	chr12	1.2174779981353328e-06
49251733.89795918	5.1232945342015445e-09	chr12	1.4073340103004152e-06
51977295.83673469	5.490043236224972e-09	chr12	1.508077373412866e-06
54702857.7755102	5.511422972354381e-09	chr12	1.5139502408783818e-06
57428419.71428571	5.392702552274803e-09	chr12	1.4813385524853425e-06
60153981.65306122	5.428188754781332e-09	chr12	1.491086369900573e-06
62879543.59183673	5.73204643531994e-09	chr12	1.5745539990322305e-06
65605105.530612245	6.119297638676824e-09	chr12	1.6809292592043143e-06
68330667.46938775	6.2918004345006415e-09	chr12	1.7283145988161824e-06
71056229.40816326	6.124107281590252e-09	chr12	1.682250435257005e-06
73781791.34693877	5.725403663545387e-09	chr12	1.5727292750038572e-06
76507353.28571428	5.257597807012804e-09	chr12	1.4442262018892787e-06
79232915.2244898	4.8030285366072825e-09	chr12	1.3193591285620495e-06
81958477.1632653	4.445144344890242e-09	chr12	1.2210507858755285e-06
84684039.10204081	4.3692545100026826e-09	chr12	1.200204366650484e-06
87409601.04081632	4.7568557772090156e-09	chr12	1.3066757869706557e-06
90135162.97959183	5.5615458081152006e-09	chr12	1.527718641462811e-06
92860724.91836734	6.458122978855166e-09	chr12	1.7740022655679635e-06
95586286.85714285	7.074352787574333e-09	chr12	1.9432763844346355e-06
98311848.79591836	7.26796115665673e-09	chr12	1.996459280844263e-06
101037410.73469387	7.160160341812666e-09	chr12	1.966847133415423e-06
103762972.67346938	6.9671819016618e-09	chr12	1.9138372741801166e-06
106488534.61224489	6.886946734120415e-09	chr12	1.8917972217588981e-06
109214096.5510204	7.083785887177304e-09	chr12	1.9458675924561904e-06
111939658.48979591	7.611079692083036e-09	chr12	2.0907115986148566e-06
114665220.42857142	8.334192660303992e-09	chr12	2.2893457912565324e-06
117390782.36734693	9.098206214044396e-09	chr12	2.49921509534036e-06
120116344.30612244	9.991049053571943e-09	chr12	2.7444729241714206e-06
122841906.24489795	1.1184963124687052e-08	chr12	3.072432963642074e-06
125567468.18367346	1.23750504329697e-08	chr12	3.3993418175040293e-06
128293030.12244897	1.2642323286409267e-08	chr12	3.4727598445498163e-06
131018592.06122449	1.1211532170733861e-08	chr12	3.0797312990926905e-06
133744154.0	8.307490585557564e-09	chr12	2.2820109137308764e-06
19260565.0	8.3048813764298e-09	chr13	2.2812941818075066e-06
21215959.14285714	1.1983241240686759e-08	chr13	3.291714508910487e-06
23171353.285714287	1.502110037865046e-08	chr13	4.126193661888661e-06
25126747.42857143	1.6751504695993047e-08	chr13	4.601523907126344e-06
27082141.57142857	1.7087211869041815e-08	chr13	4.6937403742803185e-06
29037535.714285716	1.638152538632296e-08	chr13	4.499893118162279e-06
30992929.85714286	1.5099590090784814e-08	chr13	4.147754249633121e-06
32948324.0	1.3642566646641409e-08	chr13	3.7475198627440943e-06
34903718.14285714	1.2324321292337915e-08	chr13	3.385406869113335e-06
36859112.28571428	1.1343709817960371e-08	chr13	3.1160395958539948e-06
38814506.42857143	1.0741994948561942e-08	chr13	2.95075263166429e-06
40769900.57142857	1.0413727334728518e-08	chr13	2.86057976060566e-06
42725294.71428572	1.0160622189937918e-08	chr13	2.7910535063433062e-06
44680688.85714286	9.758436552598368e-09	chr13	2.680575859176275e-06
46636083.0	9.05110765353256e-09	chr13	2.4862774425074e-06
48591477.14285715	8.040880207802206e-09	chr13	2.2087748642300383e-06
50546871.28571428	6.8843824634996076e-09	chr13	1.8910928341364054e-06
52502265.42857143	5.7909059008555795e-09	chr13	1.5907222921341457e-06
54457659.571428575	4.927191019614028e-09	chr13	1.3534657144653667e-06
56413053.71428572	4.380166558397125e-09	chr13	1.2032018318020626e-06
58368447.85714286	4.142691508426261e-09	chr13	1.1379690578144017e-06
60323842.0	4.128752887570158e-09	chr13	1.1341402138827237e-06
62279236.14285714	4.2567565264056125e-09	chr13	1.1693019390524874e-06
64234630.28571429	4.5456277955268325e-09	chr13	1.2486529033429475e-06
66190024.42857143	5.1093186797617734e-09	chr13	1.4034949385576535e-06
68145418.57142857	6.025351467497953e-09	chr13	1.655122887746474e-06
70100812.71428572	7.177997798718918e-09	chr13	1.9717469609763514e-06
72056206.85714287	8.223992910436524e-09	chr13	2.259074672764365e-06
74011601.0	8.759259574049502e-09	chr13	2.406108768745727e-06
75966995.14285715	8.579924473109131e-09	chr13	2.3568466415911783e-06
77922389.2857143	7.804139188377328e-09	chr13	2.143743723419051e-06
79877783.42857143	6.757385005442529e-09	chr13	1.8562074999530407e-06
81833177.57142857	5.774038811220887e-09	chr13	1.5860890178339423e-06
83788571.71428572	5.099589265673941e-09	chr13	1.4008223349712903e-06
85743965.85714287	4.897094105151574e-09	chr13	1.3451982976605442e-06
87699360.0	5.250116589756282e-09	chr13	1.4421711626145962e-06
89654754.14285715	6.121051081325573e-09	chr13	1.68141091792181e-06
91610148.28571428	7.333744978408609e-09	chr13	2.014529647297124e-06
93565542.42857143	8.651909189388771e-09	chr13	2.37662035141127e-06
95520936.57142858	9.915337565401382e-09	chr13	2.7236754955712136e-06
97476330.71428572	1.1122536593274791e-08	chr13	3.055284821911188e-06
99431724.85714287	1.2403698933953489e-08	chr13	3.407211365020663e-06
101387119.0	1.3904143303493898e-08	chr13	3.819373183499263e-06
103342513.14285715	1.5617351263030196e-08	chr13	4.289979706719301e-06
105297907.28571428	1.725233503740021e-08	chr13	4.739098580639139e-06
107253301.42857143	1.826138231962105e-08	chr13	5.01627697606237e-06
109208695.57142858	1.8056439503852004e-08	chr13	4.959980584575781e-06
111164089.71428572	1.6304751742076337e-08	chr13	4.478803922543777e-06
113119483.85714287	1.3164760525594304e-08	chr13	3.6162697852811743e-06
115074878.0	9.315965100309133e-09	chr13	2.5590319738429865e-06
19035752.0	8.999455926503073e-09	chr14	2.472089065935629e-06
20836765.979591835	1.28762248995073e-08	chr14	3.5370110198393686e-06
22637779.959183674	1.5577156048460903e-08	chr14	4.278938355858628e-06
24438793.93877551	1.642293156416873e-08	chr14	4.511267112362669e-06
26239807.91836735	1.5818335283789105e-08	chr14	4.345188644259922e-06
28040821.897959184	1.4841303799325828e-08	chr14	4.076804769774407e-06
29841835.87755102	1.434500591791947e-08	chr14	3.940475132061696e-06
31642849.85714286	1.4349964509903142e-08	chr14	3.941837223406482e-06
33443863.836734693	1.418067908144075e-08	chr14	3.895335672630321e-06
35244877.81632653	1.3176253165144273e-08	chr14	3.619426734857042e-06
37045891.79591837	1.1295102255988596e-08	chr14	3.1026874306282794e-06
38846905.77551021	9.079320652777398e-09	chr14	2.494027360671344e-06
40647919.75510204	7.163019012545689e-09	chr14	1.9676323907376352e-06
42448933.73469388	5.900206200387643e-09	chr14	1.6207463377635012e-06
44249947.71428572	5.3599485176209974e-09	chr14	1.4723412429152724e-06
46050961.69387755	5.484350196917771e-09	chr14	1.5065135344054627e-06
47851975.67346939	6.157547187229087e-09	chr14	1.6914361489013414e-06
49652989.653061226	7.174071348157746e-09	chr14	1.9706683918295627e-06
51454003.63265306	8.241326808724015e-09	chr14	2.2638361762126296e-06
53255017.6122449	9.058827593924673e-09	chr14	2.488398057396664e-06
55056031.591836736	9.403644547039101e-09	chr14	2.5831169189039553e-06
56857045.57142857	9.195635346382167e-09	chr14	2.5259782124357495e-06
58658059.551020406	8.550676694271461e-09	chr14	2.3488124765418692e-06
60459073.530612245	7.751102065049479e-09	chr14	2.1291747879480374e-06
62260087.51020408	7.097246203284189e-09	chr14	1.949565049340653e-06
64061101.489795916	6.771874649835959e-09	chr14	1.860187706286271e-06
65862115.469387755	6.82814639220256e-09	chr14	1.8756451695109033e-06
67663129.44897959	7.228233267112192e-09	chr14	1.9855463009755e-06
69464143.42857143	7.857676957917222e-09	chr14	2.1584501829844997e-06
71265157.40816326	8.558090602798409e-09	chr14	2.350849026568337e-06
73066171.3877551	9.179249434236657e-09	chr14	2.5214771143048053e-06
74867185.36734694	9.583164243294984e-09	chr14	2.632429753130668e-06
76668199.34693877	9.643253893877097e-09	chr14	2.6489359696612105e-06
78469213.3265306	9.338136912821872e-09	chr14	2.565122419280171e-06
80270227.30612245	8.862673540354914e-09	chr14	2.4345158788484356e-06
82071241.28571428	8.583323784821339e-09	chr14	2.357780409297147e-06
83872255.26530612	8.843978688805435e-09	chr14	2.429380530836046e-06
85673269.24489796	9.787365640283257e-09	chr14	2.6885224819429576e-06
87474283.2244898	1.1309678638436054e-08	chr14	3.1066914633124263e-06
89275297.20408162	1.315651236405311e-08	chr14	3.6140040716506413e-06
91076311.18367347	1.506858581798968e-08	chr14	4.139237587692657e-06
92877325.1632653	1.6826923120751506e-08	chr14	4.622240833209221e-06
94678339.14285713	1.8176233127038522e-08	chr14	4.9928870745310325e-06
96479353.12244898	1.8805882913935062e-08	chr14	5.165847569728487e-06
98280367.10204081	1.847942305336232e-08	chr14	5.076171276141444e-06
100081381.08163264	1.7153091676221475e-08	chr14	4.711837107274495e-06
101882395.06122449	1.496073141319811e-08	chr14	4.1096107194713205e-06
103683409.04081632	1.2148641134070345e-08	chr14	3.3371487297433636e-06
105484423.02040815	9.047689735398946e-09	chr14	2.4853385637445754e-06
107285437.0	6.0540999623886265e-09	chr14	1.663019902906251e-06
20161372.0	3.243010616020175e-09	chr15	8.908328625697064e-07
21839683.408163264	6.0488312344115846e-09	chr15	1.661572619322687e-06
23517994.81632653	9.402031488193225e-09	chr15	2.582673822658119e-06
25196306.224489797	1.2406688684689975e-08	chr15	3.408032629124394e-06
26874617.63265306	1.4290027422694549e-08	chr15	3.9253729149924545e-06
28552929.040816326	1.4965686194466932e-08	chr15	4.1109717640387685e-06
30231240.448979594	1.4983223149741278e-08	chr15	4.115789045854199e-06
31909551.85714286	1.4916217371453864e-08	chr15	4.0973830162884555e-06
33587863.26530612	1.4870482987155091e-08	chr15	4.084820093342266e-06
35266174.67346939	1.4560933442174588e-08	chr15	3.999788947930678e-06
36944486.08163265	1.369059681669773e-08	chr15	3.7607134223549136e-06
38622797.48979592	1.2192700581760951e-08	chr15	3.349251559045116e-06
40301108.89795919	1.0288308326408303e-08	chr15	2.826128015782307e-06
41979420.30612245	8.442661572586193e-09	chr15	2.319141460487723e-06
43657731.71428572	7.138055093948393e-09	chr15	1.960774972832455e-06
45336043.12244898	6.539113503145477e-09	chr15	1.7962498093281194e-06
47014354.530612245	6.4153485736985245e-09	chr15	1.7622524286719098e-06
48692665.93877551	6.451740929967581e-09	chr15	1.7722491603355902e-06
50370977.346938774	6.5794602219093005e-09	chr15	1.807332777356075e-06
52049288.75510204	6.969883450975676e-09	chr15	1.914579371321817e-06
53727600.1632653	7.792840716096286e-09	chr15	2.1406401102655617e-06
55405911.571428575	9.023451257737585e-09	chr15	2.478680419508865e-06
57084222.97959184	1.0380457017684431e-08	chr15	2.851440631789807e-06
58762534.3877551	1.1401964519085984e-08	chr15	3.1320417643037415e-06
60440845.79591837	1.171934637927676e-08	chr15	3.2192243931994863e-06
62119157.20408163	1.138413220701904e-08	chr15	3.1271433499950254e-06
63797468.6122449	1.0872845281072233e-08	chr15	2.9866963241401996e-06
65475780.02040816	1.0657528361361064e-08	chr15	2.9275502371682787e-06
67154091.42857143	1.0747379167023853e-08	chr15	2.9522316396951087e-06
68832402.8367347	1.0689751899223253e-08	chr15	2.936401822893621e-06
70510714.24489796	1.0042201624947603e-08	chr15	2.7585241860949175e-06
72189025.65306123	8.848852837878028e-09	chr15	2.4307194262900044e-06
73867337.06122449	7.665372838690596e-09	chr15	2.105625555100662e-06
75545648.46938775	7.107875536733941e-09	chr15	1.9524848546282078e-06
77223959.87755102	7.323060589252884e-09	chr15	2.011594718583235e-06
78902271.28571428	7.863491965818997e-09	chr15	2.1600475259316405e-06
80580582.69387755	8.141643854958444e-09	chr15	2.2364539497673265e-06
82258894.10204083	8.073497299469423e-09	chr15	2.2177345564971774e-06
83937205.51020408	8.228521961820162e-09	chr15	2.2603187722405994e-06
85615516.91836736	9.304891684331919e-09	chr15	2.5559901821187544e-06
87293828.3265306	1.1537413744943526e-08	chr15	3.1692487413661856e-06
88972139.73469388	1.462475613214519e-08	chr15	4.017320604880104e-06
90650451.14285715	1.802301285538633e-08	chr15	4.950798512586349e-06
92328762.55102041	2.1146969686558824e-08	chr15	5.8089281137384994e-06
94007073.95918368	2.3421171171751888e-08	chr15	6.433635726198012e-06
95685385.36734694	2.436542014522036e-08	chr15	6.6930144688571115e-06
97363696.7755102	2.3684011919077856e-08	chr15	6.505836283970992e-06
99042008.18367347	2.127878616773313e-08	chr15	5.845137200652461e-06
100720319.59183674	1.7326753958722742e-08	chr15	4.759540949955974e-06
102398631.0	1.2456311582581117e-08	chr15	3.4216637001911976e-06
143503.0	8.183131242579223e-09	chr16	2.2478502517381513e-06
1980193.857142857	1.1557227214144549e-08	chr16	3.1746913660059547e-06
3816884.714285714	1.4610295390076248e-08	chr16	4.013348337817973e-06
5653575.571428571	1.67734838795116e-08	chr16	4.6075614386947125e-06
7490266.428571428	1.7722336076630643e-08	chr16	4.868204655445087e-06
9326957.285714285	1.7492596505392614e-08	chr16	4.805096764622741e-06
11163648.142857142	1.644535941974487e-08	chr16	4.517427891080289e-06
13000339.0	1.509026715175152e-08	chr16	4.145193301967528e-06
14837029.857142856	1.3868989798068006e-08	chr16	3.809716755699364e-06
16673720.714285713	1.3016781660144125e-08	chr16	3.575621001815095e-06
18510411.57142857	1.2567747951211473e-08	chr16	3.452274509409941e-06
20347102.42857143	1.2445600149174052e-08	chr16	3.4187213426062106e-06
22183793.285714284	1.2482206476443496e-08	chr16	3.4287768506420186e-06
24020484.14285714	1.2345914425263222e-08	chr16	3.3913383552209277e-06
25857175.0	1.159519868038363e-08	chr16	3.185121868391186e-06
27693865.857142854	9.965563084036401e-09	chr16	2.7374721024397383e-06
29530556.714285713	7.629999701028413e-09	chr16	2.0959087958258046e-06
31367247.57142857	5.1230952378815116e-09	chr16	1.407279264962735e-06
33203938.428571425	2.993715008890087e-09	chr16	8.223530622789856e-07
35040629.28571428	1.520736794038073e-09	chr16	4.177360088665177e-07
36877320.14285714	6.875885537740602e-10	chr16	1.8887587866745978e-07
38714011.0	3.406810373801889e-10	chr16	9.358275370835938e-08
40550701.85714286	3.6653576231796867e-10	chr16	1.0068487002999507e-07
42387392.71428571	7.884222387452064e-10	chr16	2.1657420311406078e-07
44224083.57142857	1.75038284489815e-09	chr16	4.808182102798965e-07
46060774.428571425	3.391310387094888e-09	chr16	9.31569796618675e-07
47897465.28571428	5.671199032965114e-09	chr16	1.557839633266077e-06
49734156.14285714	8.274914418452352e-09	chr16	2.273062463161356e-06
51570847.0	1.0681272041038289e-08	chr16	2.93407246377781e-06
53407537.85714285	1.2357333470949741e-08	chr16	3.3944750890652406e-06
55244228.71428571	1.2967361679694308e-08	chr16	3.5620456707832537e-06
57080919.57142857	1.2506229854346158e-08	chr16	3.4353759084434036e-06
58917610.428571425	1.1286716144199275e-08	chr16	3.100383823006952e-06
60754301.28571428	9.758860737286013e-09	chr16	2.6806923798122813e-06
62590992.14285714	8.278795224418253e-09	chr16	2.2741284940496312e-06
64427683.0	7.02183558234549e-09	chr16	1.9288502669137547e-06
66264373.85714285	6.089364270533464e-09	chr16	1.6727067674561293e-06
68101064.71428572	5.644645962773706e-09	chr16	1.5505456862738048e-06
69937755.57142857	5.908455391548228e-09	chr16	1.623012334223447e-06
71774446.42857142	7.03973722996624e-09	chr16	1.9337677272254564e-06
73611137.28571428	9.041693942875326e-09	chr16	2.4836915604967894e-06
75447828.14285713	1.1747240306356886e-08	chr16	3.226886664419429e-06
77284519.0	1.4836989815947947e-08	chr16	4.075619748010182e-06
79121209.85714285	1.7867016355300486e-08	chr16	4.907947339655911e-06
80957900.71428572	2.030767712172028e-08	chr16	5.5783801795519225e-06
82794591.57142857	2.1574692360399394e-08	chr16	5.926420610383782e-06
84631282.42857142	2.1116620566061717e-08	chr16	5.800591417658828e-06
86467973.28571428	1.8682061879257155e-08	chr16	5.1318347773486e-06
88304664.14285713	1.4644461900672108e-08	chr16	4.0227336448804206e-06
90141355.0	9.994987792306352e-09	chr16	2.7455548687954548e-06
6888.0	1.0273202425681148e-08	chr17	2.821978528043972e-06
1660849.081632653	1.3922163312891155e-08	chr17	3.824323156982419e-06
3314810.163265306	1.688699818769319e-08	chr17	4.6387430437133615e-06
4968771.244897959	1.9018821277746122e-08	chr17	5.224340283643037e-06
6622732.326530612	2.054084901768292e-08	chr17	5.642430906529226e-06
8276693.408163265	2.160872363175918e-08	chr17	5.935768768151926e-06
9930654.489795918	2.2034596291212037e-08	chr17	6.05275307848272e-06
11584615.57142857	2.1404704926767547e-08	chr17	5.879726223583108e-06
13238576.653061224	1.943507261351432e-08	chr17	5.338681682082831e-06
14892537.734693877	1.628157053090916e-08	chr17	4.472436202191621e-06
16546498.81632653	1.2566313445698617e-08	chr17	3.451880460544952e-06
18200459.897959184	9.061386014050106e-09	chr17	2.4891008379280436e-06
19854420.979591835	6.2951425969533294e-09	chr17	1.7292326680109587e-06
21508382.06122449	4.442470188084228e-09	chr17	1.2203162132686139e-06
23162343.14285714	3.506658541937079e-09	chr17	9.632551467876192e-07
24816304.224489797	3.4935808041647742e-09	chr17	9.59662781558197e-07
26470265.30612245	4.404617521804823e-09	chr17	1.2099183444207593e-06
28124226.3877551	6.108740207478259e-09	chr17	1.6780292049739826e-06
29778187.469387755	8.214372923065835e-09	chr17	2.2564321279496856e-06
31432148.551020406	1.0081830132787682e-08	chr17	2.769409866488362e-06
33086109.63265306	1.1076997069384336e-08	chr17	3.0427754257880325e-06
34740070.71428572	1.0925476856078587e-08	chr17	3.00115385825768e-06
36394031.79591837	9.85228595335202e-09	chr17	2.706355648459366e-06
38047992.87755102	8.392306763752211e-09	chr17	2.30530933848475e-06
39701953.95918367	7.0776101697546335e-09	chr17	1.944171165067738e-06
41355915.04081632	6.248544876228836e-09	chr17	1.7164325924462458e-06
43009876.12244898	6.029435473512889e-09	chr17	1.6562447363001186e-06
44663837.20408163	6.358378550716031e-09	chr17	1.7466031525321856e-06
46317798.28571428	7.023240719357233e-09	chr17	1.92923624845211e-06
47971759.367346935	7.775616352681538e-09	chr17	2.1359086952985855e-06
49625720.448979594	8.498709554680524e-09	chr17	2.334537458294113e-06
51279681.530612245	9.210076346374927e-09	chr17	2.5299450564844153e-06
52933642.6122449	9.837982383676038e-09	chr17	2.7024265555799055e-06
54587603.69387755	1.011388632228712e-08	chr17	2.7782154827616465e-06
56241564.7755102	9.83952788481242e-09	chr17	2.702851094184444e-06
57895525.85714286	9.204878615896368e-09	chr17	2.5285172754286864e-06
59549486.93877551	8.702651304723208e-09	chr17	2.3905588638641498e-06
61203448.02040816	8.74498455333616e-09	chr17	2.4021875180712802e-06
62857409.10204081	9.438585458390067e-09	chr17	2.5927149485637455e-06
64511370.18367347	1.0680546059904752e-08	chr17	2.9338730417197492e-06
66165331.26530612	1.234616288396179e-08	chr17	3.3914066051281535e-06
67819292.34693877	1.4317288702476527e-08	chr17	3.932861402321335e-06
69473253.42857143	1.6372480753471045e-08	chr17	4.497408619303545e-06
71127214.51020408	1.817090909722937e-08	chr17	4.991424599911966e-06
72781175.59183674	1.938544021890555e-08	chr17	5.325048002332569e-06
74435136.67346938	1.9743556286243504e-08	chr17	5.423420039668167e-06
76089097.75510204	1.8924799318353248e-08	chr17	5.198513093680534e-06
77743058.8367347	1.6654426533239224e-08	chr17	4.5748571989781214e-06
79397019.91836734	1.3081206716285722e-08	chr17	3.593318124636809e-06
81050981.0	8.953362133954828e-09	chr17	2.459427415998498e-06
112535.0	1.362433831224359e-08	chr18	3.742512663806394e-06
1702372.693877551	1.8768206009039416e-08	chr18	5.15549798133209e-06
3292210.387755102	2.2969465459347676e-08	chr18	6.309555252692208e-06
4882048.081632653	2.547479462162316e-08	chr18	6.9977520591670925e-06
6471885.775510204	2.6086602823159343e-08	chr18	7.165811592745478e-06
8061723.469387755	2.4973579766121168e-08	chr18	6.860071762259139e-06
9651561.163265307	2.2392715271370046e-08	chr18	6.1511259159500884e-06
11241398.857142856	1.8659799992402848e-08	chr18	5.125719589105102e-06
12831236.551020408	1.4324802643092643e-08	chr18	3.934925430479358e-06
14421074.24489796	1.022209571435042e-08	chr18	2.807939863561539e-06
16010911.93877551	7.21447794699915e-09	chr18	1.981767808505777e-06
17600749.63265306	5.798235624095031e-09	chr18	1.5927357170372244e-06
19190587.326530613	5.87080358263678e-09	chr18	1.6126696395224738e-06
20780425.020408165	6.820401982385167e-09	chr18	1.8735178330376705e-06
22370262.714285713	7.874114260589868e-09	chr18	2.162965397742189e-06
23960100.408163264	8.484581595403589e-09	chr18	2.3306566043916415e-06
25549938.102040816	8.51675806995863e-09	chr18	2.3394952621480086e-06
27139775.795918368	8.149589067556329e-09	chr18	2.2386364453926366e-06
28729613.48979592	7.635758113943964e-09	chr18	2.0974905925168417e-06
30319451.183673467	7.141404223682406e-09	chr18	1.9616949558918162e-06
31909288.87755102	6.738424079289107e-09	chr18	1.8509990630645564e-06
33499126.57142857	6.45748856380656e-09	chr18	1.7738279960879269e-06
35088964.26530612	6.318787395440717e-09	chr18	1.7357277326331192e-06
36678801.95918367	6.343336197578613e-09	chr18	1.7424711208826455e-06
38268639.653061226	6.562214752785587e-09	chr18	1.8025955647950231e-06
39858477.346938774	7.007203801323132e-09	chr18	1.9248310166195216e-06
41448315.04081633	7.660403951843213e-09	chr18	2.1042606358271407e-06
43038152.73469388	8.387092840020896e-09	chr18	2.3038771092531086e-06
44627990.428571425	8.939579922308114e-09	chr18	2.4556415366081766e-06
46217828.12244898	9.097818916900369e-09	chr18	2.4991087074605994e-06
47807665.81632653	8.872292760530252e-09	chr18	2.4371582129197933e-06
49397503.510204084	8.58403657491618e-09	chr18	2.357976207866989e-06
50987341.20408163	8.701058211568829e-09	chr18	2.3901212520573782e-06
52577178.89795918	9.507605643948847e-09	chr18	2.6116743220461164e-06
54167016.591836736	1.0854135709246876e-08	chr18	2.9815569325685836e-06
55756854.28571428	1.2220922194042752e-08	chr18	3.3570038431514756e-06
57346691.97959184	1.3075183363970173e-08	chr18	3.5916635509024467e-06
58936529.67346939	1.3223298961433928e-08	chr18	3.6323498937186117e-06
60526367.367346935	1.2878244775066726e-08	chr18	3.5375658658573714e-06
62116205.06122449	1.245641881445274e-08	chr18	3.42169315605381e-06
63706042.75510204	1.2329216964061478e-08	chr18	3.3867516766924896e-06
65295880.448979594	1.2702334993030528e-08	chr18	3.4892446504067634e-06
66885718.14285714	1.3621438919873971e-08	chr18	3.7417162205287862e-06
68475555.8367347	1.4987868010315567e-08	chr18	4.11706495732399e-06
70065393.53061225	1.6509709714058443e-08	chr18	4.535104477338558e-06
71655231.2244898	1.7664706457903915e-08	chr18	4.852374192860252e-06
73245068.91836734	1.7810474901371872e-08	chr18	4.892415788507647e-06
74834906.6122449	1.646613192219143e-08	chr18	4.52313395560126e-06
76424744.30612245	1.3630632363363011e-08	chr18	3.744241596652983e-06
78014582.0	9.898415153666234e-09	chr18	2.7190270246679316e-06
261033.0	1.6265961539421334e-08	chr19	4.468148518858043e-06
1460972.7959183673	2.1570407255062457e-08	chr19	5.925243521220132e-06
2660912.5918367347	2.5384106376898614e-08	chr19	6.972840617850711e-06
3860852.387755102	2.7082154274506616e-08	chr19	7.439282775620446e-06
5060792.183673469	2.682320323568596e-08	chr19	7.368150694202502e-06
6260731.979591837	2.5205534748875644e-08	chr19	6.923788211491136e-06
7460671.775510204	2.284457096859156e-08	chr19	6.275247589260629e-06
8660611.57142857	2.025576411803054e-08	chr19	5.564120032066412e-06
9860551.367346939	1.7950822728522194e-08	chr19	4.9309683778818975e-06
11060491.163265307	1.642142716309802e-08	chr19	4.510853863665408e-06
12260430.959183674	1.592424749768577e-08	chr19	4.3742820059099205e-06
13460370.75510204	1.628881455731282e-08	chr19	4.474426086759321e-06
14660310.551020408	1.695522629699145e-08	chr19	4.657484839257798e-06
15860250.346938776	1.7213963923788528e-08	chr19	4.728558297850725e-06
17060190.14285714	1.649847532324198e-08	chr19	4.532018466925636e-06
18260129.93877551	1.4623761142009066e-08	chr19	4.017047287886686e-06
19460069.734693877	1.1874935081309031e-08	chr19	3.261963546790358e-06
20660009.530612245	8.852091649806108e-09	chr19	2.431609105801679e-06
21859949.326530613	6.1496022723825224e-09	chr19	1.6892537350662848e-06
23059889.12244898	4.132850684733312e-09	chr19	1.1352658507705742e-06
24259828.91836735	2.9658146520306034e-09	chr19	8.146890248425767e-07
25459768.714285713	2.754284086734263e-09	chr19	7.565830235630685e-07
26659708.51020408	3.5793629191714824e-09	chr19	9.83226542555837e-07
27859648.30612245	5.3764410049088335e-09	chr19	1.4768716165097774e-06
29059588.102040816	7.816270184917072e-09	chr19	2.147076025299267e-06
30259527.897959184	1.0353646216344875e-08	chr19	2.844075887811752e-06
31459467.69387755	1.2429793575685466e-08	chr19	3.4143793848467454e-06
32659407.48979592	1.3655712754625584e-08	chr19	3.7511310088036668e-06
33859347.28571428	1.3871569625683343e-08	chr19	3.810425416721981e-06
35059287.08163265	1.3159017021945207e-08	chr19	3.614692084063784e-06
36259226.87755102	1.1867796130801046e-08	chr19	3.2600025258534067e-06
37459166.67346939	1.0541048105170877e-08	chr19	2.8955539064926498e-06
38659106.469387755	9.662832685900417e-09	chr19	2.654314130083391e-06
39859046.26530612	9.425207574998155e-09	chr19	2.5890401353829712e-06
41058986.06122449	9.759853591119312e-09	chr19	2.680965109977906e-06
42258925.85714286	1.0558834414492064e-08	chr19	2.900439684161361e-06
43458865.653061226	1.1796299550672082e-08	chr19	3.24036290369935e-06
44658805.448979594	1.346500178793113e-08	chr19	3.6987440090372747e-06
45858745.24489796	1.550708998947071e-08	chr19	4.259691688089217e-06
47058685.04081633	1.785793575631354e-08	chr19	4.905452961145576e-06
48258624.8367347	2.0501604779246502e-08	chr19	5.631650782315946e-06
49458564.63265306	2.3412477020866013e-08	chr19	6.431247502341137e-06
50658504.428571425	2.6413972450888246e-08	chr19	7.255737793155518e-06
51858444.22448979	2.9074167426956956e-08	chr19	7.986475180760203e-06
53058384.02040816	3.0721878203163515e-08	chr19	8.439090075143857e-06
54258323.81632653	3.062360002330817e-08	chr19	8.412093730495403e-06
55458263.6122449	2.8310054797389452e-08	chr19	7.776578661223478e-06
56658203.408163264	2.3901731745395053e-08	chr19	6.5656424329728555e-06
57858143.20408163	1.8183193853478977e-08	chr19	4.994799138534118e-06
59058083.0	1.2313613147525994e-08	chr19	3.382465414882969e-06
752721.0	3.702828767768754e-09	chr1	1.0171417677457201e-06
5822475.897959184	5.185121150362011e-09	chr1	1.4243173594097738e-06
10892230.795918368	6.1195873673672405e-09	chr1	1.6810088456963774e-06
15961985.693877552	6.334562318655381e-09	chr1	1.7400609962785468e-06
21031740.591836736	5.9948962783050155e-09	chr1	1.6467570553206333e-06
26101495.48979592	5.425478765731971e-09	chr1	1.4903419544211883e-06
31171250.387755103	4.880659965980275e-09	chr1	1.340683951895064e-06
36241005.28571428	4.4250985737609086e-09	chr1	1.2155443494829533e-06
41310760.18367347	4.05628005793984e-09	chr1	1.1142324226596004e-06
46380515.08163266	3.867641594546737e-09	chr1	1.0624147253924066e-06
51450269.97959184	3.946673767752118e-09	chr1	1.0841243234874183e-06
56520024.87755102	4.156099321687299e-09	chr1	1.1416520925257676e-06
61589779.77551021	4.20469628440095e-09	chr1	1.155001346207682e-06
66659534.673469394	3.971334559351888e-09	chr1	1.090898474477099e-06
71729289.57142857	3.6314375226348773e-09	chr1	9.975310803952502e-07
76799044.46938775	3.4256965006182563e-09	chr1	9.410154271051582e-07
81868799.36734694	3.4009886826692616e-09	chr1	9.342283582985919e-07
86938554.26530613	3.4302021709696037e-09	chr1	9.422531039715423e-07
92008309.16326532	3.4193520706976178e-09	chr1	9.392726555460225e-07
97078064.06122449	3.4076693271041348e-09	chr1	9.360634856880396e-07
102147818.95918368	3.4502965150621294e-09	chr1	9.477728830252949e-07
107217573.85714287	3.4524378235227566e-09	chr1	9.483610858317249e-07
112287328.75510204	3.189512971563908e-09	chr1	8.761374250906279e-07
117357083.65306123	2.5404985818403697e-09	chr1	6.978576057800536e-07
122426838.55102041	1.6674813887332479e-09	chr1	4.5804574658774645e-07
127496593.4489796	9.019801409225589e-10	chr1	2.4776778310554613e-07
132566348.34693879	4.931113355834474e-10	chr1	1.3545431534308638e-07
137636103.24489796	5.264925373135429e-10	chr1	1.446239034247101e-07
142705858.14285713	1.0102103560379578e-09	chr1	2.774978838556037e-07
147775613.04081634	1.9012821264267746e-09	chr1	5.222692120927813e-07
152845367.9387755	3.016456467085445e-09	chr1	8.285999854938229e-07
157915122.8367347	4.00205993648933e-09	chr1	1.0993385256855873e-06
162984877.73469388	4.503213899796431e-09	chr1	1.2370020959235705e-06
168054632.63265306	4.419278826412767e-09	chr1	1.2139457046422713e-06
173124387.53061226	3.967941832408082e-09	chr1	1.0899665155620285e-06
178194142.42857143	3.4746493823453684e-09	chr1	9.544624493087168e-07
183263897.32653064	3.1529222720863893e-09	chr1	8.660862099025049e-07
188333652.2244898	3.0987804056919457e-09	chr1	8.512138090578174e-07
193403407.12244898	3.346217248022647e-09	chr1	9.191830193557392e-07
198473162.02040818	3.803119355060143e-09	chr1	1.0446909069697002e-06
203542916.91836736	4.227691393349686e-09	chr1	1.1613179455517335e-06
208612671.81632653	4.409491082679949e-09	chr1	1.211257078300892e-06
213682426.71428573	4.366521414500696e-09	chr1	1.1994536039864076e-06
218752181.6122449	4.3366057339157926e-09	chr1	1.1912359708897035e-06
223821936.51020408	4.597956012090844e-09	chr1	1.2630271069686183e-06
228891691.40816328	5.21606699423636e-09	chr1	1.4328179713248383e-06
233961446.30612245	5.8581159070362654e-09	chr1	1.6091844217070499e-06
239031201.20408165	5.934779929505287e-09	chr1	1.6302435049720926e-06
244100956.10204083	5.0849897823098804e-09	chr1	1.3968119566231597e-06
249170711.0	3.5450798191662933e-09	chr1	9.73809209179092e-07
69094.0	1.3785247883804967e-08	chr20	3.786713423908992e-06
1351490.3265306123	1.8181037585733366e-08	chr20	4.9942068265142925e-06
2633886.6530612246	2.169184323435531e-08	chr20	5.958601155178533e-06
3916282.979591837	2.3920859333800465e-08	chr20	6.570896650843459e-06
5198679.306122449	2.478527170399985e-08	chr20	6.808344823964268e-06
6481075.632653061	2.4441831020706452e-08	chr20	6.714004014375241e-06
7763471.959183674	2.324461183401309e-08	chr20	6.3851360822331444e-06
9045868.285714285	2.1621346387670876e-08	chr20	5.939236152972311e-06
10328264.612244898	1.9909185488647142e-08	chr20	5.468917250122396e-06
11610660.938775511	1.8327833275856165e-08	chr20	5.0345305998004465e-06
12893057.265306123	1.705442407391907e-08	chr20	4.684733790940056e-06
14175453.591836736	1.619983538868869e-08	chr20	4.449984116972684e-06
15457849.918367349	1.5686160528512005e-08	chr20	4.308881141897365e-06
16740246.24489796	1.522825369873353e-08	chr20	4.183097263809917e-06
18022642.57142857	1.44929784725292e-08	chr20	3.9811221819830145e-06
19305038.897959184	1.328753242284711e-08	chr20	3.6499943867772522e-06
20587435.224489797	1.1625894945736718e-08	chr20	3.1935539227913805e-06
21869831.55102041	9.665554593521797e-09	chr20	2.6550618195130914e-06
23152227.877551023	7.605919710724714e-09	chr20	2.089294186984585e-06
24434624.204081632	5.643639600501557e-09	chr20	1.5502692454323065e-06
25717020.530612245	3.9909934182828616e-09	chr20	1.096298628731859e-06
26999416.85714286	2.8648888127457118e-09	chr20	7.869653862355143e-07
28281813.18367347	2.3924192971296594e-09	chr20	6.571812378290904e-07
29564209.510204084	2.5202290829139606e-09	chr20	6.922897128899508e-07
30846605.836734697	3.0527173804483572e-09	chr20	8.385606106890979e-07
32129002.163265307	3.807584802124665e-09	chr20	1.0459175347739667e-06
33411398.48979592	4.733438901701784e-09	chr20	1.3002433312341568e-06
34693794.81632653	5.873445387384038e-09	chr20	1.6133953252398513e-06
35976191.14285714	7.242465203487822e-09	chr20	1.989455716676695e-06
37258587.469387755	8.767847133054017e-09	chr20	2.4084677125409424e-06
38540983.79591837	1.0324319312612188e-08	chr20	2.8360199876942996e-06
39823380.12244898	1.1778739678492815e-08	chr20	3.2355393267666875e-06
41105776.448979594	1.3013735873704559e-08	chr20	3.5747843450865197e-06
42388172.77551021	1.3970036785521708e-08	chr20	3.837473672880811e-06
43670569.10204082	1.4689273532272724e-08	chr20	4.035043093963935e-06
44952965.42857143	1.5292351152177342e-08	chr20	4.20070439640847e-06
46235361.755102046	1.5911616906347012e-08	chr20	4.3708124687512476e-06
47517758.08163266	1.665101969851833e-08	chr20	4.573921364753058e-06
48800154.408163264	1.757898363102877e-08	chr20	4.828826717907342e-06
50082550.73469388	1.8720227952029697e-08	chr20	5.1423187368191775e-06
51364947.06122449	2.0060308396251596e-08	chr20	5.510429680490677e-06
52647343.3877551	2.156823850720448e-08	chr20	5.924647780998695e-06
53929739.71428572	2.3183034887504265e-08	chr20	6.368221315671548e-06
55212136.04081633	2.47372947014925e-08	chr20	6.795165869115953e-06
56494532.36734694	2.5878300193362086e-08	chr20	7.108592283296898e-06
57776928.693877555	2.6076059006971733e-08	chr20	7.162915278465648e-06
59059325.02040817	2.478030043766687e-08	chr20	6.806979251062309e-06
60341721.34693878	2.1721305875152798e-08	chr20	5.966694341340439e-06
61624117.673469394	1.719719840058784e-08	chr20	4.723952923156122e-06
62906514.0	1.207578689496301e-08	chr20	3.3171361679423872e-06
14665973.0	1.2068373702483229e-08	chr21	3.315099814609185e-06
15348194.020408163	1.8710082900460434e-08	chr21	5.1395319604559676e-06
16030415.040816326	2.543053191261147e-08	chr21	6.985593395368957e-06
16712636.06122449	3.098517281830026e-08	chr21	8.511415307303996e-06
17394857.08163265	3.4673833581485306e-08	chr21	9.52466522097503e-06
18077078.102040816	3.645726802509513e-08	chr21	1.0014562479638974e-05
18759299.12244898	3.667059497639651e-08	chr21	1.0073161935882597e-05
19441520.14285714	3.5750564058632706e-08	chr21	9.82043572768721e-06
20123741.163265307	3.41659927128485e-08	chr21	9.38516480352256e-06
20805962.18367347	3.236127179479303e-08	chr21	8.88942029574054e-06
21488183.204081632	3.0573982291855426e-08	chr21	8.398464078613933e-06
22170404.224489797	2.8762224558786234e-08	chr21	7.90078660581753e-06
22852625.24489796	2.685754659661633e-08	chr21	7.37758458084374e-06
23534846.265306123	2.5051893621864704e-08	chr21	6.881584043454352e-06
24217067.285714287	2.369683460155385e-08	chr21	6.509358587252851e-06
24899288.306122452	2.2977858168321018e-08	chr21	6.311860672514919e-06
25581509.326530613	2.2881265012788818e-08	chr21	6.285327192537296e-06
26263730.346938774	2.341765404408261e-08	chr21	6.43266959525346e-06
26945951.36734694	2.4528523588851555e-08	chr21	6.737817870630512e-06
27628172.387755103	2.5662678175329814e-08	chr21	7.049362387900357e-06
28310393.408163264	2.5826347236623958e-08	chr21	7.094321160981923e-06
28992614.42857143	2.4435905996668217e-08	chr21	6.712376450746956e-06
29674835.448979594	2.2079942842691332e-08	chr21	6.065209466402763e-06
30357056.469387755	2.022004498663657e-08	chr21	5.554308230676985e-06
31039277.48979592	2.0060538293436157e-08	chr21	5.510492831676802e-06
31721498.510204084	2.166171587225015e-08	chr21	5.950325374614253e-06
32403719.530612245	2.4019688320735397e-08	chr21	6.5980442984340025e-06
33085940.55102041	2.5937243945980098e-08	chr21	7.1247837294845584e-06
33768161.571428575	2.6910235394431847e-08	chr21	7.392057833675997e-06
34450382.591836736	2.730815046462329e-08	chr21	7.501362385220538e-06
35132603.612244904	2.7784453205215144e-08	chr21	7.63219949434229e-06
35814824.63265306	2.8579369032593705e-08	chr21	7.850557441894939e-06
36497045.653061226	2.9414977336048855e-08	chr21	8.08009333464742e-06
37179266.673469394	2.996249810775111e-08	chr21	8.230493550410653e-06
37861487.69387755	3.027980415511203e-08	chr21	8.31765535403993e-06
38543708.71428572	3.0822948010054255e-08	chr21	8.466853260668774e-06
39225929.73469388	3.214544250635453e-08	chr21	8.830133464579315e-06
39908150.75510204	3.455309998772949e-08	chr21	9.491500527525518e-06
40590371.77551021	3.786917889806844e-08	chr21	1.040240475140053e-05
41272592.79591837	4.138506761034399e-08	chr21	1.1368195362926998e-05
41954813.81632653	4.403854379071438e-08	chr21	1.2097087143250784e-05
42637034.8367347	4.48156462013243e-08	chr21	1.231055186690408e-05
43319255.85714286	4.32776743743704e-08	chr21	1.1888081512231525e-05
44001476.87755102	3.991121798770062e-08	chr21	1.0963338939747003e-05
44683697.89795919	3.587209777714849e-08	chr21	9.853820209942473e-06
45365918.91836735	3.210200137646074e-08	chr21	8.818200482952496e-06
46048139.93877551	2.8575389293474626e-08	chr21	7.849464234745317e-06
46730360.95918368	2.4512283679673582e-08	chr21	6.733356878517375e-06
47412581.97959184	1.9375550104766835e-08	chr21	5.322331255540002e-06
48094803.0	1.3578723389864007e-08	chr21	3.729982556233337e-06
17087705.0	1.994361594966551e-08	chr22	5.47837506256281e-06
17784482.55102041	2.5983766898584088e-08	chr22	7.137563266757325e-06
18481260.102040816	2.9775581262421842e-08	chr22	8.17914876986488e-06
19178037.653061226	3.094954158780931e-08	chr22	8.501627651692161e-06
19874815.204081632	3.038889579211895e-08	chr22	8.347622081499045e-06
20571592.755102042	2.945075841268778e-08	chr22	8.089922151972475e-06
21268370.30612245	2.908448683194405e-08	chr22	7.989309850816248e-06
21965147.85714286	2.947261358415645e-08	chr22	8.095925618277893e-06
22661925.408163264	3.025878086113574e-08	chr22	8.311880398798949e-06
23358702.959183674	3.109390949070219e-08	chr22	8.541284528410952e-06
24055480.51020408	3.207944614930313e-08	chr22	8.812004716131546e-06
24752258.06122449	3.3669057083425734e-08	chr22	9.248659980786324e-06
25449035.612244897	3.5993884852756105e-08	chr22	9.88727428766013e-06
26145813.163265307	3.8228121948699194e-08	chr22	1.0501003955397372e-05
26842590.714285716	3.8756563683264564e-08	chr22	1.0646163289991804e-05
27539368.265306123	3.622993832115667e-08	chr22	9.952116562901538e-06
28236145.81632653	3.068897212231847e-08	chr22	8.43005099952371e-06
28932923.36734694	2.372813513179998e-08	chr22	6.51795662909131e-06
29629700.91836735	1.7521703578671602e-08	chr22	4.813092278816268e-06
30326478.469387755	1.3614002169482749e-08	chr22	3.7396733959982395e-06
31023256.02040816	1.2414727012443359e-08	chr22	3.4102407028468314e-06
31720033.57142857	1.3427744879376252e-08	chr22	3.688509790766608e-06
32416811.12244898	1.5699022735825632e-08	chr22	4.31241430238212e-06
33113588.673469387	1.8258164525835284e-08	chr22	5.0153930700908095e-06
33810366.22448979	2.0577133857746408e-08	chr22	5.652398104225701e-06
34507143.77551021	2.279907404419406e-08	chr22	6.262749894927183e-06
35203921.32653061	2.5366933015989067e-08	chr22	6.968123212923505e-06
35900698.87755102	2.8238441636588868e-08	chr22	7.756907015155313e-06
36597476.42857143	3.049563292048296e-08	chr22	8.376942041518068e-06
37294253.97959183	3.0890364218894216e-08	chr22	8.48537203270357e-06
37991031.530612245	2.8841725558678735e-08	chr22	7.922624987400843e-06
38687809.08163265	2.487038843110469e-08	chr22	6.8317258074506625e-06
39384586.63265306	2.0156154165464933e-08	chr22	5.536757858552053e-06
40081364.18367347	1.5889272279426463e-08	chr22	4.364674552376767e-06
40778141.73469388	1.3047142128026509e-08	chr22	3.5839608149439863e-06
41474919.28571428	1.2446032624834569e-08	chr22	3.4188401407158272e-06
42171696.8367347	1.461244337753288e-08	chr22	4.01393837529898e-06
42868474.3877551	1.9422039634388025e-08	chr22	5.335101611747713e-06
43565251.93877551	2.5856009130193705e-08	chr22	7.102469080519233e-06
44262029.48979592	3.224125491952106e-08	chr22	8.856452479962494e-06
44958807.04081632	3.7040811646779e-08	chr22	1.0174857926212902e-05
45655584.591836736	3.9749861063399676e-08	chr22	1.0919015294902802e-05
46352362.14285714	4.11214982008624e-08	chr22	1.1295794646637503e-05
47049139.69387755	4.2354649450297004e-08	chr22	1.1634532870955547e-05
47745917.24489796	4.3830685304482556e-08	chr22	1.2039989837005595e-05
48442694.79591837	4.451124126210335e-08	chr22	1.2226933909550816e-05
49139472.346938774	4.261688942289516e-08	chr22	1.1706568400014809e-05
49836249.89795919	3.7093702204257124e-08	chr22	1.0189386601046215e-05
50533027.448979594	2.861829452905586e-08	chr22	7.861250009865278e-06
51229805.0	1.926815897186276e-08	chr22	5.292831644941458e-06
118913.0	4.054410676780708e-09	chr2	1.1137189164253016e-06
5076567.0	5.647279181320433e-09	chr2	1.5512690134205508e-06
10034221.0	6.4107263294106126e-09	chr2	1.7609827297414912e-06
14991875.0	6.21144090546593e-09	chr2	1.7062403851422854e-06
19949529.0	5.511236705095485e-09	chr2	1.5138990745347919e-06
24907183.0	4.8749960487113455e-09	chr2	1.3391281125126353e-06
29864837.0	4.550248169156142e-09	chr2	1.249922088416227e-06
34822491.0	4.454305779227551e-09	chr2	1.223567369304406e-06
39780145.0	4.385334385336856e-09	chr2	1.2046213985599523e-06
44737799.0	4.199433644884716e-09	chr2	1.1535557350827108e-06
49695453.0	3.906505137163724e-09	chr2	1.0730902750646976e-06
54653107.0	3.674351523565295e-09	chr2	1.0093192632967535e-06
59610761.0	3.6686415656991394e-09	chr2	1.0077507768767793e-06
64568415.0	3.847068103222705e-09	chr2	1.0567633278673093e-06
69526069.0	3.965470536538741e-09	chr2	1.0892876674686347e-06
74483723.0	3.791267987942149e-09	chr2	1.0414354173814352e-06
79441377.0	3.279814967691581e-09	chr2	9.009427665559895e-07
84399031.0	2.5989492030937413e-09	chr2	7.139135921505265e-07
89356685.0	2.045922048139656e-09	chr2	5.620008105232142e-07
94314339.0	1.876969446474437e-09	chr2	5.155906849946303e-07
99271993.0	2.1206865324491524e-09	chr2	5.825381036319588e-07
104229647.0	2.5700146552786325e-09	chr2	7.059654695233716e-07
109187301.0	2.9950528109333606e-09	chr2	8.227205473614808e-07
114144955.0	3.317310657651436e-09	chr2	9.112425764474402e-07
119102609.0	3.565125991197549e-09	chr2	9.793157556966865e-07
124060263.0	3.7534539637597555e-09	chr2	1.0310481632536576e-06
129017917.0	3.84534462785977e-09	chr2	1.0562899009585145e-06
133975571.0	3.783673730980949e-09	chr2	1.0393493268720744e-06
138933225.0	3.559660760398915e-09	chr2	9.778144941303813e-07
143890879.0	3.2612440678809444e-09	chr2	8.958414672395207e-07
148848533.0	3.02535453801163e-09	chr2	8.310442247927522e-07
153806187.0	2.9507685500916947e-09	chr2	8.105559634228757e-07
158763841.0	3.070402686490594e-09	chr2	8.434186434470545e-07
163721495.0	3.34140646699819e-09	chr2	9.178615306717235e-07
168679149.0	3.6110327401115196e-09	chr2	9.919260260252146e-07
173636803.0	3.6732426015228776e-09	chr2	1.0090146499869686e-06
178594457.0	3.4546296335878842e-09	chr2	9.489631610839246e-07
183552111.0	3.107105239840146e-09	chr2	8.53500584129729e-07
188509765.0	2.8593726050906976e-09	chr2	7.854501216749944e-07
193467419.0	2.8272033315745086e-09	chr2	7.766134419948079e-07
198425073.0	3.0049460057381643e-09	chr2	8.254381403919775e-07
203382727.0	3.3626602937333373e-09	chr2	9.236998116867475e-07
208340381.0	3.879644999963386e-09	chr2	1.0657119788627084e-06
213298035.0	4.505898691074702e-09	chr2	1.2377395897473678e-06
218255689.0	5.144980023208183e-09	chr2	1.4132908659926467e-06
223213343.0	5.6952256127839984e-09	chr2	1.5644395706119751e-06
228170997.0	6.041936238118083e-09	chr2	1.6596786109419543e-06
233128651.0	5.961256157968128e-09	chr2	1.6375163440664482e-06
238086305.0	5.195271655687562e-09	chr2	1.4271056338825802e-06
243043959.0	3.789026149015119e-09	chr2	1.0408195995426278e-06
108226.0	5.701089888247542e-09	chr3	1.5660504470217775e-06
4142756.9795918367	7.458545791601311e-09	chr3	2.0488115781419628e-06
8177287.959183673	8.095040101237886e-09	chr3	2.223652216979807e-06
12211818.93877551	7.649717980390411e-09	chr3	2.1013252724670543e-06
16246349.918367347	6.763498231935427e-09	chr3	1.8578867615099727e-06
20280880.897959184	6.049551874643829e-09	chr3	1.6617705742716476e-06
24315411.87755102	5.666894134068002e-09	chr3	1.5566571069466615e-06
28349942.85714286	5.39986748604911e-09	chr3	1.4833067108480556e-06
32384473.836734693	5.001000838123977e-09	chr3	1.3737407674004876e-06
36419004.81632653	4.4289986788628155e-09	chr3	1.216615681712053e-06
40453535.79591837	3.8446060364264004e-09	chr3	1.056087014937233e-06
44488066.77551021	3.4928331534800514e-09	chr3	9.594574070224543e-07
48522597.75510204	3.5911890871495465e-09	chr3	9.86475110112504e-07
52557128.73469388	4.193236380557128e-09	chr3	1.1518533889066686e-06
56591659.71428572	5.077619703314885e-09	chr3	1.3947874462697111e-06
60626190.69387755	5.839085365928639e-09	chr3	1.6039568620661992e-06
64660721.67346939	6.146876141393447e-09	chr3	1.6885048855063292e-06
68695252.65306123	5.894473384423062e-09	chr3	1.6191715723800377e-06
72729783.63265306	5.1466042293327444e-09	chr3	1.4137370243197886e-06
76764314.6122449	4.073470215548541e-09	chr3	1.1189544415253222e-06
80798845.59183674	2.9451010442781647e-09	chr3	8.089991382917593e-07
84833376.57142857	2.0574874057013164e-09	chr3	5.651777352401428e-07
88867907.55102041	1.6012569097869803e-09	chr3	4.3985433461380434e-07
92902438.53061225	1.6065350232736277e-09	chr3	4.413041963327426e-07
96936969.51020408	1.9693563764707813e-09	chr3	5.409687435511178e-07
100971500.48979592	2.5095327753256587e-09	chr3	6.893515102640505e-07
105006031.46938775	3.0578400242450454e-09	chr3	8.399677659462487e-07
109040562.44897959	3.5246584257991363e-09	chr3	9.681995919237369e-07
113075093.42857143	3.888259722679861e-09	chr3	1.0680783843440385e-06
117109624.40816326	4.146601020369495e-09	chr3	1.1390429740385538e-06
121144155.3877551	4.3018165286315025e-09	chr3	1.1816796138500949e-06
125178686.36734694	4.366866186098241e-09	chr3	1.1995483103890499e-06
129213217.34693877	4.37488769968941e-09	chr3	1.2017517653759879e-06
133247748.3265306	4.388686361965682e-09	chr3	1.205542163641871e-06
137282279.30612245	4.47053547969754e-09	chr3	1.2280255571551974e-06
141316810.2857143	4.6009190765499044e-09	chr3	1.263841040534239e-06
145351341.26530612	4.639756938196309e-09	chr3	1.2745095358193428e-06
149385872.24489796	4.427890730258396e-09	chr3	1.2163113357990363e-06
153420403.2244898	3.970841405222345e-09	chr3	1.0907630084065475e-06
157454934.20408162	3.5160416824181887e-09	chr3	9.658326313796798e-07
161489465.18367347	3.409476927274195e-09	chr3	9.365600211066786e-07
165523996.16326532	3.8278756756197155e-09	chr3	1.0514912991120613e-06
169558527.14285713	4.634684912522797e-09	chr3	1.273116285014846e-06
173593058.12244898	5.5387230004907474e-09	chr3	1.5214493721155155e-06
177627589.10204083	6.383428588615387e-09	chr3	1.7534842268213437e-06
181662120.08163264	7.155184676648388e-09	chr3	1.9654803521845545e-06
185696651.0612245	7.685307741976833e-09	chr3	2.111101536854099e-06
189731182.04081634	7.55342178891841e-09	chr3	2.074873366488147e-06
193765713.02040815	6.459178712290871e-09	chr3	1.7742922683308263e-06
197800244.0	4.6257795465481674e-09	chr3	1.2706700418159428e-06
167596.0	4.8263382454453566e-09	chr4	1.3257621463466076e-06
4060843.5918367347	6.689974095253743e-09	chr4	1.8376901834215269e-06
7954091.183673469	7.661440921101174e-09	chr4	2.104545484198559e-06
11847338.775510203	7.613741745187636e-09	chr4	2.0914428464176755e-06
15740586.367346939	7.053761122261868e-09	chr4	1.937619994639066e-06
19633833.959183674	6.527663117682101e-09	chr4	1.7931044666611924e-06
23527081.551020406	6.1829338767922116e-09	chr4	1.698409699102802e-06
27420329.14285714	5.890246569496106e-09	chr4	1.6180104951938173e-06
31313576.734693877	5.550638111745713e-09	chr4	1.524722371782758e-06
35206824.32653061	5.145216424969835e-09	chr4	1.4133558039416651e-06
39100071.91836735	4.626952997392182e-09	chr4	1.2709923807467174e-06
42993319.510204084	3.992300343545252e-09	chr4	1.096657632173571e-06
46886567.10204081	3.431128112964757e-09	chr4	9.42507453912317e-07
50779814.69387755	3.192165739961981e-09	chr4	8.768661224479895e-07
54673062.28571428	3.2783058107171546e-09	chr4	9.005282114444663e-07
58566309.87755102	3.4390333613022192e-09	chr4	9.446789716282928e-07
62459557.469387755	3.4863529583380184e-09	chr4	9.576773416844406e-07
66352805.06122449	3.485066896750374e-09	chr4	9.573240693516575e-07
70246052.65306123	3.608855042972459e-09	chr4	9.913278274973974e-07
74139300.24489796	3.9134938969270616e-09	chr4	1.0750100396300773e-06
78032547.8367347	4.282061847432286e-09	chr4	1.1762531378728298e-06
81925795.42857143	4.530654983779118e-09	chr4	1.2445399742381078e-06
85819043.02040817	4.544975520332803e-09	chr4	1.2484737278029695e-06
89712290.6122449	4.3509951588474854e-09	chr4	1.1951886476214135e-06
93605538.20408162	4.08147228092177e-09	chr4	1.1211525542196469e-06
97498785.79591836	3.880188020920875e-09	chr4	1.0658611430102466e-06
101392033.3877551	3.825196344281025e-09	chr4	1.0507553050963688e-06
105285280.97959183	3.8939141298914105e-09	chr4	1.06963161137867e-06
109178528.57142857	3.96951752151235e-09	chr4	1.090399346595125e-06
113071776.1632653	3.92595554450195e-09	chr4	1.0784331690909043e-06
116965023.75510204	3.749338903963349e-09	chr4	1.0299177844383773e-06
120858271.34693877	3.55192217760765e-09	chr4	9.7568875830142e-07
124751518.93877551	3.465711970674998e-09	chr4	9.520074033761041e-07
128644766.53061225	3.560821795222175e-09	chr4	9.781334224650708e-07
132538014.12244898	3.829514024921051e-09	chr4	1.051941342473248e-06
136431261.7142857	4.1732149318611925e-09	chr4	1.1463536337203962e-06
140324509.30612245	4.4403844121502315e-09	chr4	1.2197432648678958e-06
144217756.89795917	4.558522120110321e-09	chr4	1.252194886222334e-06
148111004.48979592	4.599251871048576e-09	chr4	1.263383070572037e-06
152004252.08163264	4.663258595045298e-09	chr4	1.2809652804112643e-06
155897499.6734694	4.767508999555052e-09	chr4	1.3096021543748296e-06
159790747.26530612	4.8995432309152955e-09	chr4	1.3458710557773728e-06
163683994.85714287	5.113567682441527e-09	chr4	1.404662110567999e-06
167577242.4489796	5.5277417513465205e-09	chr4	1.518432897990695e-06
171470490.04081634	6.2553929054876245e-09	chr4	1.718313699303384e-06
175363737.63265306	7.280443140018142e-09	chr4	1.99988799640673e-06
179256985.2244898	8.281172879717327e-09	chr4	2.2747816197180503e-06
183150232.81632653	8.627964920326122e-09	chr4	2.3700430242678284e-06
187043480.40816325	7.788307420637755e-09	chr4	2.139394844970947e-06
190936728.0	5.858646070910396e-09	chr4	1.6093300541016185e-06
157856.0	5.9747981463866574e-09	chr5	1.641236235777e-06
3842243.285714286	7.885018946082697e-09	chr5	2.165960840354992e-06
7526630.571428572	8.696268847231055e-09	chr5	2.388805646390893e-06
11211017.857142858	8.308938946935924e-09	chr5	2.282408768707467e-06
14895405.142857144	7.232476212358554e-09	chr5	1.986711809050272e-06
18579792.42857143	6.141938755231418e-09	chr5	1.6871486192558876e-06
22264179.714285716	5.48996139827237e-09	chr5	1.5080548930863378e-06
25948567.0	5.3514635389013024e-09	chr5	1.4700104772235507e-06
29632954.285714287	5.4376617440040376e-09	chr5	1.4936885353281753e-06
33317341.571428575	5.296481105322469e-09	chr5	1.4549071783153932e-06
37001728.85714286	4.668724157100094e-09	chr5	1.2824666329713745e-06
40686116.14285714	3.725798057001355e-09	chr5	1.023451274590129e-06
44370503.42857143	2.9365910654606285e-09	chr5	8.066615052439413e-07
48054890.71428572	2.673120562517585e-09	chr5	7.342879579049364e-07
51739278.0	2.927705814530029e-09	chr5	8.042207875102234e-07
55423665.28571429	3.4023860053767396e-09	chr5	9.346121933009466e-07
59108052.571428575	3.8482067591744294e-09	chr5	1.0570761088788627e-06
62792439.85714286	4.265304547027152e-09	chr5	1.1716500219239937e-06
66476827.14285715	4.767347645856963e-09	chr5	1.3095578316162037e-06
70161214.42857143	5.321724263761105e-09	chr5	1.4618413014974467e-06
73845601.71428572	5.682398406414502e-09	chr5	1.5609160246474746e-06
77529989.0	5.5911247642002694e-09	chr5	1.5358437786396426e-06
81214376.28571428	5.033086614593565e-09	chr5	1.382554511012358e-06
84898763.57142858	4.268156661066283e-09	chr5	1.1724334781671843e-06
88583150.85714287	3.6122487087961723e-09	chr5	9.922600443163646e-07
92267538.14285715	3.2224955330381005e-09	chr5	8.851975094171459e-07
95951925.42857143	3.0890483089104145e-09	chr5	8.485404685538211e-07
99636312.71428572	3.156875841768744e-09	chr5	8.671722284866262e-07
103320700.0	3.3835086304386397e-09	chr5	9.294267073605562e-07
107005087.2857143	3.7051071353853127e-09	chr5	1.0177676197660062e-06
110689474.57142858	4.03019326667718e-09	chr5	1.1070665593038113e-06
114373861.85714287	4.289821847071808e-09	chr5	1.1783847567637042e-06
118058249.14285715	4.458798143861926e-09	chr5	1.2248013911812316e-06
121742636.42857143	4.527493238840596e-09	chr5	1.243671464502005e-06
125427023.71428572	4.500066706156126e-09	chr5	1.2361375833296849e-06
129111411.0	4.4360039595518594e-09	chr5	1.2185399844628665e-06
132795798.2857143	4.449575220985892e-09	chr5	1.222267917270807e-06
136480185.57142857	4.635817976960313e-09	chr5	1.273427530075643e-06
140164572.85714287	4.988702099075662e-09	chr5	1.37036238779905e-06
143848960.14285716	5.374194912595633e-09	chr5	1.476254630294845e-06
147533347.42857143	5.613036819870646e-09	chr5	1.5418628706466813e-06
151217734.71428573	5.664281538484677e-09	chr5	1.5559394447870826e-06
154902122.0	5.732558725566895e-09	chr5	1.5746947216635124e-06
158586509.2857143	6.132380646536994e-09	chr5	1.6845230720908722e-06
162270896.57142857	7.002000485055395e-09	chr5	1.923401701185663e-06
165955283.85714287	8.105503736405978e-09	chr5	2.2265265060813075e-06
169639671.14285716	8.874995056151088e-09	chr5	2.4379005150669176e-06
173324058.42857143	8.713759976041723e-09	chr5	2.393610339989801e-06
177008445.71428573	7.408295402089951e-09	chr5	2.035008139413605e-06
180692833.0	5.324205593689704e-09	chr5	1.4625229058783742e-06
183917.0	6.255634763285043e-09	chr6	1.7183801359881562e-06
3669585.714285714	8.198571355932335e-09	chr6	2.2520915454017635e-06
7155254.428571428	9.257828248783353e-09	chr6	2.5430621778732594e-06
10640923.142857142	9.39115598952027e-09	chr6	2.5796863974653545e-06
14126591.857142856	8.908650203823073e-09	chr6	2.447145354227399e-06
17612260.57142857	8.091538115589352e-09	chr6	2.222690245444916e-06
21097929.285714284	7.07382906451338e-09	chr6	1.943132521287448e-06
24583598.0	6.024825851380933e-09	chr6	1.6549785045897166e-06
28069266.714285713	5.272134290300612e-09	chr6	1.4482192745468288e-06
31554935.428571425	5.1174795444676716e-09	chr6	1.4057366723438725e-06
35040604.14285714	5.530610167981884e-09	chr6	1.5192208324457043e-06
38526272.85714286	6.095363558329195e-09	chr6	1.6743547308312878e-06
42011941.57142857	6.300321436684101e-09	chr6	1.7306552599073167e-06
45497610.28571428	5.900272016562505e-09	chr6	1.6207644170171325e-06
48983279.0	5.0199115271077116e-09	chr6	1.378935404481639e-06
52468947.71428571	3.966493707004948e-09	chr6	1.0895687254062208e-06
55954616.428571425	3.024861255007646e-09	chr6	8.309087233212722e-07
59440285.14285714	2.4031634937150954e-09	chr6	6.601325952353642e-07
62925953.85714285	2.2042452919436577e-09	chr6	6.05491124058581e-07
66411622.57142857	2.3543539269617914e-09	chr6	6.467249406760975e-07
69897291.28571428	2.6320947067536294e-09	chr6	7.230184355823647e-07
73382960.0	2.843301481470314e-09	chr6	7.810354938015193e-07
76868628.71428572	2.9690951405074917e-09	chr6	8.155901526175081e-07
80354297.42857142	3.136832897122032e-09	chr6	8.616665685095189e-07
83839966.14285713	3.4523912451164178e-09	chr6	9.4834829106169e-07
87325634.85714285	3.864627753919168e-09	chr6	1.0615868439601588e-06
90811303.57142857	4.215191617488605e-09	chr6	1.1578843425111515e-06
94296972.28571428	4.4308158313443096e-09	chr6	1.217114841085389e-06
97782641.0	4.6065095925334066e-09	chr6	1.2653767170849796e-06
101268309.7142857	4.840939893004288e-09	chr6	1.3297731191842851e-06
104753978.42857142	5.04426354798715e-09	chr6	1.385624738263719e-06
108239647.14285713	5.010850310273193e-09	chr6	1.3764463501161725e-06
111725315.85714285	4.6898294257697105e-09	chr6	1.2882641061006267e-06
115210984.57142857	4.303265526377483e-09	chr6	1.1820776436325237e-06
118696653.28571428	4.1562879616384404e-09	chr6	1.1417039106317091e-06
122182322.0	4.375844753787614e-09	chr6	1.2020146615989374e-06
125667990.7142857	4.862827460731901e-09	chr6	1.3357854845207286e-06
129153659.42857142	5.427545992744312e-09	chr6	1.4909098075598393e-06
132639328.14285713	5.901156082919974e-09	chr6	1.621007264006296e-06
136124996.85714284	6.1879324766388906e-09	chr6	1.6997827803342543e-06
139610665.57142857	6.336822796743513e-09	chr6	1.740681934167581e-06
143096334.28571427	6.540538837918778e-09	chr6	1.7966413390535996e-06
146582003.0	6.950457340643742e-09	chr6	1.9092431515172612e-06
150067671.7142857	7.500164257095133e-09	chr6	2.0602438863090937e-06
153553340.42857143	7.989605244869364e-09	chr6	2.1946899821818645e-06
157039009.14285713	8.280081178569873e-09	chr6	2.2744817368704723e-06
160524677.85714284	8.275525396955547e-09	chr6	2.273230294782468e-06
164010346.57142857	7.778233040958152e-09	chr6	2.136627481693053e-06
167496015.28571427	6.58861412658055e-09	chr6	1.8098472924371224e-06
170981684.0	4.815332850669013e-09	chr6	1.3227390395815884e-06
46239.0	4.749488075320246e-09	chr7	1.304651929592049e-06
3292631.7959183673	6.701686523496482e-09	chr7	1.8409075074498783e-06
6539024.591836735	8.182195315147533e-09	chr7	2.2475931588661728e-06
9785417.387755102	8.90891370260473e-09	chr7	2.4472177355427077e-06
13031810.18367347	8.95687043278214e-09	chr7	2.4603911217204723e-06
16278202.979591837	8.620314319018464e-09	chr7	2.367941456351395e-06
19524595.775510203	8.194332695049889e-09	chr7	2.250927214212492e-06
22770988.57142857	7.856750275986299e-09	chr7	2.158195629788424e-06
26017381.36734694	7.655024226810762e-09	chr7	2.102782862110699e-06
29263774.163265307	7.531285000431541e-09	chr7	2.068792541911613e-06
32510166.959183674	7.379267521122415e-09	chr7	2.0270343788070558e-06
35756559.75510204	7.12155060082362e-09	chr7	1.9562413013165576e-06
39002952.551020406	6.742539961899966e-09	chr7	1.852129667901346e-06
42249345.346938774	6.254866792305458e-09	chr7	1.7181691796062268e-06
45495738.14285714	5.650119554806293e-09	chr7	1.5520492446139598e-06
48742130.93877551	4.8953426767240626e-09	chr7	1.3447171922358628e-06
51988523.73469388	3.999836137592138e-09	chr7	1.0987276633197414e-06
55234916.530612245	3.102941346745943e-09	chr7	8.52356791141134e-07
58481309.32653061	2.4714842712112828e-09	chr7	6.788998461007366e-07
61727702.12244898	2.3484974333136494e-09	chr7	6.451162018778267e-07
64974094.91836735	2.7634015289987824e-09	chr7	7.590875226700689e-07
68220487.71428572	3.505316588132014e-09	chr7	9.628865212445213e-07
71466880.51020408	4.2903437417063764e-09	chr7	1.1785281176546538e-06
74713273.30612245	4.9108514502418146e-09	chr7	1.3489773463776705e-06
77959666.10204081	5.236831148569364e-09	chr7	1.438521742676043e-06
81206058.89795919	5.215043909555822e-09	chr7	1.4325369369519894e-06
84452451.69387755	4.9507656640566546e-09	chr7	1.3599415082506674e-06
87698844.48979592	4.6877678020567606e-09	chr7	1.2876977921500413e-06
90945237.28571428	4.613803208349063e-09	chr7	1.2673802235253992e-06
94191630.08163266	4.731470748733698e-09	chr7	1.2997026930586684e-06
97438022.87755102	4.938231052178657e-09	chr7	1.3564983359942105e-06
100684415.6734694	5.1343117042887e-09	chr7	1.4103603516628748e-06
103930808.46938775	5.211322231488169e-09	chr7	1.431514617410329e-06
107177201.26530612	5.049017200112051e-09	chr7	1.3869305340292851e-06
110423594.06122449	4.623505600392566e-09	chr7	1.270045404340778e-06
113669986.85714285	4.084614774129742e-09	chr7	1.1220157756368802e-06
116916379.65306123	3.6803948711108303e-09	chr7	1.010979329584202e-06
120162772.44897959	3.6216241044219746e-09	chr7	9.94835401449579e-07
123409165.24489796	3.994616819717225e-09	chr7	1.0972939523537023e-06
126655558.04081632	4.72176417229105e-09	chr7	1.2970363628174287e-06
129901950.8367347	5.582965403000989e-09	chr7	1.5336024578564208e-06
133148343.63265306	6.334460104915139e-09	chr7	1.7400329188623448e-06
136394736.42857143	6.869586284159701e-09	chr7	1.8870284247473792e-06
139641129.2244898	7.312444876576719e-09	chr7	2.0086786548291387e-06
142887522.02040815	7.950722468202696e-09	chr7	2.184009149047518e-06
146133914.81632653	8.938511904350066e-09	chr7	2.455348159370944e-06
149380307.6122449	9.935115498443092e-09	chr7	2.729108358670774e-06
152626700.40816328	1.015069416596738e-08	chr7	2.7883263459789073e-06
155873093.20408162	8.980652171561212e-09	chr7	2.4669238029052925e-06
159119486.0	6.631503755915798e-09	chr7	1.8216287806279198e-06
113565.0	6.680891243899676e-09	chr8	1.83519518620133e-06
3096563.0816326533	8.874319535892149e-09	chr8	2.4377149542664006e-06
6079561.1632653065	1.0143703954490617e-08	chr8	2.7864061826377666e-06
9062559.24489796	1.0469159211552043e-08	chr8	2.8758065185028976e-06
12045557.326530613	1.0329346695312146e-08	chr8	2.837400975378926e-06
15028555.408163266	1.0160089929244645e-08	chr8	2.7909072979668427e-06
18011553.48979592	1.001456412946233e-08	chr8	2.750932354882346e-06
20994551.571428575	9.685001983759976e-09	chr8	2.6604038847625254e-06
23977549.653061226	9.006867483509643e-09	chr8	2.4741249700155125e-06
26960547.734693877	8.014785198398926e-09	chr8	2.201606743407161e-06
29943545.816326533	6.897767801246902e-09	chr8	1.8947696949776808e-06
32926543.897959188	5.861167544784795e-09	chr8	1.610022685750226e-06
35909541.97959184	4.987389640634385e-09	chr8	1.3700018644308962e-06
38892540.06122449	4.209975278214145e-09	chr8	1.1564514497463093e-06
41875538.14285715	3.4753198892410792e-09	chr8	9.546466329726025e-07
44858536.2244898	2.9157411621157414e-09	chr8	8.009341792249407e-07
47841534.30612245	2.769402826422889e-09	chr8	7.607360380764137e-07
50824532.3877551	3.112313633543306e-09	chr8	8.549312943004129e-07
53807530.469387755	3.738361900301217e-09	chr8	1.0269024765184866e-06
56790528.55102041	4.331310983661669e-09	chr8	1.1897815391643886e-06
59773526.632653065	4.729807501729922e-09	chr8	1.2992458104687024e-06
62756524.71428572	5.011676483507427e-09	chr8	1.376673294259863e-06
65739522.795918375	5.322886754277155e-09	chr8	1.4621606297010015e-06
68722520.87755102	5.643208376126504e-09	chr8	1.550150791042259e-06
71705518.95918368	5.766393096900201e-09	chr8	1.5839887923394461e-06
74688517.04081634	5.524430242712431e-09	chr8	1.517523249190485e-06
77671515.12244898	4.9744941408441875e-09	chr8	1.3664595587302549e-06
80654513.20408164	4.345747210737535e-09	chr8	1.1937470721253882e-06
83637511.2857143	3.879243480165007e-09	chr8	1.0656016841169555e-06
86620509.36734694	3.749763430479888e-09	chr8	1.0300343989724454e-06
89603507.4489796	4.038528127603674e-09	chr8	1.109356088663225e-06
92586505.53061225	4.6743587601105595e-09	chr8	1.2840144199272546e-06
95569503.6122449	5.405300998317186e-09	chr8	1.4847992595506922e-06
98552501.69387756	5.8930246974811124e-09	chr8	1.618773627973353e-06
101535499.7755102	5.897909793896602e-09	chr8	1.620115530587622e-06
104518497.85714287	5.4328866042379226e-09	chr8	1.4923768370543537e-06
107501495.93877551	4.783520212287188e-09	chr8	1.3140003251365661e-06
110484494.02040817	4.37190650630763e-09	chr8	1.2009328519191384e-06
113467492.10204083	4.537778145853307e-09	chr8	1.2464966582001494e-06
116450490.18367347	5.368512626838683e-09	chr8	1.474693745214236e-06
119433488.26530613	6.6722719599417075e-09	chr8	1.8328275277781205e-06
122416486.34693879	8.088527981077518e-09	chr8	2.221863382057343e-06
125399484.42857143	9.271404453358631e-09	chr8	2.5467914685283324e-06
128382482.51020409	1.0057678938037269e-08	chr8	2.762775698272042e-06
131365480.59183675	1.048760804285611e-08	chr8	2.8808742864344863e-06
134348478.6734694	1.0617528588285696e-08	chr8	2.916562572750887e-06
137331476.75510204	1.0309074871590666e-08	chr8	2.8318324438834983e-06
140314474.8367347	9.283192709147027e-09	chr8	2.5500296218654834e-06
143297472.91836736	7.44892340260236e-09	chr8	2.0461683736164053e-06
146280471.0	5.146583767589799e-09	chr8	1.4137314036187796e-06
212908.0	7.308763818046396e-09	chr9	2.007667493196903e-06
3086684.1428571427	9.511546616718585e-09	chr9	2.612756880344394e-06
5960460.285714285	1.095867038246788e-08	chr9	3.010271893205233e-06
8834236.42857143	1.1565693731076445e-08	chr9	3.1770170603706844e-06
11708012.57142857	1.1534824338056994e-08	chr9	3.1685374489832093e-06
14581788.714285713	1.1099759590669723e-08	chr9	3.0490281348898146e-06
17455564.85714286	1.0415141688350362e-08	chr9	2.860968273883849e-06
20329341.0	9.593083943946735e-09	chr9	2.6351546271362546e-06
23203117.14285714	8.726625344727613e-09	chr9	2.397144368881921e-06
26076893.285714284	7.866839824813872e-09	chr9	2.160967159927642e-06
28950669.428571425	7.021496075865449e-09	chr9	1.9287570068029235e-06
31824445.57142857	6.168887672304572e-09	chr9	1.6945513026824663e-06
34698221.71428572	5.250350648779515e-09	chr9	1.4422354570293746e-06
37571997.85714286	4.197300640282038e-09	chr9	1.1529698132893343e-06
40445774.0	3.0285379362980523e-09	chr9	8.31918682555605e-07
43319550.14285714	1.900678605927116e-09	chr9	5.221034291342938e-07
46193326.28571428	1.010214378412261e-09	chr9	2.774989887743471e-07
49067102.428571425	4.486092339160091e-10	chr9	1.2322989201775564e-07
51940878.57142857	1.6981638066485776e-10	chr9	4.664739971913834e-08
54814654.71428571	7.312073632436748e-11	chr9	2.0085766765999314e-08
57688430.85714285	9.590268151724732e-11	chr9	2.6343811482481074e-08
60562207.0	2.559101229424609e-10	chr9	7.029676259930557e-08
63435983.14285714	6.456867933059616e-10	chr9	1.7736575130613933e-07
66309759.28571428	1.3839516410833463e-09	chr9	3.80162061756461e-07
69183535.42857143	2.527812688190423e-09	chr9	6.943728774542779e-07
72057311.57142857	3.988702928093113e-09	chr9	1.0956694467235295e-06
74931087.71428572	5.52499360144379e-09	chr9	1.5176779999855739e-06
77804863.85714285	6.844387388390401e-09	chr9	1.8801064602182255e-06
80678640.0	7.752267004339123e-09	chr9	2.12949478881297e-06
83552416.14285713	8.218188522187522e-09	chr9	2.257480246963296e-06
86426192.28571428	8.305174291997598e-09	chr9	2.281374643713016e-06
89299968.42857142	8.070944603440043e-09	chr9	2.217033348335881e-06
92173744.57142857	7.578043859075362e-09	chr9	2.0816368809619995e-06
95047520.71428572	6.97195883416993e-09	chr9	1.915149464907923e-06
97921296.85714285	6.476794477347958e-09	chr9	1.7791311986552106e-06
100795073.0	6.28756249406749e-09	chr9	1.7271504655294101e-06
103668849.14285713	6.475965998885981e-09	chr9	1.7789036212812068e-06
106542625.28571428	6.9746220797017205e-09	chr9	1.9158810402623456e-06
109416401.42857142	7.611487225617225e-09	chr9	2.0908235452927555e-06
112290177.57142857	8.171262157350457e-09	chr9	2.244589895105893e-06
115163953.7142857	8.479517527290049e-09	chr9	2.329265539474509e-06
118037729.85714285	8.48816852621881e-09	chr9	2.331641909783544e-06
120911506.0	8.330691099001677e-09	chr9	2.288383936286649e-06
123785282.14285713	8.302670417090348e-09	chr9	2.280686846380462e-06
126659058.28571428	8.713004822700397e-09	chr9	2.3934029045255414e-06
129532834.42857142	9.617609439843464e-09	chr9	2.6418916133205414e-06
132406610.57142857	1.0606256342243866e-08	chr9	2.9134661637661526e-06
135280386.7142857	1.0913694279682518e-08	chr9	2.9979172650108047e-06
138154162.85714287	9.928044953402922e-09	chr9	2.7271661282485397e-06
141027939.0	7.715081675080128e-09	chr9	2.1192802328859105e-06
